15
0 50
-25627.602948 0
-24661.922738 1 1
-25626.075843 1 2
-25234.728895 1 3
-25438.616908 1 4
-24627.838015 2 1 4
-21845.075988 1 5
-21556.579711 2 1 5
-21782.632627 2 4 5
-24872.789159 1 6
-23394.074831 1 7
-22956.107339 2 1 7
-23329.377335 2 4 7
-21525.670644 2 5 7
-25570.002713 1 9
-25381.932089 2 4 9
-21838.251964 2 5 9
-23333.147358 2 7 9
-23328.085913 3 4 7 9
-25611.463313 1 10
-25436.649558 2 4 10
-25563.163624 2 9 10
-25605.361152 1 11
-25561.110427 2 9 11
-25595.404473 2 10 11
-24993.475559 1 12
-24166.359204 2 1 12
-24807.474936 2 3 12
-24864.578532 2 4 12
-21360.61308 2 5 12
-24577.01736 2 6 12
-22705.235785 2 7 12
-21258.83884 3 5 7 12
-24962.410198 2 9 12
-24989.353379 2 10 12
-24856.97532 1 14
-24066.521885 2 1 14
-24690.821592 2 3 14
-24716.132993 2 4 14
-21618.166629 2 5 14
-24448.978167 2 6 14
-23190.551128 2 7 14
-21476.389976 3 5 7 14
-23154.97077 3 7 9 14
-24331.326421 2 12 14
-23801.955309 3 1 12 14
-24264.905655 3 4 12 14
-21259.874963 3 5 12 14
-22595.106543 3 7 12 14
-24318.549677 3 9 12 14
1 44
-31922.350606 0
-30956.670395 1 0
-31293.758985 1 3
-31376.263536 1 4
-30565.484644 2 0 4
-31158.880237 1 5
-30870.383959 2 0 5
-30930.395083 2 4 5
-27922.734519 1 6
-27876.523205 2 0 6
-31229.918101 1 7
-30791.950609 2 0 7
-31015.553717 2 4 7
-31809.29922 1 8
-31491.745949 1 9
-30597.286955 2 0 9
-31272.655564 2 3 9
-30976.290105 2 4 9
-30350.745631 3 0 4 9
-31129.303707 2 5 9
-27908.283145 2 6 9
-31885.660453 1 10
-31481.935707 2 9 10
-31543.984731 1 12
-30716.868376 2 0 12
-31111.058438 2 4 12
-31018.077671 2 5 12
-31059.262569 2 7 12
-31181.340253 2 9 12
-30516.406412 3 0 9 12
-30887.205638 3 4 9 12
-31498.454227 1 14
-30708.000792 2 0 14
-31161.442775 2 4 14
-31056.757944 2 5 14
-31112.868991 2 7 14
-31483.051067 2 8 14
-31156.677521 2 9 14
-30464.682299 3 0 9 14
-30905.356218 3 4 9 14
-31195.238522 2 12 14
-30665.86741 3 0 12 14
-31044.040146 3 4 12 14
-30949.365422 3 9 12 14
2 3
-2049.633727 0
-2048.106621 1 0
-2006.46814 1 8
3 29
-66241.953066 0
-65849.079013 1 0
-65613.361446 1 1
-38671.422067 1 4
-38501.670561 2 0 4
-65940.434567 1 5
-59381.686154 1 6
-37735.205811 2 4 6
-65471.803169 1 7
-38523.193682 2 4 7
-66226.914339 1 8
-66175.968008 1 9
-38661.220071 2 4 9
-66154.518951 1 10
-65849.043723 2 0 10
-38660.450591 2 4 10
-66135.3405 2 9 10
-66218.110424 1 11
-65900.362169 1 12
-65714.361546 2 0 12
-38517.849514 2 4 12
-65883.340266 2 10 12
-64209.84013 1 14
-64043.686402 2 0 14
-64111.538155 2 1 14
-38294.894801 2 4 14
-59380.691057 2 6 14
-64058.764278 2 7 14
-64169.92765 2 12 14
4 58
-27592.962276 0
-27403.976235 1 0
-27046.875206 1 1
-27012.790484 2 0 1
-22.431277 1 3
-27370.778627 1 5
-27308.335266 2 0 5
-21869.706817 1 6
-27057.4382 1 7
-26992.740704 2 0 7
-26843.073816 2 1 7
-27413.053482 1 8
-27268.437905 2 0 8
-27035.756424 2 1 8
-27554.249087 1 9
-27366.178463 2 0 9
-27038.793244 2 1 9
-21852.744823 2 6 9
-27530.088695 1 10
-27355.27494 2 0 10
-27029.920554 2 1 10
-27346.579337 2 5 10
-27039.204541 2 7 10
-27375.949764 2 8 10
-27504.459042 2 9 10
-27344.48139 3 0 9 10
-27522.206432 1 11
-27360.68134 2 0 11
-27393.753018 2 8 11
-27500.460806 2 9 11
-27464.63676 2 10 11
-27323.881699 3 0 10 11
-27374.845891 3 8 10 11
-27462.445056 3 9 10 11
-27438.86855 1 12
-27309.971523 2 0 12
-27005.942256 2 1 12
-27329.872278 2 5 12
-27337.425344 2 8 12
-27420.404694 2 9 12
-27389.938553 2 10 12
-27286.424702 3 0 10 12
-27401.431721 2 11 12
-27364.644255 3 10 11 12
-26906.347611 1 13
-25953.071181 1 14
-25812.228853 2 0 14
-25616.059729 2 1 14
-25827.232104 2 5 14
-21456.389629 2 6 14
-25652.07014 2 7 14
-25876.350686 2 8 14
-25908.737997 2 9 14
-25801.378903 3 0 9 14
-25952.839531 2 10 14
-25947.670203 2 12 14
-25894.791226 3 9 12 14
-25653.555456 2 13 14
5 51
-41415.465944 0
-37632.938984 1 0
-40651.995574 1 1
-37546.652548 2 0 1
-41113.947444 1 3
-41193.282295 1 4
-37537.298014 2 0 4
-39514.347641 1 6
-36782.302313 2 0 6
-17891.312725 1 7
-16022.908539 2 0 7
-41106.614998 1 8
-37479.251965 2 0 8
-37758.850752 1 9
-34027.100003 2 0 9
-37396.40851 2 1 9
-37600.212812 2 4 9
-37147.984386 2 6 9
-17740.309485 2 7 9
-37694.473808 2 8 9
-41393.082119 1 10
-41308.516447 1 11
-37604.651737 2 0 11
-41158.968695 2 4 11
-41089.82041 2 8 11
-37725.00305 2 9 11
-41299.122126 2 10 11
-40530.257642 1 12
-36897.395162 2 0 12
-40004.350581 2 1 12
-40421.26137 2 4 12
-17802.029467 2 7 12
-40382.718497 2 8 12
-37169.799813 2 9 12
-33569.250281 3 0 9 12
-40499.443653 2 11 12
-37912.289876 1 14
-34673.481185 2 0 14
-37470.593593 2 1 14
-37786.450799 2 4 14
-36823.30491 2 6 14
-37800.065042 2 8 14
-35023.346577 2 9 14
-31816.688812 3 0 9 14
-35013.036263 3 4 9 14
-37440.325942 2 12 14
-34368.874484 3 0 12 14
-37402.928843 3 1 12 14
-37419.495441 3 4 12 14
-34723.940587 3 9 12 14
-31758.61721 4 0 9 12 14
6 53
-76893.231142 0
-76138.417353 1 0
-72893.615055 1 1
-70032.96423 1 3
-69510.06549 2 1 3
-71169.975684 1 4
-70727.80702 2 0 4
-68173.426768 2 1 4
-74992.11284 1 5
-72786.832245 2 1 5
-70024.757367 2 4 5
-73937.506178 1 7
-71604.134858 2 1 7
-69172.033327 2 4 7
-76712.457133 1 8
-73336.873699 1 9
-72675.825894 2 0 9
-69753.410895 2 1 9
-67207.237259 2 3 9
-67635.369434 2 4 9
-67511.203967 3 0 4 9
-65462.304167 3 1 4 9
-72726.007333 2 5 9
-72372.450839 2 7 9
-76851.159045 1 10
-73313.555452 2 9 10
-76867.973719 1 11
-75491.994553 1 12
-75075.536354 2 0 12
-72064.746275 2 1 12
-70068.386696 2 4 12
-74615.911432 2 5 12
-73616.245263 2 7 12
-72338.39348 2 9 12
-72199.875149 3 0 9 12
-69689.263598 3 1 9 12
-67183.661376 3 4 9 12
-74722.975319 1 14
-74314.978165 2 0 14
-71247.598176 2 1 14
-69893.826246 2 3 14
-70226.293767 2 4 14
-68041.195995 3 1 4 14
-73633.990352 2 5 14
-72671.618949 2 7 14
-71269.811821 2 9 14
-71061.133908 3 0 9 14
-68476.555356 3 1 9 14
-67005.06687 3 4 9 14
-73703.777002 2 12 14
-71155.22073 3 1 12 14
-69605.180524 3 4 12 14
-70643.004629 3 9 12 14
7 72
-48651.787701 0
-46418.259583 1 0
-47959.355196 1 1
-46253.539797 2 0 1
-47881.637803 1 3
-48116.263625 1 4
-46007.024052 2 0 4
-47755.553806 2 1 4
-25127.634482 1 5
-24808.229139 2 0 5
-24821.999009 2 4 5
-45696.062737 1 6
-44343.790696 2 0 6
-25056.391396 2 5 6
-48208.176268 1 8
-46148.791955 2 0 8
-47901.353059 2 4 8
-39781.376829 1 9
-37544.521474 2 0 9
-39522.823564 2 1 9
-39386.449013 2 3 9
-39304.592359 2 4 9
-37250.746183 3 0 4 9
-19762.835561 2 5 9
-19656.249191 3 0 5 9
-19653.788076 3 4 5 9
-38816.953969 2 6 9
-39591.945217 2 8 9
-48616.677959 1 10
-39775.298221 2 9 10
-48512.882743 1 11
-46344.872774 2 0 11
-48056.634196 2 4 11
-48166.971354 2 8 11
-39708.507394 2 9 11
-48490.498816 2 10 11
-47344.598146 1 12
-45056.358372 2 0 12
-46859.875984 2 1 12
-46971.942817 2 4 12
-44988.873495 3 0 4 12
-24616.369971 2 5 12
-24514.595732 3 0 5 12
-45468.848856 2 6 12
-47063.593003 2 8 12
-38934.149913 2 9 12
-36717.162433 3 0 9 12
-38655.215592 3 4 9 12
-19603.963231 3 5 9 12
-47270.825626 2 11 12
-44945.821297 1 14
-43279.397105 2 0 14
-44560.236061 2 1 14
-44794.745445 2 3 14
-44644.820256 2 4 14
-43159.475378 3 0 4 14
-24934.039967 2 5 14
-24792.263314 3 0 5 14
-42894.464927 2 6 14
-42353.371871 3 0 6 14
-44710.694471 2 8 14
-36860.937577 2 9 14
-35158.724928 3 0 9 14
-36657.20003 3 4 9 14
-19659.900733 3 5 9 14
-44078.117627 2 12 14
-42341.897749 3 0 12 14
-44072.327424 3 1 12 14
-43914.968595 3 4 12 14
-24569.619931 3 5 12 14
-36334.411673 3 9 12 14
-34709.225091 4 0 9 12 14
8 21
-18047.339742 0
-17934.288356 1 1
-18004.174155 1 2
-18032.301014 1 3
-17867.430948 1 4
-17837.391853 2 2 4
-17738.488796 1 5
-17866.565732 1 6
-17603.728309 1 7
-17851.951207 1 9
-17812.099096 2 2 9
-17715.255361 2 4 9
-17707.085673 3 2 4 9
-15196.256568 1 13
-17877.315716 1 14
-17861.912556 2 1 14
-17845.923325 2 2 14
-17800.595222 2 4 14
-17797.642416 3 2 4 14
-17764.122036 2 9 14
-17747.435672 3 2 9 14
9 53
-20673.186078 0
-20615.585843 1 0
-20242.581421 1 1
-20607.20102 1 3
-20634.472889 1 4
-20577.78807 2 0 4
-20234.499458 2 1 4
-17016.570886 1 5
-17009.746861 2 0 5
-16986.994356 2 1 5
-17116.828634 1 6
-17102.37726 2 1 6
-17099.866639 2 4 6
-14750.465379 2 5 6
-11802.775205 1 7
-11741.847733 2 0 7
-11651.771965 2 5 7
-10237.719866 2 6 7
-20477.797543 1 8
-20456.770927 2 0 8
-20190.064579 2 1 8
-20663.749488 1 10
-20615.449799 2 0 10
-20630.419928 1 11
-20586.169203 2 0 11
-20608.674302 2 4 11
-20461.061164 2 8 11
-20624.102418 2 10 11
-20101.17117 1 12
-20070.105809 2 0 12
-19738.526692 2 1 12
-20082.707314 2 4 12
-16740.713342 2 5 12
-16947.570097 2 6 12
-11690.722937 2 7 12
-19925.00038 2 8 12
-20072.324967 2 11 12
-20069.348232 3 0 11 12
-19839.659669 1 14
-19497.882963 2 1 14
-19795.326486 2 4 14
-16950.71637 2 5 14
-16386.496172 2 6 14
-11754.77595 2 7 14
-11719.195591 3 0 7 14
-19726.465989 2 8 14
-19438.711712 2 12 14
-19425.934969 3 0 12 14
-19192.838612 3 1 12 14
-19385.832735 3 4 12 14
-16722.326358 3 5 12 14
-16377.939339 3 6 12 14
-19373.84634 3 8 12 14
10 19
-1080.101688 0
-1063.962052 1 0
-1043.411535 1 1
-992.667572 1 3
-1017.228107 1 4
-1015.260757 2 0 4
-1057.717864 1 5
-1038.029591 1 6
-1044.991946 1 7
-1070.665098 1 9
-1063.826008 2 0 9
-1076.467594 1 11
-1070.150084 2 9 11
-1065.651045 1 12
-1061.528866 2 0 12
-1016.721048 2 4 12
-853.953261 1 14
-853.721611 2 4 14
-842.296742 2 11 14
11 16
-5954.007279 0
-5931.765483 1 0
-5930.164637 1 3
-5883.251435 1 4
-5847.057782 1 5
-5928.749856 1 6
-5815.102322 1 7
-5911.24113 1 9
-5902.348843 2 0 9
-5857.452849 2 4 9
-5950.373185 1 10
-5910.726116 2 9 10
-5937.870079 1 12
-5909.023875 2 9 12
-5653.384194 1 14
-5641.727675 2 10 14
12 59
-18506.580316 0
-17872.452927 1 0
-18128.214441 1 1
-17632.650908 2 0 1
-18164.989419 1 3
-17737.73546 2 0 3
-18352.48659 1 4
-17778.448214 2 0 4
-18087.281492 2 1 4
-17621.372014 1 5
-17136.909105 2 0 5
-17480.569448 2 1 5
-17580.465665 2 4 5
-17105.343726 1 6
-16809.571927 2 0 6
-17199.390761 1 7
-16510.551715 2 0 7
-17028.735229 2 1 7
-17110.107503 2 5 7
-16878.129845 2 6 7
-17934.565409 1 9
-17326.972894 2 0 9
-17624.159713 2 1 9
-17246.09235 3 0 1 9
-17767.142609 2 3 9
-17800.721015 2 4 9
-17285.141313 3 0 4 9
-17345.51447 2 5 9
-16869.123172 3 0 5 9
-16936.08519 2 6 9
-17087.338493 2 7 9
-16499.613853 3 0 7 9
-18492.129673 1 10
-17870.01974 2 0 10
-18351.979531 2 4 10
-17930.504414 2 9 10
-18490.443116 1 11
-17932.348154 2 9 11
-18481.287117 2 10 11
-17842.311341 1 14
-17316.662441 2 0 14
-17539.095636 2 1 14
-17274.529059 3 0 1 14
-17802.39886 2 3 14
-17836.910363 2 4 14
-17370.347406 2 5 14
-17012.05574 3 0 5 14
-16823.113023 2 6 14
-16776.259502 3 0 6 14
-16974.60767 2 7 14
-16379.163085 3 0 7 14
-17441.363383 2 9 14
-16902.729641 3 0 9 14
-17234.051284 3 1 9 14
-17427.416613 3 4 9 14
-17141.957394 3 5 9 14
-16844.658039 4 0 5 9 14
-16814.556191 3 6 9 14
-16914.837479 3 7 9 14
13 5
-19070.573002 0
-18383.958337 1 4
-16219.489828 1 8
-15931.423457 2 4 8
-19059.675645 1 14
14 235
-17979.460954 0
-17208.833326 1 0
-17555.564574 1 1
-16960.163722 2 0 1
-15947.348017 1 3
-15403.440714 2 0 3
-16339.569859 1 4
-15617.085944 2 0 4
-16124.749097 2 1 4
-14476.284886 1 5
-14249.375528 2 0 5
-14374.162593 2 1 5
-12884.381527 2 3 5
-12932.738363 2 4 5
-12826.244989 3 0 4 5
-15809.20513 1 6
-15385.394138 2 0 6
-15808.210033 2 3 6
-15395.887942 2 4 6
-15181.966688 3 0 4 6
-13118.162399 2 5 6
-14273.49455 1 7
-14069.970848 2 0 7
-14156.44544 2 1 7
-12860.45566 2 3 7
-12868.12649 2 4 7
-12769.53727 3 0 4 7
-13007.607321 2 6 7
-17809.436928 1 8
-17074.680859 2 0 8
-17483.188775 2 1 8
-16272.734132 2 4 8
-17145.934545 1 9
-16433.115252 2 0 9
-16810.866117 2 1 9
-16300.510596 3 0 1 9
-15191.972873 2 3 9
-14837.843776 3 0 3 9
-15500.423455 2 4 9
-14868.315692 3 0 4 9
-15429.489567 3 1 4 9
-14410.43037 2 5 9
-14222.704062 3 0 5 9
-12913.246906 3 4 5 9
-15078.872668 2 6 9
-14818.423267 3 0 6 9
-14870.120891 3 4 6 9
-14225.495294 2 7 9
-14047.318706 3 0 7 9
-12853.031127 3 4 7 9
-17058.105374 2 8 9
-16416.499445 3 0 8 9
-17753.312527 1 10
-17009.674184 2 0 10
-17367.430765 2 1 10
-16806.171825 3 0 1 10
-15829.722635 2 3 10
-15333.972349 3 0 3 10
-16176.063363 2 4 10
-15479.608494 3 0 4 10
-16003.403744 3 1 4 10
-14308.669933 2 5 10
-14107.636109 3 0 5 10
-14264.496636 3 1 5 10
-12855.374944 3 3 5 10
-12826.963599 3 4 5 10
-12758.156794 4 0 4 5 10
-15671.70036 2 6 10
-15294.690021 3 0 6 10
-15302.482987 3 4 6 10
-15174.213062 4 0 4 6 10
-13086.402683 3 5 6 10
-14111.492581 2 7 10
-13929.834948 3 0 7 10
-14051.344721 3 1 7 10
-12841.348764 3 3 7 10
-12764.974632 3 4 7 10
-12709.408862 4 0 4 7 10
-12979.397135 3 6 7 10
-17592.207931 2 8 10
-16891.078847 3 0 8 10
-17324.756345 3 1 8 10
-16124.408387 3 4 8 10
-16937.130943 2 9 10
-16252.005318 3 0 9 10
-16641.502043 3 1 9 10
-16178.152436 4 0 1 9 10
-15100.512196 3 3 9 10
-14816.444325 4 0 3 9 10
-15354.460539 3 4 9 10
-14753.71136 4 0 4 9 10
-15337.814492 4 1 4 9 10
-14254.353148 3 5 9 10
-14100.83397 4 0 5 9 10
-14974.096981 3 6 9 10
-14775.845755 4 0 6 9 10
-14824.353693 4 4 6 9 10
-14071.702852 3 7 9 10
-13924.576738 4 0 7 9 10
-12763.134302 4 4 7 9 10
-16862.377346 3 8 9 10
-17678.837869 1 11
-16949.613722 2 0 11
-17309.075569 2 1 11
-16800.710052 3 0 1 11
-15824.026393 2 3 11
-16122.468636 2 4 11
-15454.198898 3 0 4 11
-16010.126267 3 1 4 11
-14318.071996 2 5 11
-14149.123473 3 0 5 11
-12880.686813 3 4 5 11
-15667.488057 2 6 11
-14123.349602 2 7 11
-13975.832703 3 0 7 11
-12830.328991 3 4 7 11
-17540.739464 2 8 11
-16866.234637 3 0 8 11
-16111.794451 3 4 8 11
-16890.314939 2 9 11
-16220.334806 3 0 9 11
-16631.960708 3 1 9 11
-15164.436873 3 3 9 11
-15330.48063 3 4 9 11
-14761.385 4 0 4 9 11
-14292.118816 3 5 9 11
-15024.399979 3 6 9 11
-14106.479342 3 7 9 11
-16848.553886 3 8 9 11
-17444.667017 2 10 11
-16747.812368 3 0 10 11
-17119.589703 3 1 10 11
-16655.856537 4 0 1 10 11
-15716.22026 3 3 10 11
-15954.993191 3 4 10 11
-15319.344318 4 0 4 10 11
-15899.360277 4 1 4 10 11
-14151.102835 3 5 10 11
-14016.102836 4 0 5 10 11
-12785.129561 4 4 5 10 11
-15535.480041 3 6 10 11
-13962.171086 3 7 10 11
-13844.427916 4 0 7 10 11
-12740.745426 4 4 7 10 11
-17321.900228 3 8 10 11
-16686.174862 4 0 8 10 11
-16676.567848 3 9 10 11
-16039.612811 4 0 9 10 11
-16468.449778 4 1 9 10 11
-15092.552782 4 3 9 10 11
-15183.875346 4 4 9 10 11
-14653.273882 5 0 4 9 10 11
-14142.376834 4 5 9 10 11
-14935.239725 4 6 9 10 11
-13959.186672 4 7 9 10 11
-16656.513148 4 8 9 10 11
-17315.191978 1 12
-16653.04284 2 0 12
-16966.445769 2 1 12
-16602.041874 3 0 1 12
-15584.757459 2 3 12
-15324.373843 3 0 3 12
-15823.993632 2 4 12
-15224.320755 3 0 4 12
-15756.97534 3 1 4 12
-14225.260278 2 5 12
-14124.522162 3 0 5 12
-12822.227703 3 4 5 12
-15526.974427 2 6 12
-15352.081713 3 0 6 12
-15360.78746 3 4 6 12
-14048.71146 2 7 12
-13938.582217 3 0 7 12
-12767.019411 3 4 7 12
-17177.343478 2 8 12
-16593.514337 3 0 8 12
-16652.73252 2 9 12
-16008.871999 3 0 9 12
-16420.757689 3 1 9 12
-15041.166831 3 3 9 12
-15127.119053 3 4 9 12
-14610.114305 4 0 4 9 12
-14206.873294 3 5 9 12
-14957.343669 3 6 9 12
-16626.189439 3 8 9 12
-17106.921121 2 10 12
-16475.831822 3 0 10 12
-16807.04125 3 1 10 12
-15506.201089 3 3 10 12
-15675.880199 3 4 10 12
-15114.630294 4 0 4 10 12
-14076.914947 3 5 10 12
-14022.556643 4 0 5 10 12
-12749.484051 4 4 5 10 12
-15431.18455 3 6 10 12
-13908.247503 3 7 10 12
-13837.80025 4 0 7 10 12
-12701.219044 4 4 7 10 12
-16984.553335 3 8 10 12
-16449.356715 4 0 8 10 12
-16460.937886 3 9 10 12
-15854.806451 4 0 9 10 12
-16292.123551 4 1 9 10 12
-15008.801793 4 3 9 10 12
-15002.949057 4 4 9 10 12
-14536.514999 5 0 4 9 10 12
-14908.147353 4 6 9 10 12
-16460.731801 4 8 9 10 12
-17051.44012 2 11 12
-16450.722963 3 0 11 12
-16791.524172 3 1 11 12
-15576.721241 3 3 11 12
-15655.625138 3 4 11 12
-15153.054364 4 0 4 11 12
-14123.095204 3 5 11 12
-15515.817046 3 6 11 12
-13958.814341 3 7 11 12
-16969.832469 3 8 11 12
-16441.718056 3 9 11 12
-15874.901821 4 0 9 11 12
-16344.053427 4 1 9 11 12
-15024.837416 4 4 9 11 12
-16839.058698 3 10 11 12
-16278.141749 4 0 10 11 12
-16637.69311 4 1 10 11 12
-15509.606418 4 4 10 11 12
-15057.343088 5 0 4 10 11 12
-13982.022372 4 5 10 11 12
-13827.252236 4 7 10 11 12
-16780.625386 4 8 10 11 12
-16251.189674 4 9 10 11 12
-15731.802075 5 0 9 10 11 12
-16230.435521 5 1 9 10 11 12
-14909.455677 5 4 9 10 11 12
-17968.563597 1 13