15
0 43
-25627.296246 0
-24666.407906 1 1
-25216.668723 1 3
-25437.473892 1 4
-24642.353286 2 1 4
-21847.239177 1 5
-21689.159438 2 1 5
-21784.56205 2 4 5
-24860.039684 1 6
-23392.168407 1 7
-23025.050313 2 1 7
-23314.937009 2 4 7
-21671.359598 2 5 7
-25569.290411 1 9
-25377.406035 2 4 9
-21838.927982 2 5 9
-23343.300654 2 7 9
-25620.775408 1 10
-25610.853321 1 11
-24993.983797 1 12
-24191.034505 2 1 12
-24762.387667 2 3 12
-24860.844803 2 4 12
-21371.958547 2 5 12
-24559.671476 2 6 12
-22703.756045 2 7 12
-24961.455569 2 9 12
-24851.597977 3 4 9 12
-24856.491679 1 14
-24078.528818 2 1 14
-24668.166587 2 3 14
-24713.525672 2 4 14
-21625.995228 2 5 14
-24427.302216 2 6 14
-23188.223388 2 7 14
-24855.605866 2 9 14
-23180.825853 3 7 9 14
-24331.134621 2 12 14
-23858.648376 3 1 12 14
-24258.022543 3 4 12 14
-21315.197782 3 5 12 14
-22621.193783 3 7 12 14
-24314.375445 3 9 12 14
1 33
-31923.613591 0
-30962.725251 1 0
-31335.067774 1 3
-31379.958932 1 4
-30584.838326 2 0 4
-31190.709714 1 5
-31065.344073 2 4 5
-28013.353829 1 6
-31235.857066 1 7
-30868.738972 2 0 7
-31052.415892 2 4 7
-31831.065307 1 8
-31493.412663 1 9
-30605.25434 2 0 9
-30983.633977 2 4 9
-30385.421679 3 0 4 9
-31555.085453 1 12
-30752.136161 2 0 12
-31146.139093 2 4 12
-31119.221678 2 7 12
-31197.313594 2 9 12
-30593.866776 3 0 9 12
-30959.627341 3 4 9 12
-31503.345779 1 14
-30725.382918 2 0 14
-31178.137598 2 4 14
-31143.229836 2 5 14
-31148.612436 2 7 14
-31165.454471 2 9 14
-30497.203351 3 0 9 14
-30944.133196 3 4 9 14
-31221.990516 2 12 14
-30997.600087 3 9 12 14
2 2
-2050.575709 0
-2032.683595 1 8
3 17
-66237.24717 0
-65826.619647 1 0
-65648.701353 1 1
-38810.952127 1 4
-65926.032358 1 5
-59287.835766 1 6
-65400.175142 1 7
-66212.585746 1 8
-66160.53622 1 9
-65884.946433 1 12
-65653.350302 2 0 12
-64202.874095 1 14
-64014.549003 2 0 14
-38582.877594 2 4 14
-64015.017 2 7 14
-64201.682411 2 9 14
-64152.439394 2 12 14
4 46
-27592.548971 0
-27402.726616 1 0
-27048.894312 1 1
-27024.839692 2 0 1
-166.253929 1 3
-27371.434583 1 5
-27308.757456 2 0 5
-21857.399303 1 6
-27051.81248 1 7
-26974.581082 2 0 7
-26868.371306 2 1 7
-27414.311327 1 8
-27270.022723 2 0 8
-27553.135054 1 9
-27361.250678 2 0 9
-27043.356368 2 1 9
-21824.406673 2 6 9
-27538.43591 1 10
-27389.671712 2 0 10
-27520.433039 2 9 10
-27527.492512 1 11
-27377.812658 2 0 11
-27510.456086 2 9 11
-27512.314903 2 10 11
-27438.618497 1 12
-27305.479503 2 0 12
-27029.672137 2 1 12
-27331.212115 2 5 12
-27048.087363 2 7 12
-27340.105306 2 8 12
-27417.865618 2 9 12
-27426.080993 2 10 12
-27421.101001 2 11 12
-26925.293994 1 13
-25952.504358 1 14
-25809.538351 2 0 14
-25627.296177 2 1 14
-25831.386975 2 5 14
-21438.758094 2 6 14
-25643.94447 2 7 14
-25881.046429 2 8 14
-25907.173552 2 9 14
-25792.381066 3 0 9 14
-25947.201197 2 12 14
-25893.041968 3 9 12 14
-25787.222335 2 13 14
5 39
-41415.841526 0
-37635.784456 1 0
-40682.937649 1 1
-41104.626715 1 3
-41194.727138 1 4
-37541.815297 2 0 4
-39496.078744 1 6
-36815.590855 2 0 6
-17948.652657 1 7
-16227.843848 2 0 7
-41121.932157 1 8
-37566.034789 2 0 8
-37758.715491 1 9
-34028.353062 2 0 9
-37468.117654 2 1 9
-37596.604591 2 4 9
-37120.231809 2 6 9
-17860.920793 2 7 9
-37715.426727 2 8 9
-41333.652078 1 11
-40533.759653 1 12
-36911.734403 2 0 12
-40177.85734 2 1 12
-40426.35327 2 4 12
-40462.708065 2 8 12
-37175.284298 2 9 12
-33606.887543 3 0 9 12
-37914.248257 1 14
-34683.751807 2 0 14
-37554.132314 2 1 14
-37793.130875 2 4 14
-36861.630881 2 6 14
-37854.128343 2 8 14
-35023.505058 2 9 14
-31837.330758 3 0 9 14
-35023.178372 3 4 9 14
-37453.134644 2 12 14
-34437.197805 3 0 12 14
-34744.71724 3 9 12 14
6 45
-76888.114237 0
-76120.857674 1 0
-72977.854475 1 1
-69938.702833 1 3
-71152.96457 1 4
-70664.370132 2 0 4
-68519.065386 2 1 4
-74968.351455 1 5
-70032.897134 2 4 5
-73881.367217 1 7
-72396.554257 2 1 7
-69007.093862 2 4 7
-76698.614462 1 8
-73326.772409 1 9
-72638.046551 2 0 9
-69953.283202 2 1 9
-67134.376743 2 3 9
-67598.044028 2 4 9
-67426.823343 3 0 4 9
-66403.831438 3 1 4 9
-72688.288726 2 5 9
-72374.090125 2 7 9
-75480.014926 1 12
-75045.702604 2 0 12
-72480.965792 2 1 12
-70018.103536 2 4 12
-74675.86303 2 5 12
-73532.451736 2 7 12
-72316.391716 2 9 12
-72196.185056 3 0 9 12
-67145.585201 3 4 9 12
-74711.826304 1 14
-74282.636841 2 0 14
-71420.531785 2 1 14
-69926.163679 2 3 14
-70198.08004 2 4 14
-73659.208928 2 5 14
-72608.603476 2 7 14
-71251.845059 2 9 14
-71026.498294 3 0 9 14
-68949.370119 3 1 9 14
-66976.991787 3 4 9 14
-73680.52367 2 12 14
-69611.124772 3 4 12 14
-70642.139965 3 9 12 14
7 62
-48650.385812 0
-46415.257973 1 0
-47962.629287 1 1
-46321.271694 2 0 1
-47813.313785 1 3
-46398.46419 2 0 3
-48109.649322 1 4
-45987.112439 2 0 4
-47782.106281 2 1 4
-25183.196943 1 5
-25007.317365 2 0 5
-24993.087225 2 4 5
-45643.638792 1 6
-44264.531745 2 0 6
-48204.202484 1 8
-46158.743313 2 0 8
-47869.629401 2 4 8
-39782.421229 1 9
-37556.431471 2 0 9
-39588.129596 2 1 9
-39382.070889 2 3 9
-39309.511038 2 4 9
-37282.951521 3 0 4 9
-19884.62653 2 5 9
-38829.738945 2 6 9
-39613.337549 2 8 9
-48640.553098 1 10
-48527.494036 1 11
-46404.945211 2 0 11
-48103.499752 2 4 11
-39752.882344 2 9 11
-47342.267702 1 12
-45052.03995 2 0 12
-46906.403927 2 1 12
-47263.794194 2 3 12
-46951.736567 2 4 12
-44965.330393 3 0 4 12
-24816.125443 2 5 12
-45394.704512 2 6 12
-47078.690353 2 8 12
-38946.485273 2 9 12
-36773.847371 3 0 9 12
-38687.328789 3 4 9 12
-47327.145081 2 11 12
-44944.129708 1 14
-43275.861417 2 0 14
-44589.396365 2 1 14
-44756.272613 2 3 14
-44635.56982 2 4 14
-43142.99389 3 0 4 14
-25061.861797 2 5 14
-42840.90688 2 6 14
-42492.228423 3 0 6 14
-44711.967131 2 8 14
-36867.014848 2 9 14
-35192.234834 3 0 9 14
-36684.412223 3 4 9 14
-44076.209897 2 12 14
-42366.269059 3 0 12 14
-43905.426381 3 4 12 14
-36374.451443 3 9 12 14
-34928.302504 4 0 9 12 14
8 14
-18048.011059 0
-17955.462775 1 1
-18030.118945 1 2
-18023.349635 1 3
-17869.773415 1 4
-17754.101689 1 5
-17858.511283 1 6
-17601.82773 1 7
-17853.150674 1 9
-17714.868278 2 4 9
-15648.15542 1 13
-17879.706193 1 14
-17808.248264 2 4 14
-17767.122235 2 9 14
9 48
-20672.960278 0
-20614.954443 1 0
-20242.75935 1 1
-20596.249328 1 3
-20633.546361 1 4
-20573.478505 2 0 4
-20237.221406 2 1 4
-17015.834243 1 5
-17007.523048 2 0 5
-17111.61845 1 6
-17078.625819 2 4 6
-14735.771515 2 5 6
-11804.995694 1 7
-11756.127941 2 0 7
-11717.26383 2 5 7
-10297.718603 2 6 7
-20478.099894 1 8
-20456.258022 2 0 8
-20217.610523 2 1 8
-20667.801399 1 10
-20633.149486 1 11
-20595.702338 2 0 11
-20616.11306 2 4 11
-20101.092451 1 12
-20068.564222 2 0 12
-19743.320591 2 1 12
-20080.339572 2 4 12
-16742.617096 2 5 12
-16937.469241 2 6 12
-11705.310022 2 7 12
-19928.757054 2 8 12
-20083.37899 2 11 12
-19839.213655 1 14
-19838.327843 2 0 14
-19501.322348 2 1 14
-19838.021972 2 3 14
-19793.882849 2 4 14
-16948.470456 2 5 14
-16379.232411 2 6 14
-11762.098795 2 7 14
-11754.70126 3 0 7 14
-19726.629697 2 8 14
-19438.462073 2 12 14
-19421.702897 3 0 12 14
-19214.071644 3 1 12 14
-19384.302844 3 4 12 14
-16730.044669 3 5 12 14
-19383.171058 3 8 12 14
10 7
-1081.274375 0
-1074.753536 1 0
-1027.161313 1 4
-1071.44166 1 7
-1076.115496 1 9
-1076.918104 1 12
-862.160418 1 14
11 9
-5954.74769 0
-5938.304764 1 0
-5889.691231 1 4
-5872.558242 1 5
-5831.855914 1 7
-5914.936898 1 9
-5872.25793 2 4 9
-5946.49465 1 12
-5656.938666 1 14
12 48
-18506.409515 0
-17873.097066 1 0
-18137.881378 1 1
-17662.507977 2 0 1
-18154.108778 1 3
-17699.827721 2 0 3
-18352.479041 1 4
-17775.849953 2 0 4
-18118.659202 2 1 4
-17624.327642 1 5
-17149.047012 2 0 5
-17584.105173 2 4 5
-17098.310204 1 6
-16797.941996 2 0 6
-17198.291405 1 7
-16509.879043 2 0 7
-17081.656017 2 1 7
-17194.566287 2 4 7
-16849.375924 2 6 7
-17934.541688 1 9
-17326.706846 2 0 9
-17638.442618 2 1 9
-17315.319281 3 0 1 9
-17741.373616 2 3 9
-17799.272252 2 4 9
-17273.464193 3 0 4 9
-17351.110494 2 5 9
-16905.241327 3 0 5 9
-16924.160995 2 6 9
-17098.605733 2 7 9
-18502.053244 1 10
-18498.156475 1 11
-17842.566537 1 14
-17317.209479 2 0 14
-17561.211275 2 1 14
-17792.131836 2 3 14
-17837.263377 2 4 14
-17381.452924 2 5 14
-17070.655478 3 0 5 14
-16811.263904 2 6 14
-16974.646726 2 7 14
-16407.617121 3 0 7 14
-17441.814955 2 9 14
-16900.584533 3 0 9 14
-17273.960571 3 1 9 14
-17427.683371 3 4 9 14
-17163.027137 3 5 9 14
-16949.25155 3 7 9 14
13 4
-19081.920816 0
-18414.665839 1 4
-16682.065177 1 8
-19080.225286 1 14
14 130
-17979.235153 0
-17208.430585 1 0
-17558.967341 1 1
-16971.088253 2 0 1
-15944.862078 1 3
-15396.359941 2 0 3
-16339.19054 1 4
-15615.24232 2 0 4
-16137.369206 2 1 4
-14477.641884 1 5
-14256.397935 2 0 5
-14430.162006 2 1 5
-12992.437093 2 3 5
-12937.594276 2 4 5
-12878.760135 3 0 4 5
-15802.947219 1 6
-15370.209751 2 0 6
-15384.30601 2 4 6
-15188.406673 3 0 4 6
-13168.499357 2 5 6
-14272.979048 1 7
-14069.03403 2 0 7
-14185.734418 2 1 7
-12887.820906 2 3 7
-12865.111038 2 4 7
-12771.123771 3 0 4 7
-13000.215307 2 6 7
-17810.930287 1 8
-17082.467834 2 0 8
-17518.468347 2 1 8
-16277.665389 2 4 8
-17145.48853 1 9
-16431.803986 2 0 9
-16817.530338 2 1 9
-16323.752996 3 0 1 9
-15186.634721 2 3 9
-14842.392646 3 0 3 9
-15499.527028 2 4 9
-14862.934373 3 0 4 9
-15460.026247 3 1 4 9
-14410.278097 2 5 9
-14240.781681 3 0 5 9
-12926.100809 3 4 5 9
-15070.561181 2 6 9
-14820.255729 3 0 6 9
-14878.474787 3 4 6 9
-14230.082149 2 7 9
-14067.607348 3 0 7 9
-17059.460091 2 8 9
-16427.326254 3 0 8 9
-17760.121196 1 10
-17033.378707 2 0 10
-17440.383092 2 1 10
-16199.282362 2 4 10
-15554.798481 3 0 4 10
-14369.26797 2 5 10
-15784.988399 2 6 10
-14160.883631 2 7 10
-17636.233288 2 8 10
-16952.060854 2 9 10
-16300.987601 3 0 9 10
-16790.963531 3 1 9 10
-15402.050849 3 4 9 10
-16950.231628 3 8 9 10
-17681.426128 1 11
-16955.681726 2 0 11
-17350.158451 2 1 11
-16943.840513 3 0 1 11
-15889.66113 2 3 11
-16132.10075 2 4 11
-15487.571113 3 0 4 11
-14350.729266 2 5 11
-15718.451117 2 6 11
-14145.135386 2 7 11
-14064.133272 3 0 7 11
-17561.457591 2 8 11
-16955.253806 3 0 8 11
-16894.866191 2 9 11
-16238.615909 3 0 9 11
-16718.395605 3 1 9 11
-15353.008952 3 4 9 11
-14846.579409 4 0 4 9 11
-16892.679383 3 8 9 11
-17473.763933 2 10 11
-16834.355528 3 0 10 11
-16046.616065 3 4 10 11
-16734.333009 3 9 10 11
-16224.389389 4 0 9 10 11
-17315.392175 1 12
-16652.542998 2 0 12
-16982.297238 2 1 12
-16649.911108 3 0 1 12
-15582.885136 2 3 12
-15823.974875 2 4 12
-15221.152614 3 0 4 12
-14234.767166 2 5 12
-14178.006401 3 0 5 12
-12876.778757 3 4 5 12
-15515.900919 2 6 12
-14049.33437 2 7 12
-13966.772107 3 0 7 12
-12777.664689 3 4 7 12
-17183.523743 2 8 12
-16639.872572 3 0 8 12
-16652.761797 2 9 12
-16005.681673 3 0 9 12
-16453.048291 3 1 9 12
-15072.983494 3 3 9 12
-15127.938147 3 4 9 12
-14615.241485 4 0 4 9 12
-14222.194739 3 5 9 12
-14978.510046 3 6 9 12
-16637.937747 3 8 9 12
-17131.344503 2 10 12
-16552.302744 3 0 10 12
-15752.984445 3 4 10 12
-17125.887138 3 8 10 12
-16511.363037 3 9 10 12
-17061.006489 2 11 12
-16479.68012 3 0 11 12
-16954.859759 3 1 11 12
-15693.039768 3 4 11 12
-14049.267295 3 7 11 12
-17056.138844 3 8 11 12
-16460.306023 3 9 11 12
-15949.101987 4 0 9 11 12
-15112.485653 4 4 9 11 12
-16930.171334 3 10 11 12
-16435.19967 4 9 10 11 12
-17977.539624 1 13