15
0 3
-436.708007 0
-435.916922 1 4
-434.820082 1 5
1 5
-496.25231 0
-496.22915 1 2
-482.483707 1 6
-491.714156 1 7
-493.50924 1 14
2 5
-400.080518 0
-400.057358 1 1
-394.2792 1 7
-399.23801 1 8
-398.375742 1 14
3 4
-396.902229 0
-395.144309 1 7
-391.786817 1 8
-389.280523 1 14
4 9
-747.958293 0
-747.167209 1 0
-661.331089 1 5
-720.843917 1 7
-658.368774 2 5 7
-736.030754 1 8
-657.281866 2 5 8
-709.472938 1 14
-650.244619 2 5 14
5 5
-580.23802 0
-578.350096 1 0
-493.610816 1 4
-566.27862 1 7
-564.811652 1 14
6 4
-142.869522 0
-129.100919 1 1
-138.157761 1 7
-141.273874 1 14
7 14
-480.797605 0
-476.259452 1 1
-474.996287 1 2
-479.039685 1 3
-453.683229 1 4
-466.838205 1 5
-476.085845 1 6
-416.926396 1 8
-408.026315 2 4 8
-408.723261 2 5 8
-478.111161 1 11
-280.461242 1 14
-266.867395 2 8 14
-273.133551 2 11 14
8 10
-474.267941 0
-473.425433 1 2
-469.152529 1 3
-462.340402 1 4
-410.396732 1 7
-453.429206 1 11
-400.563746 2 7 11
-402.789367 1 14
-389.19552 2 7 14
-390.678951 2 11 14
9 1
-27.753941 0
10 1
-479.09934 0
11 4
-246.169658 0
-243.483214 1 7
-225.330923 1 8
-240.57854 2 7 14
12 1
-62.05577 0
13 1
-27.753941 0
14 14
-477.345889 0
-474.60282 1 1
-475.641112 1 2
-469.724182 1 3
-438.860533 1 4
-461.919521 1 5
-475.750241 1 6
-277.009525 1 7
-276.258359 2 4 7
-405.867315 1 8
-389.98362 2 4 8
-396.606641 2 5 8
-255.808314 2 7 8
-274.10485 2 7 11