15
0 2
-436.934196 0
-435.822436 1 5
1 5
-496.532869 0
-495.887945 1 2
-478.692928 1 6
-492.311994 1 7
-494.177788 1 14
2 10
-400.230507 0
-399.585583 1 1
-397.605983 1 6
-394.196482 1 7
-399.190475 1 8
-400.207723 1 9
-399.382414 1 13
-393.276127 2 7 13
-398.16052 2 8 13
-398.493249 1 14
3 10
-396.776213 0
-393.606266 1 7
-390.192749 1 8
-396.760516 1 9
-396.467963 1 11
-392.955294 1 13
-391.564002 2 7 13
-388.020592 2 8 13
-387.687183 1 14
-385.770246 2 13 14
4 8
-748.516164 0
-662.526101 1 5
-722.56462 1 7
-661.705545 2 5 7
-737.792994 1 8
-660.523718 2 5 8
-711.140347 1 14
-653.54282 2 5 14
5 5
-580.660963 0
-579.549204 1 0
-494.6709 1 4
-567.436319 1 7
-565.915528 1 14
6 7
-142.550865 0
-124.710924 1 1
-139.926341 1 2
-135.428524 1 7
-142.463272 1 8
-141.887459 1 9
-138.764098 1 14
7 19
-481.023759 0
-476.802884 1 1
-474.989734 1 2
-477.853812 1 3
-455.072215 1 4
-467.799115 1 5
-473.901418 1 6
-473.86191 2 3 6
-417.582445 1 8
-411.661245 2 4 8
-411.549742 2 5 8
-416.913039 2 6 8
-476.725091 1 11
-462.146708 2 5 11
-471.547522 2 6 11
-461.324147 3 5 6 11
-280.807429 1 14
-267.389344 2 8 14
-269.729928 2 11 14
8 17
-474.4941 0
-473.454067 1 2
-467.910636 1 3
-463.77093 1 4
-474.406507 1 6
-411.052786 1 7
-474.286973 1 9
-467.826721 2 3 9
-451.527834 1 11
-447.032531 2 3 11
-446.676964 2 4 11
-395.967529 2 7 11
-473.364528 2 2 13
-403.441073 1 14
-390.022989 2 7 14
-386.793479 2 11 14
-385.303122 3 7 11 14
9 6
-26.855736 0
-26.832952 1 2
-26.840039 1 3
-26.19233 1 6
-26.648609 1 8
-26.77197 1 14
10 1
-479.325496 0
11 7
-246.117292 0
-245.809041 1 3
-241.818624 1 7
-223.151026 1 8
-244.637567 1 13
-222.998389 2 8 13
-236.106273 2 7 14
12 1
-61.394481 0
13 8
-26.855736 0
-26.007643 1 2
-23.034817 1 3
-25.918104 2 2 8
-25.376012 1 11
-25.08788 2 2 11
-24.56747 2 4 11
-26.77197 1 14
14 21
-477.572045 0
-475.216964 1 1
-475.834787 1 2
-468.483016 1 3
-440.196228 1 4
-462.82661 1 5
-461.90761 2 3 5
-473.785278 1 6
-467.955669 2 3 6
-277.355715 1 7
-275.000763 2 3 7
-406.519019 1 8
-393.590776 2 4 8
-399.376219 2 5 8
-256.325918 2 7 8
-477.48828 1 9
-468.43871 2 3 9
-271.643364 2 7 11
-477.48828 1 13
-277.207173 2 7 13
-477.361808 2 9 13