26
0 66
-87.98933 3 5 10 22
-88.96962 3 5 7 25
-89.282974 3 5 10 25
-90.47588 3 5 18 25
-90.68731 2 5 10
-90.78393 2 5 18
-90.83956 2 5 25
-91.107254 3 5 13 22
-91.56408 2 5 11
-91.906715 2 5 13
-92.04234 3 5 16 22
-92.27384 2 5 16
-93.09196 2 5 7
-94.8428 2 10 13
-95.27126 2 5 24
-96.25149 1 10
-96.446434 2 12 18
-96.46972 2 5 23
-97.44732 2 5 14
-98.19482 2 5 22
-98.28715 2 5 21
-98.3157 2 5 15
-98.92488 3 1 11 18
-99.00066 2 11 18
-99.062065 2 5 9
-99.146996 1 18
-99.25569 3 11 12 13
-99.442566 3 1 13 22
-99.4976 3 12 16 22
-99.58307 3 1 7 11
-99.71804 1 5
-99.86655 3 7 11 12
-99.91093 3 1 2 11
-100.182976 3 1 11 22
-100.37887 1 11
-100.533875 3 1 22 25
-100.66752 2 12 16
-101.722496 2 13 16
-101.85885 1 13
-102.06578 3 9 12 22
-102.16662 1 16
-102.19742 3 9 12 25
-102.60642 1 25
-103.348854 2 7 12
-103.479454 2 9 12
-105.60128 2 12 24
-105.761665 2 9 24
-106.07574 2 9 23
-106.165276 2 9 14
-106.22443 3 1 22 23
-106.2477 1 9
-106.46569 2 4 7
-106.710526 3 12 22 23
-106.80102 2 12 14
-106.93542 1 24
-107.174416 2 1 7
-107.37023 1 7
-108.00031 2 12 23
-108.74563 1 12
-108.902855 1 14
-109.7582 1 23
-110.37645 3 1 21 22
-111.1473 1 21
-111.32061 1 15
-111.95525 1 4
-112.48996 0
1 21
-54.693947 2 2 19
-56.21534 2 2 22
-56.638577 1 2
-108.45322 3 0 22 23
-109.07741 3 0 22 25
-109.45177 3 0 13 22
-110.10362 3 0 7 22
-110.205376 1 17
-110.27791 3 0 11 22
-111.3477 3 13 14 15
-111.567406 2 3 18
-111.5675 2 18 20
-111.682365 2 3 7
-111.682396 2 7 20
-111.79493 2 16 22
-111.797806 2 22 25
-111.85685 2 11 22
-112.13596 2 5 7
-112.51492 3 0 22 24
-112.65748 2 7 22
-112.74167 0
2 38
-47.374977 2 1 19
-53.61747 2 1 22
-55.098602 3 1 15 18
-55.207542 2 1 15
-56.386868 1 1
-104.17905 3 14 16 22
-104.92905 3 16 19 22
-105.03604 3 11 14 22
-105.70496 2 16 22
-105.91789 3 13 14 15
-106.05234 3 7 19 25
-106.25212 3 11 19 22
-106.650856 2 11 22
-106.82235 1 19
-106.88843 3 9 14 15
-107.74931 3 7 14 15
-107.93212 2 22 23
-108.5677 2 22 25
-108.70318 2 7 25
-108.726555 2 13 14
-109.52215 2 14 16
-109.73824 2 11 14
-109.79241 2 7 15
-109.87768 2 22 24
-110.025505 2 3 7
-110.025536 2 7 20
-110.07522 2 3 18
-110.07531 2 18 20
-110.514244 2 15 18
-110.63758 2 9 22
-110.90026 1 17
-110.91798 2 13 22
-111.32061 1 15
-111.45375 2 14 25
-111.87118 2 18 22
-112.41105 2 10 22
-112.42544 1 22
-112.48996 0
3 34
-5.0689044 1 20
-16.295433 2 17 22
-23.339027 2 9 17
-24.625114 2 7 17
-25.30297 2 12 17
-26.279594 2 13 17
-26.279625 2 11 17
-27.18713 1 17
-35.62899 2 19 22
-36.981895 2 4 22
-39.47558 2 4 24
-40.014824 2 4 23
-40.209785 2 4 19
-41.06481 2 4 21
-42.820583 1 22
-44.13696 1 4
-44.483425 1 19
-46.997185 2 13 24
-48.817345 2 24 25
-49.01264 2 11 24
-49.561165 2 23 25
-49.585136 2 9 24
-49.959373 2 13 23
-50.323906 2 15 24
-50.46595 2 2 18
-50.844704 2 2 7
-50.896694 1 12
-51.193336 2 1 18
-51.350258 2 1 7
-51.37948 2 15 23
-51.515224 1 6
-51.74372 2 7 24
-52.124275 2 11 23
-52.216335 0
4 67
-53.487297 2 3 21
-53.487297 2 20 21
-53.611626 2 13 17
-54.111626 2 17 21
-56.5783 2 17 25
-57.45553 2 17 23
-57.675835 2 11 17
-57.964714 2 3 23
-57.964714 2 20 23
-58.668266 2 17 24
-59.60357 2 3 24
-59.60357 2 20 24
-60.145348 2 13 20
-60.14541 2 3 13
-60.951653 2 16 17
-61.4961 2 9 17
-61.62841 2 17 18
-61.810966 2 7 17
-62.200935 2 3 25
-62.200935 2 20 25
-62.472054 2 3 11
-62.472054 2 11 20
-63.444145 2 10 17
-63.518467 2 13 21
-63.83129 2 3 10
-63.83129 2 10 20
-63.878105 2 13 24
-64.31336 2 21 25
-64.75074 2 3 9
-64.75074 2 9 20
-65.04403 2 13 23
-65.54665 2 16 20
-65.546684 2 3 16
-65.64251 2 3 7
-65.64254 2 7 20
-65.93844 2 9 21
-66.16031 2 11 21
-66.47175 2 23 25
-66.516624 2 3 18
-66.516655 2 18 20
-66.550255 1 13
-66.893364 1 3
-66.893364 1 20
-66.90395 1 21
-66.91277 1 17
-67.18409 2 11 24
-67.56832 2 24 25
-67.66454 2 9 24
-68.36457 2 11 23
-68.37583 1 25
-68.55431 2 9 23
-69.39217 1 11
-71.213554 2 10 23
-71.43755 2 10 24
-71.50472 1 23
-72.19907 2 0 7
-72.328804 2 7 24
-72.876915 1 10
-73.05999 1 24
-73.10363 1 7
-73.50222 2 14 15
-73.88198 1 9
-73.929924 1 16
-74.42034 2 18 19
-74.43801 1 0
-74.93722 1 12
-74.97275 0
5 26
-76.39294 2 0 6
-84.034744 3 6 11 12
-84.215324 2 6 12
-88.100975 1 6
-88.59154 3 0 12 13
-89.328125 3 0 12 21
-89.82295 3 0 12 16
-90.53447 3 0 11 12
-90.91826 3 0 12 25
-91.18148 2 0 12
-93.81184 2 7 12
-94.04162 2 10 12
-94.56316 2 11 12
-94.57394 2 12 13
-94.84846 2 12 16
-95.56868 2 12 21
-95.71868 2 9 12
-96.51479 1 12
-96.93142 1 0
-103.56918 2 9 11
-107.343346 1 10
-108.325584 1 9
-108.5425 1 11
-109.50002 1 18
-109.517525 2 1 13
-109.70334 0
6 10
-89.96763 2 5 12
-91.139305 1 5
-102.00933 3 12 18 19
-102.26711 1 12
-111.730675 2 1 25
-112.04058 1 3
-112.04058 1 20
-112.184906 2 1 9
-112.36851 1 25
-112.74167 0
7 123
-68.88793 2 13 19
-71.00362 2 2 25
-71.255035 3 21 22 25
-71.45073 3 9 14 21
-71.77079 2 21 22
-72.2662 1 13
-72.86244 2 22 25
-73.14498 2 24 25
-74.67299 3 12 14 21
-75.48994 2 23 25
-75.73676 2 21 25
-75.93599 3 14 18 21
-76.97339 3 14 16 21
-77.20286 1 25
-77.3804 3 16 19 21
-78.937935 2 14 21
-79.36819 2 18 21
-79.49955 3 9 19 21
-80.43579 3 16 21 24
-81.315445 3 9 14 23
-81.44517 3 14 19 24
-81.900375 3 14 19 23
-82.09488 3 16 19 24
-82.14374 3 9 17 21
-82.35583 2 9 14
-82.3831 3 16 17 21
-82.45577 1 21
-82.513664 2 9 24
-83.066154 2 16 19
-83.081535 2 22 23
-83.31801 3 2 9 23
-83.73118 2 16 24
-83.84551 2 3 24
-83.84551 2 20 24
-83.92367 2 14 24
-84.16816 2 11 24
-84.24775 3 2 19 23
-84.302605 2 4 24
-84.544624 2 19 24
-84.642426 3 2 18 23
-84.722626 3 2 3 23
-84.722626 3 2 20 23
-84.75872 2 22 24
-84.76422 2 18 24
-84.855705 2 9 23
-85.033806 1 24
-85.09762 2 14 18
-85.13268 2 19 23
-85.13516 3 2 11 23
-85.17065 2 3 23
-85.17065 2 20 23
-85.230064 1 23
-85.48235 2 15 18
-86.16515 2 14 16
-86.31968 3 12 16 18
-86.36588 3 9 15 19
-86.67508 3 9 11 19
-87.08146 2 9 19
-87.17403 3 2 9 15
-87.18958 2 9 17
-87.3615 2 9 18
-87.40966 2 16 18
-87.43113 2 2 18
-87.53057 2 16 17
-87.651886 2 9 11
-87.98345 2 10 14
-88.16945 3 10 15 19
-88.23937 2 3 16
-88.23946 2 16 20
-88.54055 1 9
-88.794846 3 2 10 19
-88.82958 1 16
-88.85354 1 18
-89.64407 3 2 14 15
-90.39925 3 0 10 11
-90.699684 2 10 19
-91.51795 2 1 10
-91.62087 1 10
-93.676384 2 11 17
-94.237305 3 0 1 22
-94.726234 2 11 22
-94.74538 2 2 11
-94.76149 3 12 15 19
-94.85004 3 1 14 15
-95.30935 2 11 14
-95.65615 2 14 15
-95.72665 1 11
-95.881744 3 0 12 15
-96.342186 2 2 15
-96.48044 3 12 14 22
-96.56462 3 15 19 22
-96.67408 2 15 19
-97.06048 2 0 4
-97.22864 3 1 5 12
-97.471886 2 0 15
-97.86498 2 2 14
-97.870415 1 15
-97.946014 3 12 14 19
-98.05544 1 14
-98.13671 2 0 1
-98.29768 3 0 2 22
-98.51473 3 12 17 19
-98.52346 3 0 12 19
-99.00273 3 0 2 12
-99.16445 2 0 12
-99.29946 1 0
-99.646355 3 4 12 19
-100.3828 3 5 12 19
-100.643486 2 2 3
-100.643486 2 2 20
-100.69085 2 12 19
-101.10561 2 4 17
-101.66895 2 1 22
-101.85825 2 5 12
-102.077995 2 1 3
-102.077995 2 1 20
-102.5501 1 4
-103.05897 2 1 12
-103.64544 2 3 17
-103.64544 2 17 20
-103.95121 2 1 5
-104.03475 1 22
-104.41922 0
8 1
-0.0 0
9 141
-34.57453 2 10 11
-35.322594 2 10 16
-38.81393 2 10 13
-39.8428 1 10
-41.519424 3 11 12 13
-44.65921 3 5 11 13
-44.74079 2 12 16
-46.334015 2 16 25
-46.7137 3 5 11 16
-46.786453 3 11 13 16
-47.017426 3 5 11 18
-47.223915 2 11 13
-47.776176 2 11 16
-47.925232 3 11 12 18
-48.903366 3 11 14 18
-48.97077 2 11 18
-49.949562 3 7 11 12
-49.98553 1 16
-50.12947 3 11 12 23
-50.42933 2 11 23
-50.77791 3 11 12 21
-51.350952 3 5 7 11
-51.901672 3 5 11 21
-52.06935 3 11 12 24
-52.433296 2 11 24
-53.11679 2 11 21
-53.119858 2 7 11
-54.466377 3 11 12 25
-54.96228 3 5 11 25
-55.18548 2 11 12
-56.11486 2 11 25
-56.221306 2 5 11
-56.396416 3 14 18 25
-56.626595 3 18 19 25
-57.181107 3 19 22 25
-57.68287 2 18 25
-58.44555 2 13 18
-61.194607 1 11
-61.395256 2 13 24
-63.77266 2 22 25
-64.33165 3 13 19 25
-64.90072 2 12 13
-64.95779 2 24 25
-64.996346 2 19 25
-65.17092 2 13 25
-65.617355 3 0 12 25
-66.82378 3 13 19 22
-66.995445 1 13
-67.515656 3 12 15 18
-68.67743 3 12 18 21
-68.99743 2 12 25
-69.26605 3 12 18 23
-69.35676 2 23 25
-70.3033 3 7 12 24
-70.711525 1 25
-70.7542 2 15 18
-71.33375 2 12 23
-71.34188 2 18 21
-71.69054 3 4 12 24
-72.18447 2 12 24
-73.55928 3 12 14 18
-73.989876 2 18 23
-74.63723 3 7 12 18
-74.79897 2 12 18
-74.93738 2 18 24
-76.05539 3 19 21 22
-76.184746 2 4 24
-76.23559 3 0 12 21
-78.09292 2 14 18
-78.23333 2 3 24
-78.23333 2 20 24
-78.45957 3 12 21 22
-78.751724 3 7 17 24
-79.06007 2 7 24
-79.34194 3 19 22 23
-79.572 3 7 18 19
-79.621956 2 7 18
-79.636765 3 14 19 23
-79.650955 2 12 21
-80.01879 2 0 23
-80.23208 3 19 22 24
-80.24941 4 12 15 19 22
-80.31425 4 7 12 19 22
-80.406395 2 0 24
-80.418465 3 7 19 21
-80.6629 3 7 14 23
-80.75091 2 4 23
-80.84261 2 14 24
-80.945274 2 6 24
-80.98714 3 12 19 22
-81.11404 1 18
-81.18279 2 5 24
-81.58019 1 24
-81.61089 2 5 23
-82.0251 3 7 17 23
-82.065956 2 21 22
-82.3919 2 22 23
-82.70387 3 7 12 19
-82.72799 2 19 23
-82.878044 2 20 23
-82.878105 2 3 23
-83.32699 2 7 23
-83.6596 2 7 12
-83.70132 1 23
-83.91877 2 19 21
-85.1549 2 0 21
-85.42354 3 7 14 21
-87.31653 3 0 12 15
-87.34195 3 7 17 21
-87.45361 2 4 21
-87.68241 2 5 21
-88.19375 3 0 12 22
-88.41909 1 21
-89.702934 2 12 15
-89.96837 3 7 19 22
-91.24734 2 0 12
-91.66625 2 7 17
-92.48669 2 7 15
-92.75219 2 12 19
-93.18308 2 7 19
-93.41662 1 7
-94.13274 3 15 19 22
-95.717384 2 5 12
-96.1162 2 4 12
-96.51351 1 12
-96.61792 3 2 14 15
-99.52096 2 5 15
-99.97274 2 0 15
-100.771484 3 0 19 22
-101.307915 1 15
-103.053 1 0
-103.38662 2 19 22
-105.26742 2 4 17
-106.83599 2 3 17
-106.83599 2 17 20
-107.9175 1 5
-108.02512 3 2 14 22
-108.20452 1 4
-108.44094 2 17 22
-108.78191 2 2 22
-109.29526 0
10 105
-34.549843 2 0 9
-40.58239 2 9 18
-43.13821 1 9
-51.45697 3 0 16 25
-52.10605 2 16 25
-53.65583 2 12 16
-56.143623 2 18 25
-56.33947 2 0 16
-56.84928 2 16 24
-57.359795 2 16 23
-57.985466 2 16 18
-58.347286 1 16
-58.765266 2 11 18
-59.61889 2 13 18
-61.74724 3 0 11 13
-63.476234 2 11 13
-65.02155 3 0 11 21
-65.10739 3 12 18 21
-65.11594 2 11 21
-65.19942 3 11 12 24
-65.361946 2 11 23
-65.54194 2 11 24
-65.84142 2 11 25
-66.04559 3 12 18 23
-66.18604 3 0 18 21
-66.33223 3 0 12 25
-66.42159 2 0 13
-66.85216 3 0 7 11
-67.272484 2 18 21
-67.98056 3 12 24 25
-68.12267 2 13 24
-68.29306 3 0 24 25
-68.54776 3 12 18 24
-68.6733 2 24 25
-69.239845 2 0 25
-69.74849 3 0 12 23
-69.88104 3 12 15 18
-70.20593 3 0 12 24
-70.79583 2 11 12
-70.86766 2 7 11
-70.987724 2 15 18
-71.145515 2 18 23
-71.15571 2 19 25
-71.984825 2 12 18
-72.029655 2 12 25
-72.379845 2 12 13
-72.40112 2 18 24
-72.53603 2 0 11
-72.642235 2 13 25
-72.82581 2 23 25
-72.89971 3 0 12 21
-72.98498 2 0 23
-73.089195 2 13 23
-73.15691 2 5 11
-73.42074 2 12 24
-73.437645 1 13
-73.57595 2 0 24
-73.59029 2 22 25
-73.996666 1 11
-74.220116 2 5 25
-74.2869 1 25
-74.89881 2 12 23
-75.92718 2 18 19
-76.14596 2 14 18
-76.17254 2 0 18
-76.77929 2 0 21
-77.501 1 18
-78.95377 3 12 21 22
-80.09905 2 5 24
-80.16969 2 12 21
-80.80413 2 5 23
-81.20948 2 19 24
-81.316216 2 4 24
-81.92162 2 21 24
-82.93865 1 24
-84.1802 2 19 23
-84.23279 3 19 21 22
-85.194435 2 21 22
-85.38329 2 4 23
-85.53857 3 0 12 22
-85.67446 1 23
-86.19114 2 5 21
-86.96458 3 14 19 21
-87.222115 2 19 21
-88.470665 2 0 12
-88.64077 1 21
-91.28086 2 0 7
-92.76118 2 7 12
-93.63982 3 12 19 22
-95.18441 2 0 15
-96.26818 2 12 15
-96.352196 1 0
-98.46055 2 5 12
-98.83931 3 2 7 19
-99.10496 2 5 7
-99.53861 2 7 19
-99.79235 1 7
-100.6285 2 12 22
-100.93374 1 12
-104.23257 2 5 15
-106.11407 1 15
-110.230675 1 5
-110.494865 1 4
-110.57259 2 19 22
-112.59067 0
11 156
-48.108 3 9 13 25
-48.34365 2 9 25
-49.732147 2 16 25
-50.04474 3 9 13 22
-50.115234 3 9 12 13
-50.166237 3 5 9 13
-51.435394 3 5 9 16
-51.725403 3 15 16 19
-52.14008 2 9 16
-52.180252 3 5 9 21
-52.428154 2 9 13
-52.465782 3 16 22 23
-52.54583 2 14 16
-52.710533 2 9 21
-53.43203 2 5 9
-53.538933 2 9 23
-53.550682 2 4 16
-53.800186 3 16 22 24
-54.349422 1 16
-54.494804 2 10 25
-55.14959 2 9 24
-55.576347 2 9 18
-55.582863 2 9 15
-56.433342 2 9 12
-56.82881 3 0 7 9
-57.05996 2 9 14
-57.299774 2 7 9
-57.317177 2 0 9
-57.721886 2 4 9
-58.18838 1 9
-58.445198 3 10 13 22
-60.53785 2 18 25
-60.746223 2 19 25
-62.238247 2 10 13
-62.32418 2 24 25
-62.68196 2 22 25
-62.94029 1 25
-64.488 2 10 21
-64.949165 2 10 15
-65.5717 3 13 19 22
-65.99266 3 13 22 24
-66.39734 3 13 18 22
-66.404236 3 10 22 24
-66.498405 2 10 23
-66.53287 3 0 7 10
-66.642525 2 13 22
-66.89977 2 10 24
-67.39233 2 13 24
-67.62348 2 10 12
-67.69503 1 10
-67.78381 3 13 18 19
-68.04666 3 13 15 19
-68.45947 3 13 17 19
-68.56754 2 13 18
-69.11956 2 13 19
-69.61683 3 0 12 13
-71.364494 2 13 17
-72.19967 1 13
-75.45285 3 12 15 18
-76.00097 2 15 18
-77.11379 2 18 21
-77.675224 3 0 12 21
-77.86974 3 15 19 21
-78.420586 2 4 24
-78.913864 4 2 14 19 23
-79.05724 3 12 18 23
-79.12117 3 12 15 24
-79.41128 2 12 24
-79.5942 2 0 24
-79.59875 2 0 23
-79.66471 2 18 23
-79.73841 2 12 23
-80.35079 3 17 22 24
-80.37713 2 3 24
-80.37713 2 20 24
-80.81658 3 0 1 21
-80.96887 2 18 24
-80.98746 3 15 19 23
-81.46964 3 14 19 24
-81.50401 3 14 19 23
-81.71795 2 15 24
-82.02642 2 0 21
-82.193184 3 2 14 24
-82.53794 3 14 19 21
-82.920265 3 17 22 23
-83.124 3 17 21 22
-83.430855 2 7 24
-83.65734 2 22 24
-83.67077 2 4 23
-83.85482 2 6 24
-83.85518 2 12 21
-83.90964 3 19 21 22
-84.00535 2 21 22
-84.179794 3 2 14 23
-84.27581 2 5 24
-84.29644 1 24
-84.50967 2 15 23
-84.67736 2 22 23
-85.27892 2 5 23
-85.35462 2 19 21
-85.38036 2 3 23
-85.38036 2 20 23
-85.599754 2 12 18
-85.71307 3 0 12 15
-85.727776 2 19 23
-85.75754 3 14 18 19
-85.94994 3 2 14 18
-86.04998 2 12 15
-86.810936 1 23
-87.03747 2 4 18
-87.088745 2 15 21
-87.149254 2 0 15
-87.269226 2 4 21
-87.573296 2 0 18
-87.71963 1 18
-87.960976 2 5 21
-88.01284 1 21
-89.592445 3 0 7 12
-90.566895 3 0 1 22
-90.961586 2 0 7
-91.695435 3 2 15 22
-91.775536 2 4 15
-91.9762 3 0 5 12
-92.35631 3 15 19 22
-92.62319 2 0 12
-92.70082 3 5 7 15
-92.818 2 15 19
-92.83138 3 7 12 14
-93.042046 2 7 15
-93.074715 2 7 12
-93.436455 2 0 4
-93.575005 1 15
-94.14345 3 0 1 2
-94.17794 1 0
-94.7424 3 12 14 19
-95.62869 3 2 12 14
-95.7111 3 2 14 22
-95.80973 2 5 12
-96.10528 2 7 17
-96.21972 2 4 12
-96.229485 2 12 14
-97.39861 2 4 7
-97.55766 3 12 19 22
-97.59649 1 7
-97.761375 1 12
-99.19213 3 2 14 19
-99.247734 2 2 14
-99.35201 2 14 19
-99.399376 2 4 17
-100.70849 1 4
-103.04568 2 2 22
-103.74551 2 17 22
-103.87789 1 14
-105.1282 1 5
-105.653786 2 1 22
-106.28903 0
12 74
-86.647606 2 5 9
-87.07757 2 5 10
-88.229256 3 6 9 19
-89.10919 3 0 6 10
-89.29227 3 0 6 9
-89.366905 2 6 10
-89.52923 2 5 11
-90.123085 2 5 13
-91.41769 2 5 25
-91.41956 2 6 9
-92.30131 2 5 16
-93.16921 3 5 7 19
-93.3946 3 5 19 24
-93.469696 3 5 19 21
-93.54532 3 0 9 22
-93.78385 2 5 7
-94.491776 3 5 19 23
-94.99869 3 6 19 25
-95.398705 3 6 13 19
-95.63718 3 6 19 24
-95.79185 2 5 21
-95.80906 2 6 25
-95.976395 3 9 19 22
-96.01465 3 0 1 9
-96.07585 3 6 16 19
-96.07752 2 6 13
-96.48621 2 0 9
-96.67252 2 9 19
-96.89148 2 6 11
-97.18672 3 6 19 23
-97.43579 3 0 10 22
-97.49942 2 9 11
-97.54059 3 6 16 22
-97.6672 2 5 24
-97.67602 2 5 6
-98.24593 2 5 23
-98.55809 3 0 6 16
-98.84768 1 5
-98.90135 3 6 18 19
-99.04958 2 6 16
-99.25448 1 9
-99.51757 2 0 6
-99.74506 3 6 19 21
-100.08038 3 10 19 23
-100.184975 2 10 22
-100.30775 2 10 11
-100.379295 1 10
-101.56167 1 6
-103.50857 1 11
-103.55089 3 19 22 25
-103.74879 2 19 25
-103.76377 1 25
-103.799255 3 0 16 22
-104.39547 2 13 19
-105.298454 2 19 24
-105.40662 3 0 1 13
-106.13955 2 19 23
-106.28988 1 13
-106.3993 2 0 16
-107.27096 2 16 19
-107.36454 2 19 21
-107.73461 2 0 18
-107.89831 1 16
-108.15687 2 0 7
-108.29189 1 0
-108.30049 3 7 17 19
-109.23842 3 4 7 19
-110.4352 1 18
-110.712746 2 7 19
-110.716606 1 3
-110.71667 1 20
-111.65232 2 1 7
-112.000725 1 4
-112.036224 0
13 170
-38.6987 2 16 25
-41.59227 3 9 11 25
-41.827904 2 9 25
-44.085938 3 21 22 25
-44.42427 2 22 25
-44.428364 2 7 25
-45.72381 2 10 25
-45.84368 2 7 16
-46.00641 3 16 21 24
-46.519188 2 24 25
-46.864906 3 9 16 21
-46.94851 2 16 21
-47.025894 2 2 25
-47.278084 2 18 25
-47.35708 2 1 25
-47.36851 1 25
-50.908066 3 7 9 21
-50.92697 3 11 21 22
-51.043907 2 9 21
-52.603645 2 7 10
-52.80385 3 7 11 19
-52.876152 3 7 11 21
-53.632698 3 7 9 11
-54.05339 2 7 11
-54.068573 2 7 9
-54.98195 3 4 16 19
-55.216515 2 4 16
-55.955658 3 11 18 21
-56.00106 2 10 21
-56.200684 3 11 17 21
-56.619232 2 11 21
-56.948433 2 16 19
-57.325737 2 16 23
-57.59832 2 14 16
-58.016075 2 15 16
-58.50093 3 16 22 24
-58.568367 3 7 19 21
-58.59735 3 9 11 22
-58.738335 2 0 16
-59.18243 1 16
-59.823906 2 9 24
-59.852562 2 9 11
-60.277756 3 2 9 23
-60.34922 2 9 15
-60.363617 3 12 18 21
-60.407776 2 7 21
-60.45745 2 9 23
-60.859962 2 21 22
-61.028896 2 18 21
-61.4683 2 0 9
-61.478325 2 0 21
-61.70539 3 7 12 23
-61.88819 2 10 15
-62.029198 3 10 11 22
-62.34664 2 4 9
-62.646477 2 9 14
-63.104683 2 11 24
-63.302864 2 10 11
-63.410515 2 9 18
-63.607674 2 11 23
-63.685387 3 4 12 21
-63.980644 2 10 23
-64.25453 2 12 21
-64.37643 2 7 23
-64.4928 2 4 21
-65.19286 2 10 24
-65.24899 3 2 14 21
-65.521255 3 7 12 24
-65.612816 1 9
-65.86987 2 15 21
-66.37708 3 11 18 22
-66.92695 2 11 18
-66.97807 3 11 15 19
-67.15514 2 3 21
-67.15514 2 20 21
-67.350945 2 0 10
-67.3863 2 7 24
-67.43076 2 4 10
-67.87826 1 21
-67.98057 2 11 22
-68.04994 3 7 15 18
-68.196915 2 10 18
-68.39145 3 10 14 19
-68.68117 3 2 10 14
-68.759605 1 10
-68.82591 3 4 15 24
-68.96606 2 7 15
-69.16538 3 4 11 19
-69.451385 3 4 15 23
-69.87646 2 15 18
-70.10522 2 4 23
-70.584435 2 15 23
-70.663284 3 2 14 23
-70.80587 3 4 11 14
-70.82696 2 4 24
-70.830345 3 7 12 18
-71.12794 2 11 15
-71.14803 3 11 17 19
-71.5711 2 11 19
-71.76806 2 7 12
-71.99464 2 7 18
-72.20458 2 0 23
-72.48467 2 15 24
-72.54847 2 12 23
-72.80938 2 11 17
-72.97045 2 3 23
-72.97045 2 20 23
-73.00981 3 14 19 23
-73.08929 2 11 14
-73.104004 3 0 7 19
-73.4002 2 4 11
-73.546776 2 4 7
-73.54973 3 0 11 12
-73.823265 1 11
-74.07397 2 20 24
-74.07403 2 3 24
-74.741005 2 0 7
-74.78147 2 7 19
-75.21732 3 14 19 24
-75.759636 1 7
-75.772835 2 18 23
-75.858376 3 2 14 24
-76.43469 3 1 14 23
-76.459816 3 17 22 23
-76.56588 1 23
-77.2427 2 0 24
-77.7381 2 18 24
-77.929924 3 17 22 24
-77.932335 2 12 24
-79.28384 2 14 24
-79.875786 2 17 24
-80.00884 1 24
-80.61791 2 4 18
-83.87384 3 2 14 15
-83.94399 3 2 14 18
-84.24597 3 14 18 19
-84.757835 2 0 15
-85.2344 2 4 15
-85.70058 3 12 15 19
-85.89217 2 12 18
-86.079 1 18
-86.16717 2 12 15
-87.58478 3 1 14 15
-89.748344 1 15
-92.081024 4 0 1 12 22
-92.23482 3 0 4 17
-92.25182 2 0 4
-93.79913 3 0 1 22
-93.96619 3 0 5 12
-95.03888 3 12 14 19
-95.53589 3 0 1 12
-95.56963 2 4 12
-96.492676 3 2 4 14
-96.556114 2 0 12
-96.78005 2 4 17
-97.28152 1 0
-97.405685 3 4 14 19
-97.52582 3 2 12 14
-97.9233 2 4 14
-98.19396 2 2 14
-99.14916 2 12 14
-99.490166 1 4
-100.22538 2 5 12
-100.26708 2 12 19
-100.666954 2 14 19
-102.16628 1 12
-103.83572 1 14
-106.46267 2 17 22
-107.35105 2 1 5
-107.91269 0
14 77
-65.03361 3 18 19 25
-68.14579 3 16 18 25
-68.40048 3 19 23 25
-68.601524 3 2 16 18
-70.81335 2 16 18
-72.653336 3 7 18 21
-72.675415 3 18 19 21
-72.94197 3 19 24 25
-73.40357 2 7 18
-73.65552 3 2 9 18
-73.86983 3 2 13 18
-73.87359 2 15 18
-74.13842 2 9 18
-74.36738 2 19 25
-74.71823 3 13 18 19
-75.20303 3 2 11 18
-75.80453 2 10 18
-76.085594 2 18 21
-76.17237 3 2 18 25
-76.42895 3 11 18 19
-76.49597 2 18 24
-76.65882 2 18 23
-77.15957 1 18
-77.1756 3 1 7 15
-77.409805 3 1 13 15
-77.682236 3 2 9 15
-77.71819 2 13 19
-77.94465 2 2 13
-78.36755 3 2 7 15
-78.38023 3 4 15 19
-78.65083 3 15 19 20
-78.65085 3 3 15 19
-78.81736 3 2 11 19
-78.85479 2 11 19
-79.2086 3 1 15 25
-79.349686 2 2 25
-79.70674 3 1 12 15
-79.76515 3 7 15 17
-79.93062 2 2 11
-79.950874 2 15 19
-80.13467 2 4 15
-80.4107 2 7 15
-80.489494 3 1 9 15
-80.92662 3 7 9 21
-81.05506 2 23 25
-81.10415 2 24 25
-81.14318 2 12 15
-81.22106 1 7
-81.232475 3 16 22 23
-81.743286 3 2 15 16
-81.75253 3 1 10 15
-82.01391 2 3 15
-82.01391 2 15 20
-82.05611 3 9 19 23
-82.1451 2 15 17
-82.3919 2 22 23
-82.533195 2 2 16
-82.579506 2 15 22
-82.62493 1 15
-82.626396 2 22 24
-82.79838 1 25
-82.81853 3 16 19 23
-83.059135 2 16 19
-83.16034 3 16 17 23
-83.38482 3 1 13 23
-83.5079 1 13
-83.54894 2 9 24
-83.61909 2 17 23
-83.701256 1 23
-83.9977 1 0
-84.28649 1 24
-85.17367 1 11
-87.15223 2 16 22
-87.39585 2 9 19
-87.44163 2 1 10
-87.49343 1 19
-87.58481 0
15 75
-42.508797 2 19 25
-44.861534 3 11 19 21
-47.088768 3 1 14 25
-47.216717 1 25
-47.317703 3 11 13 19
-47.78321 2 2 13
-47.788635 3 1 13 14
-48.390556 2 13 19
-49.62709 3 2 9 14
-50.088467 1 13
-50.30361 2 16 21
-50.86296 3 3 14 16
-50.86296 3 14 16 20
-51.734344 3 14 19 21
-51.910698 2 11 19
-51.915894 3 1 14 16
-51.956352 2 3 21
-51.956352 2 20 21
-52.072784 2 11 21
-52.23777 2 14 21
-52.346443 2 19 21
-52.501152 2 16 18
-52.642647 2 2 21
-52.716362 2 14 16
-52.996914 1 21
-53.75665 1 16
-54.46492 3 2 7 14
-54.519455 3 14 19 23
-55.306023 3 1 9 14
-55.41017 3 14 19 24
-55.538723 1 11
-55.985985 2 9 14
-56.215202 2 3 23
-56.215202 2 20 23
-57.173965 3 4 14 19
-57.402664 3 2 10 14
-57.668243 3 14 19 20
-57.66826 3 3 14 19
-57.718086 3 2 7 9
-57.74108 2 3 24
-57.74108 2 20 24
-58.225304 2 19 23
-58.351036 2 14 23
-58.39053 1 23
-58.57467 2 10 14
-58.65661 2 9 18
-58.661972 3 7 14 19
-58.87687 2 2 7
-59.20878 2 7 19
-59.529846 2 2 9
-59.54081 2 14 19
-59.623222 2 2 24
-59.81131 3 7 12 14
-59.891014 2 14 24
-59.975533 2 19 24
-60.265408 1 9
-60.275963 2 4 14
-60.32724 3 1 7 14
-60.34918 1 24
-60.383865 3 7 14 17
-60.80001 2 3 14
-60.80002 3 2 12 14
-60.80004 2 14 20
-60.893578 2 7 14
-61.237175 2 12 14
-61.703915 1 7
-61.77609 1 10
-62.685844 2 2 14
-63.292904 1 14
-65.171455 2 2 18
-66.517525 2 0 2
-67.083336 1 2
-67.0834 1 0
-67.0834 1 19
-68.25278 0
16 172
-31.725695 3 11 14 18
-32.412598 3 11 18 19
-33.480194 3 13 18 19
-34.461433 3 18 19 25
-35.350388 3 14 18 25
-35.883224 3 2 9 18
-36.667366 2 11 18
-37.66868 3 9 18 19
-38.0981 3 13 14 18
-38.816032 2 9 18
-42.884087 2 13 18
-45.976448 2 10 11
-45.995872 2 9 11
-46.25599 2 18 25
-46.441498 3 9 13 21
-46.470184 3 9 13 25
-47.126274 2 9 13
-47.17222 3 10 18 19
-47.741493 2 11 13
-47.808884 3 10 15 18
-47.879883 3 15 18 19
-48.072224 2 10 18
-48.379623 3 18 19 21
-48.475975 2 9 25
-48.78799 2 10 13
-50.051987 3 14 15 18
-50.322433 3 11 22 23
-50.548927 2 9 15
-50.56933 2 9 23
-50.620445 2 9 21
-50.6726 2 10 25
-51.07244 2 15 18
-51.340935 2 9 24
-52.044216 1 9
-53.147896 2 11 23
-53.38726 2 10 23
-53.554886 3 7 11 19
-53.706985 3 11 22 24
-53.93708 2 10 15
-54.342644 2 10 24
-54.428963 2 11 24
-54.51567 3 13 19 22
-54.810745 3 18 19 23
-55.008255 3 14 18 21
-55.52743 2 18 21
-55.911293 3 13 21 24
-56.02912 3 7 18 19
-56.323563 3 2 14 18
-56.7023 2 11 21
-56.79448 3 18 19 24
-56.91311 3 11 19 22
-56.963547 2 7 11
-57.11056 1 10
-57.414665 2 11 19
-57.44274 2 13 19
-57.93033 3 14 18 19
-58.627037 2 11 22
-58.762207 3 12 18 23
-59.076675 3 19 22 25
-59.414333 1 11
-59.508923 2 18 23
-59.523598 2 18 19
-60.356987 2 13 24
-60.697807 3 17 19 25
-60.74717 3 13 21 23
-60.87982 2 18 24
-61.058846 2 13 22
-61.24154 2 14 18
-62.461754 2 13 23
-62.48739 2 0 13
-62.623745 1 13
-62.94729 3 7 12 18
-63.33174 3 19 24 25
-64.08552 2 19 25
-65.17021 3 22 24 25
-65.41146 2 24 25
-66.14382 2 7 18
-67.47395 3 22 23 25
-67.58773 1 18
-69.07185 2 22 25
-69.16486 2 23 25
-71.38921 2 17 25
-71.57419 3 19 21 22
-72.85349 1 25
-75.32251 4 7 19 21 24
-75.36862 3 19 21 24
-75.42852 2 0 23
-75.84783 3 7 21 24
-76.113884 2 15 24
-76.34136 3 19 22 23
-76.66396 3 19 22 24
-76.6728 3 7 19 21
-76.757164 2 0 24
-77.22734 3 14 19 23
-77.24028 3 7 19 24
-77.25847 3 7 12 24
-77.81092 2 12 23
-77.87102 3 7 19 23
-78.07583 2 15 23
-78.15516 3 14 19 24
-78.416176 2 21 22
-78.43831 3 14 21 24
-78.712395 2 21 24
-78.74752 2 12 24
-79.1294 2 7 24
-79.22019 3 2 14 24
-79.556175 2 19 23
-79.69007 2 19 24
-80.432 1 24
-80.994064 3 2 14 23
-81.214836 2 5 23
-81.37457 3 14 22 23
-81.60002 3 7 17 23
-81.6059 2 21 23
-81.70193 1 23
-82.292244 2 19 21
-83.40923 2 0 21
-84.682556 2 15 21
-86.573975 3 7 17 21
-87.37582 1 21
-87.54332 3 7 19 22
-88.05286 3 0 7 19
-88.42107 3 15 19 22
-89.45402 2 7 19
-90.49224 2 7 15
-90.91318 3 0 12 15
-91.168945 4 0 1 12 22
-91.9537 2 0 15
-92.68992 3 0 7 12
-93.24084 2 7 17
-93.62214 2 7 12
-93.81227 4 0 2 12 22
-93.85929 2 0 7
-94.104126 3 2 15 22
-95.058525 3 0 12 22
-95.10635 3 12 15 22
-95.24847 2 12 15
-95.372086 3 0 2 22
-95.764336 1 7
-96.15372 4 0 17 19 22
-96.4633 3 12 19 22
-96.85784 1 15
-97.36136 3 0 19 22
-97.77948 3 0 5 12
-97.86259 3 2 14 22
-98.593834 3 0 12 19
-98.902954 3 0 1 22
-99.13796 2 0 12
-99.43355 3 14 19 22
-99.492004 3 17 19 22
-99.923355 3 0 17 19
-100.36467 3 0 17 22
-100.88396 3 2 19 22
-101.0306 1 0
-103.636894 2 12 19
-104.07104 2 19 22
-105.16562 3 12 14 22
-105.3037 2 2 22
-105.54972 2 5 12
-105.956566 2 4 17
-106.32705 3 1 12 22
-106.50222 2 14 19
-106.94305 2 2 14
-107.21603 1 12
-108.26282 3 1 14 22
-108.795784 2 1 22
-109.28806 2 14 22
-109.44143 2 17 22
-110.10475 2 17 19
-110.31115 1 4
-110.93655 1 19
-111.35397 0
17 60
-52.098007 3 3 9 19
-52.098007 3 9 19 20
-52.48436 3 3 16 19
-52.48442 3 16 19 20
-52.815056 2 19 20
-52.815086 2 3 19
-53.54638 2 1 3
-53.54638 2 1 20
-53.75251 2 3 9
-53.75251 2 9 20
-54.463463 2 3 18
-54.463493 2 18 20
-54.463554 2 2 3
-54.463554 2 2 20
-55.3496 2 3 7
-55.349632 2 7 20
-55.928337 2 3 16
-55.928368 2 16 20
-56.081375 3 4 16 19
-57.17366 3 4 19 24
-57.3457 1 3
-57.3457 1 20
-58.643677 3 4 18 19
-58.749756 3 4 9 19
-59.141083 3 4 19 23
-59.984627 2 4 19
-64.55191 3 16 19 22
-64.64515 2 19 24
-64.85743 2 16 19
-65.60261 3 18 19 25
-65.68923 1 19
-66.49755 2 4 24
-67.052734 3 2 4 18
-67.411705 2 4 18
-68.28411 2 4 23
-69.96035 2 4 16
-71.37789 2 4 9
-71.60485 2 4 13
-71.61377 2 4 21
-72.80018 2 4 25
-72.87051 2 4 7
-73.00585 2 4 11
-73.81924 2 4 14
-74.31493 1 4
-78.06449 2 1 18
-78.56917 2 22 25
-78.82929 2 2 18
-79.60709 2 11 22
-79.838585 1 1
-80.11213 2 18 25
-80.75622 2 13 24
-80.78512 1 18
-80.78518 1 2
-80.889275 1 24
-80.98621 2 13 22
-81.63964 2 7 16
-82.0991 2 16 22
-82.25112 2 14 23
-82.333336 1 23
-82.37491 0
18 157
-51.51696 2 14 16
-60.1819 3 16 19 23
-61.666924 3 16 22 23
-62.7117 3 16 19 24
-63.26307 2 16 19
-64.426735 2 16 24
-64.596245 2 16 23
-65.517235 2 10 14
-66.858315 2 16 22
-67.303825 2 7 16
-67.468285 2 15 16
-68.05777 2 16 25
-68.14843 2 2 16
-68.151474 3 10 22 23
-68.36196 2 10 16
-68.72375 1 16
-69.359856 2 9 14
-72.26031 2 10 23
-72.4518 3 10 17 25
-73.01523 3 10 22 24
-73.4414 2 10 24
-73.84763 3 11 22 23
-74.13882 3 19 22 23
-74.23251 3 9 22 23
-74.24331 3 10 13 22
-74.35081 2 10 22
-74.667206 3 0 22 23
-75.43599 3 22 23 25
-76.05606 4 14 19 22 24
-76.18838 2 14 24
-76.29633 2 7 10
-76.374504 2 22 23
-76.511955 2 10 25
-76.61243 3 9 21 23
-76.83755 2 10 13
-76.9378 2 10 17
-77.07781 2 9 23
-77.21555 2 10 19
-77.33611 2 9 24
-77.40029 1 10
-77.40349 3 22 24 25
-77.48562 3 19 22 24
-77.82354 3 13 21 24
-78.928444 3 0 14 23
-78.943474 2 22 24
-79.14422 2 0 23
-79.32119 2 0 24
-79.56889 3 14 19 23
-79.643074 2 11 23
-79.74679 2 14 23
-80.38639 2 0 9
-80.61957 3 21 24 25
-80.65131 2 11 24
-80.70508 4 14 19 21 22
-80.944786 2 24 25
-81.608376 3 13 21 23
-81.62661 2 9 25
-81.69668 2 9 11
-81.70818 2 13 24
-82.10644 2 9 13
-82.445015 2 9 22
-82.4496 4 14 19 22 25
-82.67181 3 7 21 24
-82.69993 2 9 15
-83.12976 2 7 9
-83.13389 3 14 21 22
-83.5737 3 11 13 14
-83.643906 3 21 23 25
-83.68261 2 21 24
-83.70936 2 7 24
-83.96196 3 11 14 21
-83.978935 1 24
-84.30874 1 9
-84.64583 3 19 22 25
-84.6467 3 7 11 14
-84.6689 2 22 25
-84.82522 3 14 19 25
-84.92727 2 19 23
-85.1305 2 23 25
-85.17753 3 14 19 21
-85.22712 2 21 23
-85.99618 2 13 23
-86.24342 3 7 14 22
-86.27263 3 7 17 23
-86.57999 3 11 13 22
-86.67675 2 5 23
-86.70092 2 13 14
-86.78927 1 23
-86.81799 3 11 21 22
-86.82514 2 13 22
-86.9433 3 19 21 22
-87.02421 2 11 13
-87.52251 2 7 11
-87.871475 3 0 13 17
-87.88808 3 7 14 21
-87.95092 2 13 17
-88.07754 2 0 13
-88.18345 2 11 22
-88.30044 2 11 14
-88.68129 3 0 21 22
-88.95536 2 21 22
-89.106895 2 7 14
-89.517395 3 17 19 25
-90.16967 2 17 25
-90.4829 2 11 17
-90.656334 1 13
-90.89002 2 14 21
-90.90828 2 14 25
-91.54697 2 11 21
-92.14738 2 0 7
-92.2528 2 11 25
-92.49821 2 0 25
-92.54232 2 0 11
-93.31222 3 0 12 22
-93.59505 3 14 19 22
-93.920555 1 11
-94.15897 2 19 25
-94.24266 3 0 17 22
-94.65525 1 25
-95.139946 2 0 21
-95.28954 2 7 17
-95.61289 3 2 14 22
-96.137596 2 0 17
-96.146805 3 0 2 22
-96.172066 2 0 14
-96.35382 3 0 19 22
-96.52191 3 0 1 22
-96.900215 2 7 22
-96.92431 1 7
-97.578636 2 0 22
-98.589745 2 0 12
-98.86551 3 12 14 22
-99.146996 1 0
-99.15778 2 14 22
-100.302536 3 12 19 22
-101.19804 2 19 21
-101.26172 3 17 19 22
-101.447136 2 12 14
-102.06472 1 14
-102.44607 1 21
-104.1657 2 19 22
-104.6495 2 17 22
-105.61587 2 4 17
-105.785545 2 12 22
-106.887535 2 2 22
-107.26713 2 1 22
-107.441734 1 22
-110.07525 2 2 3
-110.07531 2 2 20
-110.80053 2 12 17
-110.88894 1 12
-110.9002 1 17
-111.345085 2 1 3
-111.345146 2 1 20
-112.286644 1 5
-112.44729 2 2 15
-112.48996 0
19 93
-89.290115 3 16 17 22
-89.62003 3 16 17 25
-93.991325 2 16 17
-94.05797 3 7 12 17
-95.30108 2 2 17
-95.38739 4 14 17 18 25
-95.624596 3 9 17 25
-95.80431 1 17
-99.65025 3 3 16 22
-99.65028 3 16 20 22
-100.150955 3 14 18 25
-100.78106 2 2 3
-100.78106 2 2 20
-102.13852 3 14 23 25
-102.374176 3 16 18 25
-102.390396 3 9 12 22
-102.88286 3 10 14 25
-103.47657 3 3 16 25
-103.47657 3 16 20 25
-103.79316 3 7 16 21
-103.87062 3 7 12 20
-103.87063 3 3 7 12
-103.967026 3 3 14 15
-103.967026 3 14 15 20
-104.12755 3 3 18 22
-104.12758 3 18 20 22
-104.556946 3 9 15 22
-104.75707 1 3
-104.75707 1 20
-104.80081 3 14 16 25
-104.87777 2 1 2
-105.02179 3 11 15 21
-105.02554 3 7 16 22
-105.35579 3 15 16 22
-105.51877 3 14 16 22
-105.590775 3 2 12 23
-105.89703 2 16 25
-106.06134 3 2 16 22
-106.234024 2 14 25
-106.30915 2 7 16
-106.39642 3 12 18 23
-106.4137 3 11 13 15
-106.45111 3 2 7 10
-106.495544 3 16 18 21
-106.61187 2 16 18
-106.612915 3 14 16 21
-106.82235 1 2
-106.83729 2 16 22
-107.111565 2 14 16
-107.23314 3 7 9 21
-107.430305 2 12 23
-107.5832 3 9 14 21
-107.60731 2 9 22
-107.872765 2 11 14
-108.007195 2 12 24
-108.12181 3 11 15 25
-108.1649 3 11 15 16
-108.64654 2 14 15
-108.69913 3 9 15 25
-108.94985 2 9 25
-109.22979 2 13 14
-109.794815 2 12 21
-109.80767 2 16 21
-109.810555 3 14 18 22
-109.838524 2 13 16
-109.95708 2 15 25
-110.12432 2 7 15
-110.19822 3 7 9 12
-110.23314 3 14 18 21
-110.39089 2 9 21
-110.563576 2 11 15
-110.74231 3 7 11 21
-110.80437 3 6 12 16
-111.01701 3 9 14 23
-111.15397 2 7 12
-111.1839 3 6 12 18
-111.263054 2 9 12
-111.32061 1 15
-111.343056 2 10 22
-111.44517 2 12 16
-111.514366 2 18 22
-111.533806 2 10 25
-111.64129 2 7 13
-111.65852 3 10 14 21
-111.93949 2 11 13
-112.07256 1 16
-112.15356 2 9 14
-112.233 2 11 21
-112.3657 2 7 10
-112.38599 2 7 9
-112.39858 1 14
-112.47094 2 11 25
-112.48996 0
20 34
-5.0689044 1 3
-16.295433 2 17 22
-23.339027 2 9 17
-24.625114 2 7 17
-25.303032 2 12 17
-26.279594 2 13 17
-26.279625 2 11 17
-27.18713 1 17
-35.62899 2 19 22
-36.981895 2 4 22
-39.47558 2 4 24
-40.014824 2 4 23
-40.209785 2 4 19
-41.06481 2 4 21
-42.820583 1 22
-44.13696 1 4
-44.483425 1 19
-46.997124 2 13 24
-48.817345 2 24 25
-49.01264 2 11 24
-49.561165 2 23 25
-49.585136 2 9 24
-49.959373 2 13 23
-50.323906 2 15 24
-50.46601 2 2 18
-50.844704 2 2 7
-50.896755 1 12
-51.193398 2 1 18
-51.350258 2 1 7
-51.37948 2 15 23
-51.515224 1 6
-51.74372 2 7 24
-52.124275 2 11 23
-52.216335 0
21 131
-44.85826 3 18 23 25
-45.130447 3 13 22 23
-45.840054 3 13 18 23
-46.344917 2 23 25
-47.15825 3 13 22 24
-48.513283 3 13 16 23
-49.681793 3 18 24 25
-50.007042 2 24 25
-50.227867 2 13 23
-51.65026 3 13 16 24
-51.757866 3 7 22 23
-52.211334 3 13 18 24
-52.60842 3 16 22 23
-54.486076 2 22 23
-55.50486 3 7 22 24
-56.096 2 13 24
-56.1573 2 18 23
-56.25347 2 4 23
-56.364586 2 15 23
-56.757034 3 16 22 24
-56.802002 3 2 16 23
-56.927574 2 7 23
-57.623405 2 16 23
-57.719387 1 23
-59.745003 2 13 22
-60.17547 2 22 24
-61.76081 2 4 25
-62.282288 3 7 16 24
-63.445587 3 7 22 25
-63.760735 2 4 24
-63.883842 2 15 24
-64.32486 3 7 16 22
-64.35713 2 7 25
-64.52639 3 7 18 24
-65.05299 2 22 25
-65.45985 2 3 25
-65.45985 2 20 25
-65.56391 2 7 24
-65.577736 2 16 24
-65.82328 1 25
-66.28033 2 10 24
-66.93939 3 7 10 22
-67.00104 2 18 24
-67.297356 1 24
-67.70507 2 4 13
-67.774216 3 7 9 22
-68.93586 3 7 11 22
-70.73684 1 13
-71.99405 3 4 16 22
-74.79376 3 4 7 22
-75.43534 2 16 22
-75.76248 3 4 9 22
-76.55292 3 7 18 22
-76.779366 2 7 22
-77.537964 3 4 7 16
-77.66019 3 4 10 22
-78.015495 3 4 7 10
-78.11153 3 7 11 19
-78.14188 3 9 11 22
-78.84246 3 7 16 19
-78.85906 3 7 9 19
-79.228355 3 10 11 22
-79.393906 3 4 7 9
-79.52946 3 10 15 22
-80.21397 2 7 10
-80.21781 2 10 22
-80.53956 2 9 22
-80.690094 3 4 7 11
-81.3115 3 9 15 19
-81.35845 2 7 16
-81.54246 2 4 10
-81.59977 2 10 15
-81.77722 3 15 16 19
-81.95156 2 4 9
-82.03584 3 7 9 14
-82.166374 2 4 16
-82.2675 2 7 11
-82.714264 3 15 18 22
-82.86298 3 11 18 22
-83.34011 2 15 16
-83.48726 3 11 15 19
-83.5865 3 4 7 15
-83.61433 2 10 11
-83.76818 2 7 15
-83.78853 3 4 11 22
-83.89394 2 4 7
-84.01184 2 7 9
-84.22843 2 11 22
-84.417206 2 9 11
-84.52819 2 16 19
-85.25663 2 9 15
-86.440956 2 9 19
-86.79308 1 16
-86.82131 1 10
-87.73636 3 4 18 22
-88.00622 3 7 12 14
-88.03804 3 4 11 18
-88.78789 3 3 4 15
-88.78789 3 4 15 20
-88.80779 1 7
-89.02909 2 11 15
-89.263176 2 4 11
-89.38128 2 15 18
-89.89504 1 9
-90.12147 2 11 18
-90.53643 2 11 19
-90.55691 2 18 22
-91.43191 2 4 15
-92.49502 1 11
-92.78613 3 14 18 19
-93.23671 3 12 15 19
-95.515434 1 15
-96.6787 2 4 18
-99.6303 2 3 4
-99.6303 2 4 20
-99.65334 2 14 18
-99.69454 2 18 19
-100.00124 2 4 17
-100.154655 2 4 22
-100.72732 1 18
-102.38704 3 4 14 19
-102.702446 1 4
-102.884964 3 12 19 22
-105.96642 2 12 19
-107.5707 2 0 22
-108.14063 2 14 22
-108.89068 2 12 22
-109.0433 1 22
-109.42855 1 0
-110.249855 2 5 12
-110.77121 0
22 101
-93.41318 3 18 20 21
-93.41321 3 3 18 21
-94.296234 3 3 18 19
-94.296234 3 18 19 20
-97.251076 3 2 18 21
-97.37209 2 18 21
-97.58008 3 3 18 25
-97.58011 3 18 20 25
-98.75565 3 7 16 21
-98.82344 3 2 16 21
-99.1638 3 3 16 19
-99.16383 3 16 19 20
-99.621605 2 3 18
-99.6217 2 18 20
-100.177826 2 7 21
-101.163025 3 11 13 21
-101.27528 3 2 16 19
-101.50021 3 2 18 23
-101.55791 3 3 16 21
-101.55791 3 16 20 21
-101.90313 2 16 21
-102.24936 3 2 16 25
-103.12988 3 2 18 25
-103.19494 1 3
-103.19494 1 20
-103.46768 3 2 11 21
-103.518105 3 1 2 16
-103.84446 2 13 21
-103.920876 3 2 18 19
-103.95673 2 2 16
-103.98855 3 17 18 19
-104.059784 3 1 18 23
-104.27779 3 17 18 25
-104.318794 2 18 25
-104.38082 2 18 19
-104.509605 2 9 21
-104.56508 3 0 1 23
-104.56901 2 18 23
-104.99881 3 2 11 13
-105.05445 2 2 18
-105.09129 3 11 17 21
-105.20981 3 0 1 25
-106.12527 3 2 9 25
-106.33621 3 2 11 23
-106.6137 3 7 9 25
-106.79146 2 2 11
-106.855255 2 11 21
-106.93132 3 9 12 19
-107.0731 3 9 15 19
-107.07541 3 15 16 19
-107.18552 3 11 13 17
-107.26713 2 1 18
-107.30996 3 9 17 25
-107.366295 2 9 25
-107.39926 3 0 1 13
-107.416405 2 10 21
-107.54244 1 18
-107.62742 2 9 19
-107.67157 3 2 21 24
-107.72003 3 16 17 19
-107.80175 2 21 24
-107.8354 3 2 17 25
-107.97041 2 2 25
-108.0256 2 16 19
-108.06443 2 2 23
-108.2766 2 17 25
-108.33484 3 1 14 16
-108.509384 3 1 11 13
-108.6113 3 0 1 16
-108.81661 3 0 1 21
-108.91794 3 1 16 25
-109.27921 2 11 13
-109.75314 2 2 9
-109.78373 2 1 16
-109.964714 2 7 25
-110.00677 2 11 17
-110.02478 3 11 16 23
-110.11922 3 0 1 24
-110.28455 2 2 21
-110.5235 2 16 25
-110.8429 2 2 24
-110.862755 1 21
-110.99896 3 14 16 23
-111.01479 2 1 25
-111.09293 2 1 7
-111.195206 3 10 12 19
-111.206116 3 1 11 23
-111.27903 2 13 17
-111.36092 2 13 25
-111.40772 2 2 10
-111.464424 2 2 13
-111.49132 3 0 1 11
-111.70818 2 1 11
-112.07609 2 10 19
-112.10293 2 1 2
-112.20623 1 7
-112.39294 2 14 16
-112.42132 2 16 17
-112.526146 1 2
-112.53977 2 1 23
-112.59067 0
23 123
-24.961601 2 21 24
-28.491783 2 24 25
-29.588005 2 22 24
-29.666683 1 24
-42.319973 2 18 21
-51.2214 3 14 16 21
-53.768944 2 16 21
-56.696983 2 10 21
-57.32247 2 9 21
-58.964165 2 17 21
-59.538845 1 21
-71.68151 3 4 18 25
-71.689095 2 18 25
-75.37502 3 14 19 25
-75.76842 3 4 13 18
-75.99054 3 13 18 22
-76.505104 3 11 18 22
-76.58378 2 13 18
-77.22284 3 14 16 25
-77.33637 2 3 25
-77.33637 2 20 25
-77.52521 2 16 25
-78.13729 2 3 13
-78.13729 2 13 20
-78.58221 3 4 9 25
-78.593475 3 9 18 22
-78.81115 2 16 18
-78.83509 2 11 18
-78.93561 3 4 14 16
-79.058304 3 4 9 18
-79.30029 3 4 7 16
-79.30976 2 4 25
-79.470505 2 14 25
-79.50088 2 7 25
-79.5121 3 4 9 14
-79.57391 3 14 16 22
-79.73769 2 4 13
-79.75274 2 10 25
-79.7658 2 9 18
-79.85909 2 9 25
-79.86901 2 17 25
-79.95129 2 7 16
-80.37926 3 14 16 20
-80.37929 3 3 14 16
-80.512566 2 13 17
-80.53451 2 10 18
-80.817986 2 15 18
-80.82626 3 7 18 22
-80.89547 2 10 13
-80.96789 2 14 16
-81.08193 2 13 16
-81.17116 3 4 7 9
-81.213844 1 25
-81.24392 1 13
-81.43711 2 7 10
-81.629105 3 9 14 19
-81.66909 2 4 9
-81.725174 3 7 9 14
-81.74181 2 4 16
-81.93761 3 4 7 18
-81.951195 2 10 16
-82.04058 3 12 18 19
-82.27607 3 7 18 19
-82.34725 2 9 11
-82.5363 3 11 16 22
-82.76556 2 9 14
-82.93865 1 16
-83.106964 3 10 14 19
-83.31195 2 7 9
-83.37798 2 10 14
-83.44014 3 10 12 19
-83.78553 2 7 18
-83.91653 2 18 22
-84.011086 2 4 10
-84.31499 2 7 11
-84.47785 2 10 11
-85.04423 2 10 15
-85.14239 2 18 19
-85.587944 2 4 18
-85.67446 1 10
-86.37806 2 9 20
-86.37812 2 3 9
-86.389244 2 14 18
-86.80598 2 9 22
-86.824745 2 0 9
-86.88998 1 18
-86.96879 2 9 19
-86.99673 1 9
-90.84092 2 11 22
-92.08495 2 4 11
-92.22912 2 4 7
-92.32458 2 7 15
-92.487434 2 3 11
-92.487434 2 11 20
-92.62823 2 11 19
-93.11257 1 11
-93.40154 1 7
-99.32146 3 3 4 15
-99.32146 3 4 15 20
-99.68849 3 12 15 19
-101.27288 2 3 15
-101.27288 2 15 20
-102.59932 3 4 14 17
-102.72845 1 15
-103.03807 4 12 14 19 22
-103.09182 2 4 17
-103.56772 3 12 14 19
-103.74432 3 0 1 22
-104.27577 3 4 14 20
-104.2758 3 3 4 14
-104.352684 2 4 14
-105.00054 2 3 4
-105.00054 2 4 20
-106.460014 2 12 19
-107.05086 3 0 2 22
-107.48737 2 14 22
-108.38586 2 14 17
-108.707115 1 14
-109.12267 1 4
-109.85891 1 0
-110.4905 2 2 22
-112.549126 1 17
-112.59067 0
24 124
-28.29113 2 22 23
-28.429958 1 23
-49.116665 2 18 21
-55.841766 3 14 16 21
-56.257515 3 7 16 21
-58.274536 3 13 16 21
-58.364807 3 10 17 21
-59.216637 2 16 21
-61.16091 2 10 21
-61.787354 3 9 17 21
-62.883446 2 9 21
-64.81907 2 21 22
-64.82696 2 17 21
-65.72598 2 11 21
-66.342766 2 0 21
-67.88009 1 21
-72.21436 2 18 25
-73.477646 3 4 13 18
-74.50199 2 13 18
-75.33361 2 7 16
-75.84346 3 4 9 18
-75.9961 2 7 10
-76.09217 2 11 18
-76.123215 3 4 9 14
-76.135 2 16 18
-76.188644 3 4 7 9
-76.66625 2 9 18
-76.95534 3 3 14 16
-76.95534 3 14 16 20
-77.38125 2 13 20
-77.38131 2 3 13
-77.42147 2 4 9
-77.5465 2 14 16
-77.61206 2 7 9
-77.65245 3 9 14 20
-77.65249 3 3 9 14
-77.743065 2 10 18
-77.8029 2 7 11
-77.84997 2 9 13
-78.10052 2 9 14
-78.135155 2 10 13
-78.20949 3 4 7 18
-78.48279 2 16 25
-78.6428 2 11 13
-78.75355 2 7 18
-78.91094 2 15 18
-78.934044 2 10 16
-79.662895 2 13 17
-79.69732 2 4 16
-79.74859 2 3 16
-79.74862 2 16 20
-79.87379 2 3 9
-79.87379 2 9 20
-79.874016 2 10 17
-80.171104 2 9 25
-80.26255 2 4 10
-80.31121 2 10 25
-80.432 1 16
-80.551285 3 10 14 20
-80.55135 3 3 10 14
-80.60006 2 9 11
-80.77798 2 4 13
-80.81396 2 10 14
-80.906685 2 10 11
-81.05688 2 3 10
-81.05688 2 10 20
-81.303535 2 3 25
-81.303535 2 20 25
-81.601906 2 10 19
-81.70193 1 10
-81.866905 2 7 25
-82.03742 2 9 17
-82.179344 2 14 18
-82.336845 2 4 18
-82.84292 1 18
-83.15281 2 0 9
-83.45016 1 13
-83.546074 2 17 25
-83.63888 1 9
-84.230576 2 14 25
-85.11732 2 4 25
-85.24397 2 22 25
-85.30871 2 11 25
-85.62464 2 3 11
-85.62464 2 11 20
-85.92478 1 25
-87.15331 2 4 11
-87.718925 2 11 17
-88.524025 2 11 22
-89.05886 2 11 14
-89.36135 1 11
-90.27361 2 3 7
-90.27364 2 7 20
-91.19372 2 4 7
-91.96856 1 7
-100.602066 3 12 15 19
-100.843 3 3 4 15
-100.843 3 4 15 20
-100.9392 2 3 15
-100.9392 2 15 20
-101.6238 2 4 17
-101.65076 3 12 14 19
-102.08144 2 0 15
-102.8196 2 15 17
-103.45037 1 15
-104.034966 3 0 12 19
-104.254234 2 0 17
-104.507866 2 12 19
-104.60347 3 4 14 20
-104.6035 3 3 4 14
-104.77984 2 3 4
-104.77984 2 4 20
-105.1769 2 4 14
-105.204956 3 0 1 22
-105.7994 1 0
-106.424995 2 14 22
-106.53802 2 14 17
-107.41097 2 3 14
-107.411064 2 14 20
-108.055626 1 14
-109.441216 1 4
-109.86834 1 17
-111.13918 2 2 22
-111.35397 0
25 212
-36.833 3 7 11 21
-37.32422 3 11 13 21
-37.412697 2 11 13
-38.53939 2 11 21
-38.785477 3 9 13 22
-39.64963 2 13 21
-40.399666 2 13 22
-41.394424 3 9 13 16
-42.05053 2 9 13
-43.079617 2 10 13
-43.413254 3 7 9 21
-43.875088 1 13
-44.266617 3 9 14 21
-45.104805 3 7 11 22
-45.44496 2 7 11
-45.500465 3 0 9 21
-45.764244 2 9 21
-46.007107 3 14 16 21
-47.532547 3 7 10 21
-47.85419 3 7 16 21
-48.082664 2 16 21
-48.418358 2 10 21
-48.591232 3 7 9 22
-48.85959 3 14 19 21
-50.68847 3 2 7 21
-51.002663 3 9 15 19
-51.184937 3 1 11 23
-51.744095 3 10 15 19
-51.820152 3 12 14 21
-51.892456 3 7 10 22
-52.055832 3 7 12 21
-52.19758 2 11 23
-52.75226 2 7 21
-52.91523 2 10 11
-53.401382 2 12 21
-53.547394 3 15 16 19
-54.425842 3 7 10 15
-54.612274 3 7 16 22
-54.62503 3 10 14 19
-54.640068 2 0 21
-54.75676 3 11 15 19
-55.225784 3 17 18 21
-55.251656 2 7 10
-55.26443 2 18 21
-55.652924 3 9 11 22
-55.67836 3 0 7 9
-55.705414 3 9 11 19
-55.716164 2 14 21
-55.917366 2 10 15
-55.990685 2 9 11
-56.298203 3 14 19 23
-56.31601 3 9 15 22
-56.38031 2 15 21
-56.880676 2 4 21
-56.89953 3 7 9 19
-57.01777 2 11 24
-57.198555 2 11 15
-57.2007 3 9 14 19
-57.682045 2 9 15
-58.064995 2 3 21
-58.064995 2 20 21
-58.28415 3 14 16 23
-58.55172 3 10 16 19
-58.560936 3 7 16 19
-58.595306 2 7 9
-58.66436 2 7 16
-58.697807 2 9 23
-58.9645 3 16 22 23
-59.29677 3 16 22 24
-59.33663 2 9 22
-59.349785 2 11 19
-59.402718 2 11 18
-59.47128 1 21
-59.646378 3 4 16 19
-59.677513 2 10 16
-59.718422 3 14 16 19
-59.743233 2 16 19
-59.995384 2 11 22
-60.043198 3 4 16 23
-60.184723 3 6 10 23
-60.193718 2 10 23
-60.320183 2 11 14
-60.505302 2 16 23
-60.69007 3 9 18 19
-60.940285 2 9 19
-61.07046 1 11
-61.33737 3 4 16 22
-61.445335 2 15 16
-61.675224 2 9 14
-61.741714 3 4 9 16
-61.799202 3 7 12 23
-62.02923 2 14 16
-62.267216 2 9 16
-62.3573 3 2 7 23
-62.36767 2 9 24
-62.789352 3 12 15 23
-62.827095 3 7 15 23
-63.153313 2 9 18
-63.18136 2 16 22
-63.22824 3 10 22 24
-63.245514 3 15 19 23
-63.30227 2 7 23
-63.343643 3 0 5 9
-63.36434 2 4 16
-63.413307 2 0 9
-63.492477 3 12 14 23
-63.96952 2 16 24
-64.36234 2 10 19
-64.724724 2 10 24
-64.79096 2 12 16
-64.891266 3 10 17 22
-64.941795 2 15 23
-65.05481 3 7 15 24
-65.22713 2 10 18
-65.2452 2 6 10
-65.25274 2 16 18
-65.27053 2 4 9
-65.70402 2 10 22
-65.73725 2 6 9
-65.83517 2 10 14
-65.83547 1 9
-65.918755 1 16
-66.11544 1 10
-66.11549 3 7 12 24
-66.574715 2 12 23
-66.77952 3 2 7 24
-66.98093 3 7 12 15
-67.0059 3 14 19 24
-67.055954 3 7 15 18
-67.101265 2 7 24
-67.3438 2 15 18
-67.54095 2 7 15
-68.00939 2 4 23
-68.01255 3 7 12 22
-68.195625 3 15 19 24
-68.35209 3 17 22 23
-68.82934 2 15 24
-69.0487 2 3 23
-69.0487 2 20 23
-69.9561 3 2 14 23
-70.0415 2 0 23
-70.39614 2 14 23
-70.58646 3 17 18 23
-71.21091 3 7 18 22
-71.38361 2 18 23
-71.52698 3 14 18 19
-71.56127 3 17 22 24
-71.9208 3 7 12 14
-72.072876 3 2 7 22
-72.653435 2 7 12
-72.90515 3 12 14 24
-73.04238 1 23
-73.2866 2 2 7
-73.498405 2 4 24
-73.953354 3 12 22 24
-74.80479 2 0 7
-74.87542 2 3 24
-74.87542 2 20 24
-74.89999 2 12 24
-74.96137 2 7 22
-75.617805 2 7 18
-75.75661 3 12 15 19
-75.8077 2 14 24
-75.95593 2 18 24
-76.22851 2 12 15
-77.08584 2 0 24
-77.20287 1 7
-77.69073 2 22 24
-78.57436 2 6 24
-78.99004 1 24
-79.1845 2 0 15
-80.66299 2 4 15
-81.54234 3 17 18 22
-81.80957 3 4 18 22
-82.01966 2 15 19
-83.350494 3 2 14 15
-83.3608 2 18 22
-83.38323 1 15
-83.659355 2 4 18
-84.60415 2 12 18
-85.06063 3 17 18 19
-85.91143 2 17 18
-86.07723 2 18 19
-86.09255 3 2 14 18
-86.584496 1 18
-86.783905 3 12 14 19
-88.17218 3 0 1 22
-91.54735 3 0 17 22
-91.83825 2 12 14
-92.1093 3 4 14 19
-92.58642 2 0 4
-92.715454 3 0 5 12
-92.88063 3 0 2 22
-92.97866 2 0 12
-93.45803 3 0 14 19
-93.46816 2 14 19
-93.66784 2 4 12
-94.53567 1 0
-94.812485 3 12 19 22
-95.77239 2 12 19
-96.14675 1 12
-96.30752 2 4 17
-96.54446 2 4 14
-96.71813 2 2 14
-97.82232 1 4
-99.632774 1 14
-100.02102 2 17 22
-102.15676 3 1 6 22
-102.27596 2 2 22
-102.90818 2 1 22
-104.04604 1 6
-104.41922 0
