39
0 51
-80.87877 2 2 35
-82.45145 2 2 28
-83.27132 2 2 24
-84.44464 1 2
-172.11874 3 20 35 36
-172.56792 2 35 36
-178.83823 3 18 20 35
-179.20514 2 1 36
-181.45251 2 18 36
-181.8101 2 12 35
-181.8403 2 12 36
-181.9516 2 35 37
-182.17545 2 13 35
-182.2783 2 20 35
-182.35693 2 13 36
-182.90076 2 16 36
-183.11348 2 28 35
-183.3839 2 29 35
-184.18367 1 35
-184.20547 1 36
-186.71863 2 12 13
-186.85062 2 12 18
-186.87613 2 12 28
-187.28802 2 12 24
-187.96744 1 12
-188.14017 2 1 28
-188.54407 2 1 18
-189.11336 2 1 37
-189.18289 2 1 13
-189.18716 2 18 37
-189.21188 2 13 28
-189.39177 2 16 28
-189.48724 2 18 28
-189.52112 1 18
-189.89565 2 13 29
-189.96402 2 13 37
-190.05841 2 29 37
-190.1352 1 28
-190.38092 1 13
-190.95375 2 16 37
-191.06352 2 16 29
-191.45386 1 29
-191.46603 2 1 24
-191.52501 2 1 16
-191.78253 1 1
-191.86578 1 16
-191.86754 1 37
-192.88495 2 9 14
-193.24762 2 3 14
-194.048 1 26
-194.81201 0
1 28
-167.86826 2 5 13
-170.98096 2 2 5
-171.67743 2 0 5
-172.56656 2 5 25
-172.84903 1 5
-178.45657 2 13 37
-178.57736 2 3 34
-178.94824 2 2 13
-179.96701 2 13 24
-180.18234 2 2 14
-180.33127 2 0 13
-180.6386 2 0 24
-180.73048 2 0 25
-180.80751 2 2 24
-181.13783 2 2 25
-181.23701 2 13 19
-181.52911 1 2
-181.52911 1 13
-182.58273 1 0
-183.24847 1 25
-184.26907 1 12
-184.28052 1 24
-184.51813 1 14
-184.54282 2 9 34
-185.41193 2 8 16
-185.61218 1 4
-185.61218 1 7
-185.61224 0
2 55
-81.68054 2 0 36
-83.71991 2 0 29
-84.09314 2 0 28
-84.30011 1 0
-168.62607 3 20 35 36
-171.7992 2 1 36
-173.82146 2 35 36
-176.00671 2 18 36
-177.00386 2 29 36
-177.11975 2 27 36
-177.30167 1 36
-179.9714 3 18 20 35
-183.93785 3 20 29 35
-183.96368 2 29 37
-184.69415 2 35 37
-184.9241 3 20 27 35
-185.37303 2 20 35
-185.41638 2 27 29
-185.76561 2 29 35
-185.90433 3 12 28 35
-186.18172 2 28 35
-186.34784 2 18 29
-186.464 2 1 29
-186.60616 2 1 37
-186.86319 2 12 28
-186.92867 2 12 29
-187.17957 1 29
-187.80704 2 18 37
-187.92268 3 1 18 27
-188.02264 3 27 35 38
-188.13776 2 1 18
-188.29202 2 18 27
-188.46875 2 1 28
-188.58446 1 37
-188.8208 3 16 26 34
-189.06004 2 35 38
-189.5275 2 1 35
-189.6541 2 16 28
-189.69595 2 13 35
-189.75142 1 35
-189.84378 2 1 13
-190.08278 3 1 16 26
-190.58447 2 1 4
-190.58447 2 1 7
-190.58453 1 1
-190.65515 1 18
-190.89977 2 16 26
-191.17953 2 13 28
-191.5463 1 12
-191.7768 1 28
-192.10014 2 13 26
-192.42474 1 13
-192.54207 2 26 34
-193.22736 1 16
-194.66754 0
3 81
-67.56122 2 8 9
-74.63599 2 9 38
-74.8811 2 9 17
-75.50275 2 9 13
-76.13637 2 1 9
-76.44318 1 9
-89.70268 3 1 8 34
-90.99567 2 8 34
-106.00859 3 8 19 35
-109.48388 3 8 13 16
-109.97898 2 8 35
-112.39007 2 8 12
-112.83003 2 8 30
-112.99457 1 8
-123.60115 3 1 17 34
-128.11902 2 17 34
-131.97458 3 17 19 35
-133.232 3 13 16 17
-136.15427 2 17 38
-136.45026 1 17
-170.74638 3 13 16 38
-171.86969 2 14 16
-174.42715 3 1 16 34
-176.68301 2 16 38
-177.02777 3 1 29 34
-177.30356 3 13 34 38
-177.48145 2 1 34
-177.56593 3 13 26 38
-177.66602 3 12 13 38
-178.01474 2 13 38
-178.49516 2 16 26
-179.10977 2 5 16
-179.21109 2 13 16
-180.13327 3 13 14 34
-180.14127 3 16 19 35
-180.55936 2 19 35
-180.65167 2 12 16
-181.1237 3 13 14 26
-181.21216 2 13 14
-181.35316 2 26 38
-181.62326 2 16 34
-181.83307 1 16
-182.8187 3 14 25 38
-182.99185 2 5 34
-183.21278 2 26 34
-183.36162 2 12 38
-183.88055 2 34 38
-183.90892 2 14 25
-183.92625 2 5 12
-184.58766 2 12 34
-184.79124 2 35 38
-184.8687 2 5 26
-184.89293 2 5 38
-185.07649 2 25 38
-185.67867 2 37 38
-185.89398 2 25 34
-185.90298 2 5 25
-186.23137 2 13 26
-186.30374 1 5
-186.41055 2 32 38
-186.63005 2 25 26
-186.7415 2 12 37
-186.76212 1 26
-186.76418 2 29 38
-186.83075 1 38
-186.99068 2 13 34
-187.16776 2 32 34
-187.27228 1 34
-187.4172 2 25 35
-187.49747 1 12
-189.12338 1 32
-189.24762 1 25
-189.27591 2 13 37
-190.034 2 0 14
-190.09479 1 13
-190.84712 1 35
-190.85802 1 37
-191.26526 1 29
-191.50336 1 28
-191.63278 2 14 24
-192.33533 0
4 1
-0.0 0
5 17
-39.057175 2 1 8
-42.488007 3 1 3 7
-42.48801 2 1 3
-44.099075 2 1 9
-46.749725 2 1 17
-48.247894 2 1 13
-48.374695 2 1 7
-48.3747 1 1
-49.871277 1 8
-54.69928 1 9
-55.086853 2 13 14
-55.106358 1 3
-57.34247 1 17
-58.71051 2 14 16
-59.89563 1 24
-60.152313 1 32
-61.137913 0
6 1
-9.434326 0
7 1
-0.0 0
8 46
-75.068985 3 3 17 34
-79.387085 2 3 17
-82.6814 2 9 17
-96.108215 2 3 34
-99.99036 2 5 17
-102.04352 1 17
-109.65636 2 3 19
-110.07883 2 9 34
-110.14659 2 3 26
-110.2699 2 3 13
-110.3811 2 3 9
-110.75116 1 3
-119.263 1 9
-167.43184 3 14 16 26
-171.55644 3 13 14 26
-171.685 2 14 16
-172.5647 2 5 26
-173.09479 3 16 26 38
-173.84068 2 16 26
-173.95094 3 13 26 38
-174.72815 2 5 16
-175.26604 2 13 26
-175.71193 2 26 38
-176.60345 2 13 14
-177.04181 2 5 13
-177.7515 2 16 38
-178.69345 2 13 38
-178.69458 2 5 25
-178.82535 1 5
-178.98912 2 25 26
-179.0662 1 26
-181.41716 2 1 16
-182.37355 2 16 37
-182.74396 1 16
-183.81549 1 13
-184.779 2 25 38
-185.35179 2 14 25
-185.42508 2 14 24
-185.9621 1 38
-187.30609 1 28
-187.46808 1 25
-187.88875 2 12 34
-188.03757 1 32
-188.99988 1 29
-189.93741 1 12
-190.09198 0
9 68
-74.15874 2 3 26
-74.88599 2 3 13
-77.03082 2 3 8
-77.0437 2 3 38
-77.40088 1 3
-106.515076 2 8 34
-121.31488 2 8 17
-121.995155 2 8 26
-122.46411 1 8
-124.03711 3 13 17 34
-124.72264 3 1 17 34
-125.48938 2 17 34
-139.0625 3 13 16 17
-140.67706 1 17
-172.31886 3 14 16 26
-172.59181 3 13 26 38
-173.22102 3 14 16 29
-173.59088 3 16 26 38
-175.30339 2 16 26
-176.4072 3 13 34 38
-176.42793 3 14 16 24
-177.14322 2 13 38
-177.4185 3 13 14 26
-177.49533 3 14 16 38
-177.84796 2 14 16
-178.0331 2 26 38
-178.55515 2 16 38
-179.04968 2 5 26
-179.40053 2 26 34
-179.7642 2 13 26
-180.9761 1 26
-182.40297 3 13 14 24
-182.8269 2 5 16
-183.16989 3 13 14 34
-183.4454 2 14 24
-183.8117 2 13 14
-184.13965 2 5 34
-184.89658 3 1 16 34
-184.99568 2 1 34
-185.40335 2 13 16
-185.95123 1 16
-186.06892 2 13 34
-186.74985 3 14 25 38
-186.81845 2 5 29
-186.82074 2 5 38
-186.85437 1 5
-187.14857 2 25 38
-187.51688 2 19 35
-187.59015 2 34 38
-187.98114 2 25 34
-188.69128 2 11 13
-188.78311 2 32 38
-188.81944 2 14 25
-188.82098 1 34
-188.91765 2 12 38
-189.23846 1 38
-189.32745 2 0 14
-189.47809 1 13
-190.07162 1 32
-191.0646 3 12 14 35
-191.18481 1 29
-191.24774 1 25
-191.47989 1 12
-192.21283 1 28
-192.77296 1 11
-193.11044 2 2 14
-193.26826 1 35
-193.29303 0
10 1
-9.434326 0
11 3
-48.558163 1 9
-48.978455 1 25
-49.07811 0
12 14
-172.1723 2 0 3
-173.41476 1 0
-175.42145 1 3
-176.82193 2 2 28
-177.13794 1 2
-177.71898 2 14 25
-178.4461 1 9
-178.54373 2 8 34
-178.82767 2 1 26
-178.91612 1 1
-179.12589 1 26
-179.47937 1 29
-180.10477 1 8
-180.25925 0
13 84
-115.61354 3 14 16 24
-118.147896 3 3 16 38
-119.65912 2 14 16
-120.941864 2 16 34
-121.16089 2 3 16
-121.67323 3 9 16 17
-122.26051 2 1 16
-123.23485 2 9 16
-123.56467 2 16 25
-123.782776 1 16
-162.50757 3 14 24 25
-162.56041 3 3 14 24
-163.9813 3 14 17 25
-165.27452 3 8 14 25
-165.36343 3 14 25 38
-166.2403 3 17 25 38
-166.49638 3 8 14 24
-166.6601 3 14 17 24
-166.72752 2 14 25
-166.9712 2 0 25
-168.46106 3 14 17 38
-168.85963 2 17 25
-168.86397 3 2 14 17
-169.11258 2 8 25
-169.39308 2 2 25
-169.5213 1 25
-170.45258 3 1 8 14
-170.6932 3 0 14 17
-171.30484 3 3 14 38
-171.36774 3 9 14 38
-171.49338 3 9 14 24
-171.54933 2 8 14
-172.14565 3 3 14 17
-172.20184 2 14 17
-172.4451 3 1 3 14
-172.50153 2 3 14
-172.53574 2 14 24
-173.52711 3 1 9 14
-175.44485 2 9 14
-178.8788 2 5 14
-180.28116 2 17 38
-181.25641 2 14 38
-182.53899 2 1 8
-182.70448 2 14 32
-182.88138 2 9 38
-183.20102 2 0 14
-183.21164 2 1 14
-184.8576 3 1 2 17
-185.1883 2 2 17
-185.3486 2 2 14
-185.60748 1 14
-185.95593 2 1 17
-186.16064 2 3 38
-186.29016 2 0 17
-187.00592 2 0 8
-187.36403 2 1 37
-187.7081 2 8 38
-187.98491 2 0 1
-188.17682 1 17
-188.29092 2 8 18
-188.39098 1 8
-188.88606 2 1 9
-189.25237 2 1 32
-189.42482 2 0 19
-189.46019 2 1 19
-189.48578 2 1 3
-189.84377 2 1 2
-189.91208 2 3 9
-190.10852 2 0 32
-190.16858 2 1 18
-190.19473 2 0 9
-190.23639 1 0
-190.45773 2 1 5
-190.50327 1 32
-190.58453 1 1
-190.8526 1 9
-192.16539 2 3 18
-192.41455 1 18
-192.42474 1 2
-192.427 1 3
-194.21881 1 19
-194.5126 1 23
-194.60115 1 35
-194.66754 0
14 47
-158.22633 3 3 13 24
-159.69427 3 9 13 24
-162.68295 3 13 17 24
-163.10529 3 8 13 24
-171.50269 2 13 24
-174.66238 3 9 16 24
-175.35039 2 3 13
-175.7377 3 8 16 24
-176.57031 2 13 17
-177.02094 2 8 13
-177.41093 2 5 13
-177.43347 3 1 9 13
-178.40211 3 3 16 24
-178.5666 2 9 13
-178.99887 2 8 16
-180.0943 2 3 16
-180.79118 3 9 16 29
-180.83783 3 16 17 24
-181.28267 2 16 17
-181.689 2 13 38
-181.69 3 9 24 25
-181.95433 2 9 16
-183.30032 2 9 24
-184.23291 1 13
-185.32051 2 5 16
-185.85263 3 3 24 25
-186.84564 3 17 24 25
-186.91318 3 8 24 25
-186.97874 2 3 25
-188.64069 2 17 24
-189.11835 2 12 25
-189.12427 2 8 24
-189.3565 2 16 21
-189.69658 2 16 24
-189.8892 2 9 25
-190.05768 1 16
-190.19844 2 17 25
-190.2012 2 8 25
-190.76202 2 0 9
-191.96059 2 24 25
-192.03754 2 0 3
-192.18958 1 18
-192.19897 1 1
-192.31744 1 25
-192.54523 1 17
-192.62775 2 3 24
-193.29303 0
15 1
-194.16168 0
16 53
-105.81802 2 3 13
-110.43825 3 8 13 34
-110.70067 2 13 34
-112.23655 3 9 13 17
-112.62693 2 9 13
-114.51767 2 13 17
-116.14557 2 13 25
-116.51625 3 13 29 38
-116.70169 1 13
-154.63876 3 14 17 25
-155.72096 2 17 25
-157.14357 3 3 14 25
-157.91147 3 8 14 25
-159.43498 2 3 25
-159.73691 3 9 14 25
-161.0446 2 9 25
-161.06552 2 8 25
-161.20473 2 0 25
-161.90259 2 3 14
-161.94336 2 25 32
-162.10211 1 25
-163.36827 3 8 14 17
-163.7597 2 14 17
-165.37457 2 8 14
-168.22476 2 9 14
-172.27222 2 2 17
-174.67706 2 0 17
-175.02228 1 17
-177.08417 1 3
-177.25687 2 1 8
-178.30956 2 0 8
-179.24496 3 0 9 34
-179.71317 2 9 38
-179.7937 2 2 8
-179.86807 2 9 18
-180.23828 1 8
-180.2447 1 9
-181.08778 2 14 32
-181.24611 2 5 14
-182.91214 2 0 32
-183.09492 2 32 35
-183.17459 2 0 34
-183.5234 1 32
-183.68182 2 14 24
-183.87419 2 0 14
-184.35107 1 14
-184.6402 1 0
-185.35262 1 35
-186.1463 1 2
-186.15686 1 18
-187.19539 2 20 37
-187.21722 1 34
-187.58649 0
17 38
-105.46988 2 8 9
-106.61914 1 8
-131.21414 3 9 13 34
-133.69418 2 9 34
-135.1291 2 3 13
-137.87262 2 3 34
-138.78241 1 3
-139.65213 3 9 13 16
-140.0425 2 9 13
-141.21361 2 9 16
-142.05151 1 9
-171.14508 3 14 16 26
-173.32843 2 14 16
-174.85661 2 16 26
-176.9917 3 13 14 26
-179.03938 3 13 26 38
-179.53271 3 13 35 38
-179.95929 2 16 38
-180.16663 2 13 38
-180.5142 2 13 14
-180.68779 2 5 16
-181.07478 2 13 26
-182.10332 1 16
-185.10867 2 26 32
-185.87503 1 26
-187.57872 2 13 29
-187.80045 2 5 13
-188.17682 1 13
-189.51999 2 5 32
-189.8226 1 32
-190.26682 2 14 24
-190.87207 1 5
-191.85094 2 35 38
-191.97993 2 14 25
-193.91983 1 14
-194.09882 1 25
-194.58032 1 29
-194.66754 0
18 25
-166.33823 3 2 20 35
-166.34521 2 22 35
-166.73409 1 35
-172.38266 2 0 22
-172.85098 2 2 27
-174.42307 2 0 27
-174.45253 2 2 22
-174.90393 3 2 20 36
-175.64537 3 0 20 36
-176.2687 1 0
-177.54718 1 2
-177.82173 2 27 37
-178.03415 2 13 27
-178.70377 1 22
-179.0639 1 28
-179.27379 2 13 34
-179.29916 2 29 34
-179.30661 1 13
-179.66974 1 27
-180.0617 1 34
-180.12988 1 16
-180.45612 1 14
-180.74773 2 20 36
-181.51505 1 26
-181.55963 0
19 5
-172.0983 2 3 35
-176.63461 2 9 35
-178.84406 2 1 13
-179.13628 1 13
-179.58502 0
20 9
-173.83171 3 2 18 35
-176.40257 2 2 35
-178.14621 3 0 18 35
-178.8755 2 0 35
-180.78096 1 35
-190.04547 1 21
-190.33917 2 18 36
-192.86055 2 16 37
-193.68414 0
21 5
-186.45334 1 20
-186.59135 2 11 35
-187.18452 1 35
-188.961 1 27
-190.09198 0
22 6
-174.60889 1 18
-175.01503 2 23 25
-175.38536 2 23 27
-175.79459 1 23
-176.64581 1 25
-177.46469 0
23 5
-176.7247 2 22 27
-177.22441 1 22
-178.73956 1 13
-178.86946 1 35
-178.8945 0
24 14
-181.56934 3 9 13 14
-182.46703 3 13 14 34
-182.97823 2 13 14
-185.52087 2 9 14
-190.8134 2 8 14
-191.11374 2 1 30
-191.27457 1 30
-191.84756 2 0 1
-192.16411 1 1
-192.25348 1 5
-192.39682 2 14 17
-192.84161 1 34
-193.36446 2 3 14
-193.49585 0
25 20
-144.50157 2 13 16
-144.7197 1 16
-145.05774 1 13
-158.81923 2 3 14
-163.91873 2 8 14
-164.0737 2 9 14
-166.02309 2 12 14
-166.22282 2 1 8
-167.09175 2 1 3
-167.11635 1 3
-167.28857 2 14 17
-167.58014 1 8
-167.84026 1 1
-168.1587 1 9
-168.89948 2 14 24
-169.22847 1 14
-169.3851 1 22
-169.63545 1 17
-170.10437 1 11
-170.20404 0
26 30
-147.827 3 17 28 29
-150.42769 3 9 28 29
-152.98827 3 8 28 29
-153.18999 2 28 29
-156.00172 2 8 29
-157.13335 2 9 29
-157.37459 2 9 28
-158.5002 2 17 29
-160.13074 2 17 28
-162.11656 2 8 28
-162.16785 1 29
-163.80305 2 3 28
-166.06683 1 28
-171.16197 2 9 36
-171.67538 2 8 36
-172.21562 1 9
-173.50671 1 8
-173.78246 2 17 36
-175.74007 1 17
-176.83577 2 3 36
-178.95937 1 3
-179.71823 2 12 36
-179.91519 1 36
-182.91267 1 35
-182.9605 2 2 34
-183.39919 1 12
-183.76857 1 0
-184.48804 1 18
-184.49167 1 32
-184.53256 0
27 9
-189.04012 2 2 18
-189.42728 2 18 37
-190.15393 2 18 29
-190.85812 2 2 29
-191.4032 1 18
-192.16196 1 21
-192.22261 2 1 29
-192.62134 1 29
-193.29303 0
28 26
-160.33003 2 26 29
-168.9636 2 26 38
-169.30786 1 29
-169.49387 2 26 37
-170.85126 1 26
-184.26535 2 36 38
-184.43332 2 0 2
-184.6402 1 0
-185.13649 2 2 35
-185.29324 1 36
-186.1103 2 2 12
-186.22507 2 8 37
-186.28279 2 2 9
-186.32437 2 8 18
-186.32635 2 2 8
-186.42624 1 2
-186.53133 1 8
-186.54512 2 37 38
-186.5586 2 18 38
-186.82141 1 18
-187.18646 1 38
-188.23692 1 9
-188.2888 1 37
-188.48509 1 3
-188.70613 1 35
-189.31708 0
29 24
-155.15593 2 26 28
-163.35432 2 2 26
-165.67719 1 26
-167.21571 2 2 28
-168.0326 1 28
-177.37599 2 2 8
-177.67575 2 2 27
-180.23877 2 2 9
-180.55396 1 2
-182.50223 2 0 8
-183.7654 2 0 27
-183.9495 1 36
-184.68372 1 0
-185.93367 1 9
-186.72379 2 12 27
-186.86697 2 8 12
-186.89986 1 35
-186.94183 2 1 27
-186.94984 1 8
-186.97179 1 3
-187.26201 1 12
-187.37015 1 27
-187.95464 1 17
-188.04187 0
30 3
-167.80328 1 34
-168.8577 1 24
-171.07895 0
31 1
-14.666562 0
32 9
-159.73827 1 17
-160.41898 1 13
-160.52023 1 16
-161.36183 1 9
-161.37135 1 3
-162.52892 1 8
-163.59775 1 5
-164.54233 1 26
-164.58328 0
33 1
-180.91739 0
34 20
-165.30373 3 1 3 8
-165.90631 2 3 8
-169.69435 3 1 9 17
-171.92674 3 1 8 9
-171.956 2 8 9
-171.97987 2 1 3
-172.78291 2 9 17
-177.25932 2 1 9
-179.63936 2 3 17
-179.67676 2 9 30
-180.27509 2 3 30
-180.54926 1 3
-181.14023 1 9
-182.33656 1 30
-182.40207 2 13 16
-184.11432 1 18
-184.9083 2 2 26
-184.95798 1 24
-185.24301 1 16
-185.61224 0
35 41
-107.14697 3 0 18 20
-108.21123 3 2 18 20
-117.00696 2 0 20
-119.85127 2 18 20
-120.19699 2 2 20
-124.41084 3 3 18 19
-127.08452 2 0 18
-129.04657 3 9 18 19
-129.70944 3 3 19 20
-129.71286 2 18 21
-130.12694 1 18
-130.95523 2 3 20
-132.04924 1 20
-133.22029 2 3 19
-133.80005 2 0 21
-134.05054 3 2 21 38
-134.24231 2 0 36
-134.32423 1 0
-136.24086 2 2 21
-137.11676 2 2 38
-138.74646 2 2 28
-139.17844 2 9 19
-139.76683 2 11 21
-140.03633 1 2
-141.2969 2 16 26
-141.64458 2 16 21
-141.76642 2 3 21
-142.04492 1 21
-142.27509 2 16 29
-142.50015 2 17 38
-142.71855 1 16
-143.33253 1 26
-143.46414 1 3
-143.81044 1 29
-144.16032 2 1 9
-144.34154 1 28
-144.62633 1 37
-144.88599 1 13
-144.92741 1 23
-144.9277 1 9
-144.95244 0
36 15
-161.72513 3 2 18 20
-162.6927 2 2 34
-162.89337 1 2
-168.77591 3 0 18 20
-169.571 2 0 35
-169.65277 1 0
-171.05905 2 26 37
-174.07968 2 29 37
-175.10843 2 28 37
-175.56407 1 37
-175.64182 1 26
-176.1669 1 29
-176.23546 1 28
-177.11014 2 18 20
-180.25925 0
37 12
-49.110733 2 2 3
-49.18703 1 2
-50.574875 1 36
-52.32553 1 0
-52.661545 2 1 38
-53.767517 2 3 38
-53.792633 1 3
-54.241756 1 28
-54.73819 2 1 13
-54.91974 1 38
-54.943985 1 35
-55.27004 0
38 22
-171.36484 2 9 13
-171.61969 2 3 13
-172.21082 3 13 17 35
-175.68956 2 13 17
-177.52881 2 3 9
-177.86095 2 3 37
-177.88605 1 3
-178.07932 2 8 35
-178.57776 2 8 13
-178.80453 2 9 16
-178.99966 2 17 35
-179.23343 2 8 37
-179.26068 1 8
-179.33606 1 9
-180.63791 2 1 37
-181.15587 2 13 14
-181.25989 1 28
-181.93301 2 13 37
-183.04019 1 37
-183.25804 2 2 35
-183.35233 3 13 26 28
-183.39056 0
