48
0 7
-1943.864380 1 3
-2221.482178 0
-2067.701416 1 9
-2132.172852 1 15
-2219.150146 1 14
-1630.175415 1 17
-2191.622559 1 7
1 1
-1621.606079 0
2 2
-1104.738281 0
-1067.723755 1 3
3 10
-1330.508667 0
-1324.158325 1 9
-1203.011475 1 15
-1245.193115 1 14
-1052.890625 1 0
-1293.493896 1 2
-1264.598267 1 13
-1172.625977 1 10
-1163.363647 1 17
-1225.970947 1 7
4 3
-2427.936279 0
-2134.144775 1 10
-2286.520508 1 11
5 7
-1556.980835 1 7
-1612.928101 1 11
-1415.618530 1 6
-1621.309204 0
-1534.001587 1 15
-1584.144165 1 14
-1612.831665 1 13
6 8
-2020.010620 0
-1745.858154 1 14
-1423.024536 1 15
-1876.650024 1 24
-1733.281128 1 13
-1814.320190 1 5
-1952.505615 1 23
-1459.830566 1 7
7 13
-2047.147827 1 3
-2151.684814 0
-1731.271362 1 24
-1993.264160 1 10
-1591.504517 1 6
-713.827332 1 15
-1953.457886 1 23
-2135.852783 1 17
-1523.254761 1 14
-1505.523804 1 13
-2087.356689 1 5
-2121.825195 1 0
-2140.325195 1 11
8 1
-11.361104 0
9 6
-1173.061401 1 3
-906.160583 1 12
-1179.411255 0
-1148.596802 1 15
-1163.311523 1 17
-1025.630493 1 0
10 10
-1157.699463 1 11
-1453.966064 1 14
-1454.381592 1 7
-1612.802612 0
-1319.011108 1 4
-1454.920410 1 3
-1144.529419 2 3 4
-1453.819580 1 15
-1512.182983 1 13
-1611.206787 1 23
11 8
-1775.262573 0
-1726.909668 1 15
-1633.847046 1 4
-1560.187744 1 14
-1742.462280 1 13
-1320.158936 1 10
-1766.881470 1 5
-1763.902588 1 7
12 2
-1154.512817 0
-881.261902 1 9
13 10
-1727.660034 0
-1135.364258 1 15
-1440.930298 1 6
-1661.749756 1 3
-1719.182495 1 5
-1081.498779 1 7
-1627.040283 1 10
-543.209473 1 14
-1320.043457 1 23
-1694.859741 1 11
14 11
-1634.215454 0
-1360.063232 1 6
-1064.777588 1 15
-1005.785950 1 7
-1475.379517 1 10
-1548.900513 1 3
-449.765167 1 13
-1597.050781 1 5
-1631.884033 1 0
-1137.756592 1 23
-1419.141113 1 11
15 14
-1190.108643 1 14
-1600.563965 1 10
-1711.193970 1 11
-321.688904 1 7
-1632.049805 1 3
-1672.238892 1 5
-1529.216309 1 23
-1728.732300 1 9
-1670.237549 1 0
-1759.546753 0
-1162.560425 1 6
-1699.723389 1 17
-1385.116455 1 24
-1167.251099 1 13
16 4
-1621.743286 0
-1617.902588 1 45
-1431.502319 1 29
-1479.861816 1 18
17 7
-1321.079590 1 0
-1896.554077 1 7
-1912.385864 0
-1745.241333 1 3
-1896.286621 1 9
-1859.506348 1 18
-1852.562866 1 15
18 9
-1437.478027 1 45
-1476.425171 1 34
-1548.900269 0
-1404.675171 1 35
-1426.466064 1 39
-1407.018433 1 16
-1441.166382 1 44
-1496.020264 1 17
-1480.104248 1 46
19 1
-4398.036133 0
20 1
-1608.745972 0
21 2
-1105.429199 0
-1103.986938 1 24
22 1
-1560.192505 0
23 7
-1367.330811 1 15
-1597.661133 0
-1190.044189 1 13
-1101.201416 1 14
-1530.155762 1 6
-1399.434082 1 7
-1596.065430 1 10
24 5
-2023.011230 0
-1879.650635 1 6
-1648.581299 1 15
-2021.569580 1 21
-1602.598145 1 7
25 3
-2329.120605 0
-1805.673096 1 32
-1588.270508 1 27
26 2
-2219.712646 0
-2195.145020 1 27
27 4
-1891.755981 0
-911.202026 1 32
-1150.906006 1 25
-1867.188110 1 26
28 2
-2221.970947 0
-1374.043213 1 31
29 2
-1641.471558 0
-1451.230347 1 16
30 2
-1525.200562 0
-1498.660645 1 31
31 4
-2244.159668 0
-2201.702637 1 32
-2217.619141 1 30
-1396.231689 1 28
32 4
-1936.455200 0
-955.900818 1 27
-1893.997803 1 31
-1413.007080 1 25
33 1
-1652.799438 0
34 6
-1868.538330 1 45
-1895.884277 1 39
-1339.649414 1 41
-1825.303345 1 18
-1897.778198 0
-1882.131714 1 44
35 6
-1575.021362 1 45
-1562.324341 1 39
-1742.113403 0
-1597.888916 1 18
-1607.231445 1 44
-1631.208374 1 46
36 2
-1802.912476 0
-1337.627563 1 47
37 6
-1766.618774 1 45
-1738.026245 1 39
-1903.057251 0
-1728.766724 1 41
-1855.194458 1 46
-1732.954712 1 44
38 1
-1700.853638 0
39 11
-1517.021606 0
-1496.557129 1 43
-1351.990967 1 37
-1515.127808 1 34
-1319.602661 2 35 37
-1337.232422 1 35
-757.511108 2 44 45
-1394.587891 1 18
-931.799622 1 46
-966.165771 1 45
-1022.720276 1 44
40 1
-2010.434937 0
41 3
-1919.971313 1 37
-1536.132935 1 34
-2094.261475 0
42 1
-11.361104 0
43 4
-1600.603271 1 45
-1613.642334 1 39
-1634.107300 0
-1611.894165 1 44
44 9
-891.016235 1 43
-730.985779 1 45
-418.927887 1 39
-743.126770 1 37
-897.582581 1 34
-913.229309 0
-778.346985 1 35
-805.495972 1 18
-719.580505 1 46
45 11
-949.903381 0
-782.811462 1 35
-920.663818 1 34
-399.047668 1 39
-568.314209 2 35 37
-813.465210 1 37
-946.062927 1 16
-838.482178 1 18
-323.422394 1 46
-767.659851 1 44
-916.399841 1 43
46 7
-877.853882 1 45
-919.112793 1 39
-1456.472290 1 37
-1435.539062 1 18
-1504.334595 0
-1393.429443 1 35
-1310.686035 1 44
47 2
-1669.853882 0
-1204.568970 1 36
