11
0 1
-21.646088 0
1 18
-701.525007 0
-599.854151 1 2
-585.863155 1 3
-651.339052 1 4
-636.982567 1 5
-599.182471 1 6
-573.963029 2 2 6
-573.492179 2 3 6
-591.476604 2 5 6
-628.225724 1 7
-598.842265 2 2 7
-623.126503 2 5 7
-629.800258 1 8
-629.515459 2 4 8
-589.320695 2 6 8
-624.504662 2 7 8
-693.764213 1 9
-512.132693 1 10
2 28
-524.626787 0
-422.955931 1 1
-276.129456 1 3
-416.482438 1 4
-366.728064 2 1 4
-406.97939 1 5
-387.477031 2 1 5
-388.832365 2 4 5
-392.285269 1 6
-367.065827 2 1 6
-376.089025 2 4 6
-356.943317 2 5 6
-384.468048 1 7
-355.084589 2 1 7
-379.926127 2 4 7
-365.216712 2 5 7
-359.994504 2 6 7
-403.782268 1 8
-381.302099 2 1 8
-274.652596 2 3 8
-390.290895 2 4 8
-378.233426 2 5 8
-355.380021 2 6 8
-370.506034 2 7 8
-501.301366 1 9
-305.213103 1 10
-244.827857 2 3 10
-299.851829 2 5 10
3 28
-542.131849 0
-426.469997 1 1
-293.634518 1 2
-444.136685 1 4
-384.120853 2 1 4
-435.619672 1 5
-400.069624 2 1 5
-422.252654 2 4 5
-397.136941 1 6
-371.446649 2 1 6
-289.72335 2 2 6
-387.311632 2 4 6
-375.122806 2 5 6
-420.479682 1 7
-382.287124 2 1 7
-412.435295 2 4 7
-392.592185 2 5 7
-370.792517 2 6 7
-429.367615 1 8
-397.43953 2 1 8
-416.781824 2 4 8
-411.35173 2 5 8
-365.579555 2 6 8
-394.098372 2 7 8
-521.595773 1 9
-322.256736 1 10
-261.871489 2 2 10
-315.979166 2 5 10
4 19
-457.277297 0
-407.091342 1 1
-349.132947 1 2
-359.282132 1 3
-385.045914 1 5
-352.035708 1 6
-335.839464 2 2 6
-342.2104 2 3 6
-348.586133 2 5 6
-363.613022 1 7
-355.568635 2 3 7
-348.035539 2 6 7
-378.342205 1 8
-378.057407 2 1 8
-374.676284 2 5 8
-347.264783 2 6 8
-449.474009 1 9
-320.037161 1 10
-318.929573 2 6 10
5 20
-460.952857 0
-396.410417 1 1
-343.305461 1 2
-354.44068 1 3
-388.721474 1 4
-377.7835 2 1 4
-387.5994 1 6
-379.893533 2 1 6
-384.149825 2 4 6
-386.44407 1 7
-381.344849 2 1 7
-386.430454 2 6 7
-383.031633 1 8
-379.365712 2 4 8
-364.11567 2 6 8
-374.618058 2 7 8
-443.271409 1 9
-333.532447 1 10
-328.171173 2 2 10
-327.254877 2 3 10
6 28
-538.088845 0
-435.746308 1 1
-405.747326 1 2
-379.856204 2 1 2
-393.093936 1 3
-380.722961 2 1 3
-432.847256 1 4
-389.520982 2 1 4
-392.453843 2 2 4
-376.022204 2 3 4
-464.735388 1 5
-419.229424 2 1 5
-428.275607 2 4 5
-407.248462 1 7
-382.331108 2 1 7
-382.774918 2 2 7
-357.561297 2 3 7
-391.670979 2 4 7
-407.234846 2 5 7
-455.650181 1 8
-415.170618 2 1 8
-391.862122 2 3 8
-424.572759 2 4 8
-436.734218 2 5 8
-397.10652 2 7 8
-534.969016 1 9
-309.358654 1 10
-308.251066 2 4 10
7 24
-513.245354 0
-439.946071 1 1
-373.086615 1 2
-372.074729 2 1 2
-391.593187 1 3
-419.58108 1 4
-397.373177 2 1 4
-387.87969 2 3 4
-438.736567 1 5
-424.880503 2 1 5
-419.057677 2 4 5
-382.404972 1 6
-350.114207 2 2 6
-356.060548 2 3 6
-378.404803 2 4 6
-381.236026 2 5 6
-418.287006 1 8
-412.99141 2 1 8
-383.017764 2 3 8
-411.696745 2 4 8
-409.873431 2 5 8
-359.743345 2 6 8
-508.427534 1 9
-326.766753 1 10
8 21
-483.434595 0
-411.709846 1 1
-362.590076 1 2
-370.670361 1 3
-404.499504 1 4
-382.675911 2 1 4
-405.513371 1 5
-400.518842 2 1 5
-395.143741 2 4 5
-400.995932 1 6
-391.134156 2 1 6
-369.438546 2 3 6
-396.225007 2 4 6
-377.512202 2 5 6
-388.476247 1 7
-384.755185 2 1 7
-362.094937 2 3 7
-376.650235 2 5 7
-378.334305 2 6 7
-474.158074 1 9
-335.661624 1 10
9 10
-187.339085 0
-179.578291 1 1
-164.013663 1 2
-166.803009 1 3
-179.535798 1 4
-169.657637 1 5
-184.219256 1 6
-182.521265 1 7
-178.062563 1 8
-161.726959 1 10
10 38
-453.538547 0
-264.146233 1 1
-234.124863 1 2
-166.367517 2 1 2
-233.663433 1 3
-174.39442 2 1 3
-202.361834 2 2 3
-316.298411 1 4
-190.595072 2 1 4
-212.523432 2 2 4
-204.510665 2 3 4
-326.118137 1 5
-221.408651 2 1 5
-218.990575 2 2 5
-206.477631 2 3 5
-267.954029 2 4 5
-224.808356 1 6
-155.156119 2 1 6
-146.29663 2 2 6
-162.773576 2 3 6
-191.702221 2 4 6
-179.416158 2 5 6
-267.059946 1 7
-175.036767 2 1 7
-193.839291 2 2 7
-180.551111 2 3 7
-235.187905 2 4 7
-229.811592 2 5 7
-178.070935 2 6 7
-305.765576 1 8
-205.990217 2 1 8
-210.569318 2 2 8
-201.870675 2 3 8
-254.987153 2 4 8
-262.159205 2 5 8
-174.012369 2 6 8
-223.1829 2 7 8
-427.926421 1 9