11
0 1
-20.645198 0
1 15
-702.042282 0
-601.551703 1 2
-587.528086 1 3
-652.967677 1 4
-638.382001 1 5
-600.830987 1 6
-579.371031 2 2 6
-580.907587 2 3 6
-597.249665 2 5 6
-629.994831 1 7
-629.950562 2 5 7
-631.422163 1 8
-597.88002 2 6 8
-692.952405 1 9
-512.702464 1 10
2 28
-525.006401 0
-424.515822 1 1
-275.96409 1 3
-417.525017 1 4
-374.737172 2 1 4
-407.844822 1 5
-393.086383 2 1 5
-393.85577 2 4 5
-393.132354 1 6
-371.672399 2 1 6
-379.869079 2 4 6
-362.858114 2 5 6
-385.272916 1 7
-358.143371 2 1 7
-372.125568 2 5 7
-361.588807 2 6 7
-404.857076 1 8
-389.487493 2 1 8
-272.719753 2 3 8
-398.877043 2 4 8
-385.54687 2 5 8
-362.435167 2 6 8
-375.469407 2 7 8
-500.064059 1 9
-392.097064 2 6 9
-304.591806 1 10
-236.096039 2 3 10
-294.117144 2 5 10
3 28
-542.528548 0
-428.014352 1 1
-293.486237 1 2
-445.286489 1 4
-392.267833 2 1 4
-436.647571 1 5
-408.110419 2 1 5
-427.846569 2 4 5
-398.136175 1 6
-378.212775 2 1 6
-288.499383 2 2 6
-392.033033 2 4 6
-380.270644 2 5 6
-421.540182 1 7
-390.017269 2 1 7
-420.353999 2 4 7
-400.265888 2 5 7
-373.056426 2 6 7
-430.554086 1 8
-406.080841 2 1 8
-425.396942 2 4 8
-419.564135 2 5 8
-373.514203 2 6 8
-399.628774 2 7 8
-520.403373 1 9
-321.73079 1 10
-253.235022 2 2 10
-312.616418 2 5 10
4 15
-457.592477 0
-408.517872 1 1
-350.111093 1 2
-360.350419 1 3
-385.909202 1 5
-352.50144 1 6
-339.238165 2 2 6
-346.398299 2 3 6
-364.53126 1 7
-351.597032 2 6 7
-379.325128 1 8
-351.605649 2 6 8
-448.179662 1 9
-319.70715 1 10
-317.014238 2 6 10
5 17
-461.268427 0
-397.608146 1 1
-344.106848 1 2
-355.387451 1 3
-389.585152 1 4
-383.695489 2 1 4
-388.304841 1 6
-384.72352 2 1 6
-387.491231 1 7
-387.446962 2 1 7
-383.932498 1 8
-368.714426 2 6 8
-382.821652 2 7 8
-442.213611 1 9
-333.413797 1 10
-322.939134 2 2 10
-324.299426 2 3 10
6 25
-538.443996 0
-437.2327 1 1
-406.569949 1 2
-384.389277 2 1 2
-394.051623 1 3
-387.431124 2 1 3
-433.352959 1 4
-394.407139 2 1 4
-395.697021 2 2 4
-380.099503 2 3 4
-465.48041 1 5
-424.348075 2 1 5
-407.988196 1 7
-389.888256 2 1 7
-384.304087 2 2 7
-359.50444 2 3 7
-395.053968 2 4 7
-456.645757 1 8
-423.103615 2 1 8
-428.926278 2 4 8
-441.427685 2 5 8
-401.736529 2 7 8
-533.451452 1 9
-309.334364 1 10
-306.641451 2 4 10
7 18
-513.606345 0
-441.558894 1 1
-373.87286 1 2
-392.61798 1 3
-420.545128 1 4
-405.164301 2 1 4
-439.829149 1 5
-431.39771 2 1 5
-383.150545 1 6
-351.606998 2 2 6
-358.070797 2 3 6
-382.246137 2 4 6
-419.336771 1 8
-388.411459 2 3 8
-418.225924 2 5 8
-364.427543 2 6 8
-507.547343 1 9
-325.567807 1 10
8 18
-483.771022 0
-413.150903 1 1
-363.621697 1 2
-371.79656 1 3
-405.503673 1 4
-391.224661 2 1 4
-406.435093 1 5
-402.65963 2 4 5
-401.972783 1 6
-399.021817 2 1 6
-401.076992 2 4 6
-382.382368 2 5 6
-389.501448 1 7
-367.590039 2 3 7
-384.831868 2 5 7
-383.249781 2 6 7
-472.875012 1 9
-335.639791 1 10
9 10
-187.264332 0
-178.174455 1 1
-162.321991 1 2
-165.139158 1 3
-177.851518 1 4
-168.209517 1 5
-182.271789 1 6
-181.20533 1 7
-176.368322 1 8
-160.077646 1 10
10 62
-453.764721 0
-264.424903 1 1
-233.350126 1 2
-160.136385 2 1 2
-232.966963 1 3
-170.290381 2 1 3
-193.098912 2 2 3
-315.879394 1 4
-186.884802 2 1 4
-208.573815 2 2 4
-199.647913 2 3 4
-187.136173 3 2 3 4
-325.910092 1 5
-219.784439 2 1 5
-212.182413 2 2 5
-201.878939 2 3 5
-264.011281 2 4 5
-206.614247 3 2 4 5
-191.768889 3 3 4 5
-224.655089 1 6
-153.002734 2 1 6
-141.052225 2 2 6
-138.655775 3 1 2 6
-158.250375 2 3 6
-189.167887 2 4 6
-152.754777 3 1 4 6
-175.756844 2 5 6
-265.726183 1 7
-169.356899 2 1 7
-185.134256 2 2 7
-159.108947 3 1 2 7
-171.988349 2 3 7
-156.255806 3 1 3 7
-171.202008 3 2 3 7
-228.598938 2 4 7
-161.194498 3 1 4 7
-223.90384 2 5 7
-221.314841 3 4 5 7
-172.243101 2 6 7
-143.750684 3 1 6 7
-305.63349 1 8
-204.479975 2 1 8
-205.609783 2 2 8
-197.68683 2 3 8
-190.110627 3 2 3 8
-252.727529 2 4 8
-196.556666 3 3 4 8
-261.702022 2 5 8
-204.428476 3 2 5 8
-196.517523 3 3 5 8
-243.925443 3 4 5 8
-173.521726 2 6 8
-150.752144 3 1 6 8
-215.470377 2 7 8
-183.825873 3 2 7 8
-204.366842 3 4 7 8
-426.578035 1 9
-260.316457 2 1 9
-312.131591 2 4 9
-217.648875 2 6 9
-258.4763 2 7 9
-303.437114 2 8 9