10
0 4
-176.85201 0
-170.530531 1 5
-167.241562 1 6
-174.561641 1 9
1 2
-418.38218 0
-340.345006 1 2
2 2
-231.137184 0
-153.100011 1 1
3 1
-627.829653 0
4 3
-278.382849 0
-230.854031 1 5
-270.530756 1 9
5 7
-147.045156 0
-140.723676 1 0
-99.516338 1 4
-129.832639 1 6
-135.901944 1 9
-134.654186 2 0 9
-128.781011 2 6 9
6 4
-310.214543 0
-300.604095 1 0
-293.002027 1 5
-308.966907 1 9
7 2
-200.501281 0
-193.140883 1 8
8 2
-406.827812 0
-399.467413 1 7
9 5
-159.695206 0
-157.404836 1 0
-151.843113 1 4
-148.551994 1 5
-158.44757 1 6