10
0 4
-177.078791 0
-171.013583 1 5
-168.417602 1 6
-175.108658 1 9
1 2
-418.927975 0
-328.323571 1 2
2 2
-231.401749 0
-140.797345 1 1
3 1
-631.865577 0
4 3
-277.916342 0
-228.736575 1 5
-267.791066 1 9
5 7
-147.27214 0
-141.206932 1 0
-98.092373 1 4
-129.407298 1 6
-136.320207 1 9
-136.076917 2 0 9
-127.708524 2 6 9
6 4
-310.768302 0
-302.107113 1 0
-292.90346 1 5
-310.31343 1 9
7 2
-200.727949 0
-195.742307 1 8
8 2
-407.989256 0
-403.003613 1 7
9 5
-159.922093 0
-157.95196 1 0
-149.796817 1 4
-148.97016 1 5
-159.467221 1 6