60
0 54
-71.529419 3 2 20 44
-86.033569 2 3 44
-28.770100 2 2 42
-76.662231 2 20 44
-101.782410 2 1 44
-88.853111 2 1 50
-74.348228 2 3 50
-63.063637 3 2 3 50
-88.253418 2 44 50
-104.276306 1 44
-94.263733 2 21 44
-77.459595 2 2 44
-92.213501 2 27 50
-29.822306 1 42
-109.379211 1 38
-69.059654 2 2 50
-73.915443 3 1 3 50
-98.010864 2 22 27
-19.557209 2 3 42
-94.381386 1 50
-65.523521 2 2 3
-45.836098 3 2 3 58
-107.707397 2 24 38
-88.994263 2 30 50
-113.601646 1 26
-89.656860 2 3 27
-76.225220 2 2 27
-86.860680 2 1 3
-107.878784 2 1 38
-105.851196 2 30 56
-116.676537 0
-58.636799 2 50 58
-101.123901 2 24 27
-106.739075 1 30
-101.220032 1 27
-101.747864 2 44 55
-102.331421 2 1 30
-102.919434 2 20 30
-18.013752 2 42 58
-79.528442 2 2 30
-91.834999 1 3
-80.884804 1 2
-96.224731 2 1 27
-108.113075 1 1
-75.244957 2 1 2
-65.844566 2 1 58
-61.996216 2 44 58
-58.033325 3 20 44 58
-63.743774 2 27 58
-102.357300 2 44 57
-93.677490 2 44 56
-52.176838 2 2 58
-49.904377 2 3 58
-66.956093 1 58
1 4
-692.783752 1 42
-696.089111 0
-687.525452 1 0
-694.561584 1 58
2 11
-235.772095 2 20 44
-202.805710 1 0
-210.609421 1 42
-237.923157 1 38
-233.436569 1 50
-232.731522 2 3 50
-238.597427 0
-220.729568 2 50 58
-205.571854 2 42 58
-235.334030 1 3
-223.090378 1 58
3 8
-513.629944 1 42
-523.960693 0
-523.485168 1 30
-523.288391 1 27
-505.501068 2 42 58
-520.697327 1 2
-499.119171 1 0
-522.931213 1 58
4 14
-47.192913 1 45
-31.330647 2 43 52
-44.315510 2 45 52
-46.579670 2 7 45
-32.585003 1 43
-21.084064 2 6 43
-57.258343 1 52
-58.384094 1 38
-25.499592 2 43 45
-64.001732 0
-62.684368 1 33
-26.622599 1 6
-59.324524 1 30
-60.318890 1 7
5 1
-0.000000 0
6 43
-97.040611 2 43 52
-105.152428 2 45 52
-108.410278 2 30 45
-100.816933 1 4
-108.617310 2 38 45
-107.188927 2 33 52
-98.751343 2 38 52
-107.638794 2 38 43
-126.740273 1 45
-94.161743 2 30 52
-94.797447 2 7 52
-110.346718 1 52
-82.002602 3 4 7 52
-86.613365 2 4 52
-108.951721 2 38 47
-106.479576 2 7 45
-122.124596 2 33 45
-118.753456 1 43
-105.672447 2 7 43
-115.388977 1 38
-112.391197 2 43 45
-102.962097 2 30 44
-92.356201 3 7 30 52
-101.665527 2 20 30
-116.151207 2 33 43
-99.839966 2 30 43
-101.572144 2 24 38
-95.682007 2 7 30
-87.250572 2 4 7
-131.944992 2 24 26
-105.586853 2 30 38
-98.852905 2 7 38
-96.975708 2 4 38
-106.378540 2 30 56
-138.196060 0
-132.288376 1 33
-111.567955 2 7 33
-93.413734 3 7 43 52
-109.231262 1 30
-132.563065 1 26
-114.657753 1 7
-88.915649 2 4 30
-109.005737 2 30 57
7 5
-585.839905 1 43
-591.622314 0
-590.249084 1 52
-568.084534 1 6
-587.939514 1 4
8 4
-16.317463 2 9 50
-19.465860 1 50
-29.531515 0
-23.037638 1 9
9 3
-291.837433 1 45
-294.268341 0
-287.774445 1 8
10 1
-50.048115 0
11 10
-269.487823 1 40
-266.914093 1 41
-277.081757 2 17 20
-308.299103 0
-306.008820 1 20
-279.021515 1 17
-262.543488 1 16
-306.908722 1 56
-262.298309 2 16 56
-276.977142 2 17 56
12 4
-49.859417 1 40
-49.668499 1 41
-50.048115 0
-49.534222 1 16
13 1
-0.000000 0
14 6
-61.534222 1 40
-61.117229 1 41
-67.519569 1 17
-68.455833 0
-67.900917 1 32
-60.823772 1 16
15 5
-145.869675 1 41
-147.066452 1 40
-145.025925 1 16
-168.206802 0
-155.811569 1 17
16 19
-50.966351 1 40
-36.680744 2 17 41
-33.208576 2 17 40
-49.456135 2 11 40
-52.972210 1 41
-24.103596 2 40 41
-141.554367 3 11 15 17
-151.521530 1 17
-150.617264 2 14 17
-146.714432 2 15 17
-311.984467 2 14 15
-339.386017 0
-287.466888 2 11 14
-316.205109 1 15
-271.056732 2 11 15
-331.753937 1 14
-293.630402 1 11
-338.872101 1 12
-141.882401 2 11 17
17 9
-248.134323 1 40
-246.682175 1 41
-239.972733 2 40 41
-372.853607 2 11 15
-411.095245 1 14
-412.031525 0
-382.753937 1 11
-399.636261 1 15
-224.167038 1 16
18 3
-615.000549 1 19
-618.994690 1 49
-619.316650 0
19 2
-105.359642 0
-101.043495 1 18
20 73
-230.682495 2 28 55
-172.194153 2 21 55
-292.831238 2 33 44
-288.163208 2 0 44
-163.544373 3 21 33 55
-259.548828 2 28 44
-191.026703 3 21 33 44
-278.178589 3 0 33 44
-315.777283 1 44
-157.147385 2 28 56
-196.592346 2 21 44
-310.239380 2 2 44
-287.481140 3 33 42 44
-512.886169 2 33 47
-299.563110 2 42 44
-577.724731 2 6 30
-102.332520 3 44 56 57
-253.575943 3 28 33 57
-255.580856 2 21 28
-208.759766 3 28 44 57
-195.499008 3 21 33 57
-280.391998 2 21 33
-245.403458 3 21 28 33
-305.755463 3 24 33 57
-315.656525 2 33 57
-490.983856 2 24 33
-278.361633 1 55
-606.498779 0
-498.727295 2 33 38
-312.664062 2 44 58
-517.369934 1 33
-508.851074 2 31 33
-510.918304 2 32 33
-93.589600 3 55 56 57
-506.108032 3 6 30 33
-506.877441 2 30 33
-515.008362 2 11 33
-604.208557 1 11
-396.237946 2 28 33
-447.178314 1 28
-106.929932 2 55 56
-585.290344 1 30
-166.644836 2 44 55
-270.056976 3 21 24 33
-126.399498 2 56 57
-315.943512 1 21
-102.923157 3 21 44 56
-99.050575 3 21 56 57
-581.470825 2 0 30
-94.984619 3 21 55 56
-129.897400 3 21 44 55
-136.708481 3 21 33 56
-184.348022 2 55 57
-210.992554 2 44 57
-149.485046 3 21 44 57
-351.716675 2 30 57
-260.312408 2 28 57
-248.403076 2 33 55
-205.583542 1 56
-193.062271 2 33 56
-315.644958 3 33 38 57
-118.299194 2 44 56
-143.872192 3 44 55 57
-139.660721 2 21 56
-184.155151 3 33 55 57
-128.788574 3 21 55 57
-191.923935 3 24 33 56
-139.120560 3 21 28 56
-211.544388 2 21 57
-357.011017 1 57
-204.516602 3 0 44 57
-104.842529 3 44 55 56
-187.649307 3 21 28 57
21 28
-380.974487 2 28 55
-409.677429 2 33 44
-399.907349 2 0 44
-396.631104 2 28 44
-409.919861 1 44
-333.849762 2 28 56
-415.475677 3 24 33 57
-403.374634 2 42 44
-394.957336 1 55
-521.110657 1 33
-517.579041 2 24 33
-567.975830 0
-467.017242 2 28 33
-518.082520 2 30 33
-482.988373 1 28
-319.373535 2 55 56
-555.552551 1 30
-323.167084 2 56 57
-364.349854 2 44 55
-277.420441 1 20
-369.852905 2 44 57
-428.492462 1 57
-392.531982 2 33 55
-389.656891 2 28 57
-349.652863 1 56
-319.617065 2 44 56
-361.816772 2 55 57
-416.612579 2 33 57
22 39
-77.403198 2 28 55
-71.167908 2 27 55
-77.865234 2 23 55
-57.865845 2 44 54
-75.922485 2 27 54
-73.865807 2 23 54
-74.647377 2 28 54
-66.068604 3 23 30 54
-77.691040 2 27 42
-70.869141 2 28 44
-77.807068 1 44
-63.845337 2 23 44
-77.785767 2 0 27
-71.521179 2 27 44
-125.786926 1 39
-125.616333 2 33 39
-105.459106 2 23 39
-90.834290 1 55
-134.702896 0
-105.610390 1 23
-129.205856 1 33
-105.313805 2 23 33
-95.211998 2 33 54
-68.107544 2 30 54
-89.414635 1 28
-75.560059 2 27 28
-73.720337 2 23 27
-71.159302 2 54 55
-80.677673 2 27 30
-92.446106 1 30
-75.161781 2 23 28
-80.994934 1 27
-80.891846 2 28 30
-57.299622 2 44 55
-74.241333 2 23 30
-74.987915 2 27 58
-73.780334 2 30 55
-96.285194 1 54
-134.390671 1 58
23 10
-442.005005 2 44 54
-442.559875 1 55
-446.133820 1 54
-446.664978 1 44
-448.065216 0
-445.563568 2 33 54
-447.916107 1 28
-439.577454 1 27
-418.972687 1 22
-445.627533 2 3 54
24 76
-407.313629 2 6 26
-179.090652 3 32 33 47
-258.086121 3 33 37 47
-153.097458 3 26 32 47
-183.810928 2 32 47
-291.354523 1 47
-258.315643 3 20 33 47
-571.682312 2 33 44
-258.197632 2 38 49
-152.426636 2 31 49
-157.180008 3 29 32 47
-260.434448 2 38 42
-142.008850 2 38 47
-115.757202 3 32 38 47
-278.980347 2 37 47
-216.012375 2 29 47
-92.170532 2 31 47
-403.158112 2 26 49
-262.939758 1 38
-266.663513 2 33 47
-580.647766 1 37
-108.898682 3 25 31 32
-181.462891 3 25 32 38
-252.404053 2 26 38
-78.223511 3 31 32 47
-216.166367 2 26 47
-405.070953 2 29 49
-388.096924 2 26 37
-103.121704 3 25 31 38
-568.377441 3 21 33 57
-383.532379 2 29 33
-507.573486 2 33 37
-250.363464 2 37 38
-184.534302 2 32 38
-216.522217 2 29 38
-238.044800 2 25 38
-249.122925 2 6 38
-261.268188 2 0 38
-260.308838 2 33 38
-569.513916 2 33 57
-496.119354 3 20 33 37
-116.867615 2 31 38
-300.478394 3 32 33 37
-316.773315 2 32 37
-256.956482 2 30 38
-656.871826 0
-547.025085 2 20 33
-569.879333 2 21 33
-317.778656 2 32 33
-310.859528 3 20 32 33
-233.315918 3 6 25 38
-395.285156 2 29 37
-573.410950 1 33
-393.234894 2 26 33
-111.660522 2 31 32
-391.281403 2 25 29
-344.486359 1 32
-238.587326 2 26 32
-235.746262 2 29 32
-317.157562 3 32 33 56
-161.959778 1 31
-376.682343 3 25 29 33
-377.611053 3 25 26 33
-134.288452 2 25 31
-159.980225 2 26 31
-236.800369 3 25 26 32
-406.808197 1 29
-379.630768 2 25 26
-407.931732 1 26
-143.741699 2 29 31
-319.613617 2 26 29
-504.337524 3 33 37 56
-563.626221 2 33 55
-559.435791 2 33 56
-258.322388 2 38 59
-264.322205 3 33 47 56
25 42
-126.301559 2 31 59
-94.783691 3 24 38 49
-95.725464 2 38 49
-92.133667 2 31 49
-118.000572 2 33 49
-153.525452 2 38 47
-149.638840 2 29 47
-148.373657 2 31 47
-165.943176 1 38
-144.456894 2 26 47
-98.670815 2 26 49
-145.691162 2 26 38
-122.318886 1 49
-141.048218 2 24 38
-155.912888 2 33 59
-130.152023 2 24 26
-110.473793 2 29 49
-163.626099 2 32 38
-139.309326 2 29 38
-158.235291 2 31 38
-90.119110 3 38 49 59
-202.548630 1 33
-157.100464 2 31 32
-157.357346 2 26 32
-210.709732 0
-162.217590 1 31
-134.546753 2 24 31
-138.044189 2 26 31
-163.967361 1 29
-131.605957 2 29 31
-148.440842 2 24 29
-156.157547 2 26 29
-90.677101 2 49 59
-130.425293 3 24 38 59
-158.453201 1 26
-86.661858 3 31 49 59
-133.190292 2 29 59
-129.094757 2 26 59
-131.365356 2 38 59
-158.484818 1 59
-121.920975 3 24 26 59
-116.688400 3 24 31 59
26 41
-785.711426 2 32 49
-650.182617 2 24 49
-859.735107 2 33 49
-745.133545 2 47 49
-746.578125 2 29 47
-918.127075 1 42
-661.138123 1 38
-750.956116 2 32 47
-752.893188 2 33 47
-757.667725 2 0 47
-755.399414 2 6 47
-826.048218 2 25 33
-661.151733 2 6 31
-639.664673 2 25 31
-867.282349 1 25
-690.241699 2 25 47
-670.598755 1 24
-898.893005 1 37
-759.586060 1 47
-640.885864 2 25 38
-650.602173 2 24 38
-587.235596 2 24 25
-667.651855 2 0 24
-783.102051 2 32 33
-861.010132 1 33
-919.538879 0
-772.207520 2 25 29
-794.576782 1 32
-738.043457 2 25 32
-794.281738 2 6 32
-740.317627 2 29 32
-663.838806 1 31
-661.859009 2 24 31
-780.017334 1 29
-660.896484 2 6 24
-759.154785 2 47 59
-913.905884 1 6
-916.463989 1 0
-907.349731 1 49
-915.978516 1 59
-667.416931 2 24 59
27 27
-207.445557 2 44 54
-202.741867 2 42 54
-210.290695 2 23 54
-177.724777 2 22 50
-208.735107 1 44
-181.257004 2 2 22
-159.958664 2 0 22
-224.698318 1 42
-215.847290 2 0 55
-165.312180 2 22 42
-218.206711 2 23 42
-207.691650 2 0 44
-212.870682 1 54
-197.888840 2 0 54
-227.259399 1 55
-235.070847 0
-226.583084 1 23
-181.362869 1 22
-233.776047 1 28
-234.398514 1 3
-213.989380 1 30
-211.926437 2 0 23
-208.916260 2 0 30
-219.614334 1 0
-176.550461 2 22 58
-232.382889 1 50
-220.043457 2 42 55
28 29
-903.147095 2 21 55
-917.022583 1 44
-903.733765 2 21 44
-871.275879 2 22 56
-910.085083 2 22 44
-958.699158 2 33 57
-917.129822 1 55
-1004.352356 0
-1004.203247 1 23
-903.698853 2 22 55
-980.322632 1 33
-959.064087 1 22
-919.364990 1 21
-845.031860 1 20
-948.182739 2 22 33
-895.529480 2 55 56
-799.317078 2 20 22
-995.368591 1 30
-1003.057556 1 27
-902.270264 2 56 57
-905.523499 2 44 55
-878.528503 2 21 22
-913.980591 1 56
-892.721313 2 44 56
-898.177490 2 21 56
-916.581970 2 55 57
-1000.983521 1 54
-959.628296 1 57
-923.170410 2 22 57
29 35
-712.453674 2 32 47
-722.061157 1 47
-702.792236 2 47 49
-683.552368 2 38 49
-845.769409 2 37 49
-673.082336 2 38 47
-742.934082 2 32 49
-654.137329 2 31 49
-828.294189 2 33 49
-609.321289 2 24 49
-657.898438 2 25 47
-684.864685 1 38
-851.915955 1 37
-658.230591 2 25 38
-709.052917 2 26 47
-864.575806 1 49
-822.547485 2 25 37
-830.106384 2 33 37
-832.842407 1 25
-629.521118 1 24
-879.584778 0
-564.446533 2 24 25
-755.213867 2 32 33
-835.599487 1 33
-805.138550 2 25 33
-630.079224 2 25 31
-757.188110 1 32
-702.928955 2 26 32
-710.351562 2 25 32
-660.691345 1 31
-740.063232 1 26
-737.767822 2 25 26
-715.405762 2 47 59
-623.620544 2 24 59
-875.887695 1 59
30 64
-569.871033 2 4 56
-576.870911 2 21 52
-568.122986 2 20 52
-545.727295 2 6 55
-579.263000 2 33 42
-545.749756 1 44
-579.738831 1 0
-567.910828 2 0 21
-540.495300 2 0 22
-505.214111 2 6 44
-560.645691 2 6 54
-573.983032 2 21 42
-583.797913 1 42
-556.504089 2 6 42
-534.720154 2 22 56
-546.711609 2 6 21
-564.654724 2 21 27
-563.740356 2 0 55
-544.467957 2 22 42
-563.241150 2 20 42
-554.630554 2 0 6
-586.274414 2 24 38
-551.904785 2 20 27
-543.605591 2 4 44
-574.270935 2 4 21
-586.273499 1 54
-572.729614 1 55
-536.513367 3 0 6 56
-589.676331 0
-580.587219 1 33
-547.419495 1 22
-577.253113 1 21
-568.467834 1 20
-574.687927 2 0 33
-580.692566 1 28
-527.609924 2 20 22
-568.594849 1 27
-541.183228 2 21 22
-549.833740 2 6 27
-528.614685 2 6 20
-589.200745 1 3
-518.807312 2 6 22
-560.711487 1 6
-561.523987 2 4 20
-552.794983 2 0 20
-584.999084 1 4
-522.710999 3 0 6 20
-495.108978 3 6 20 22
-521.829163 3 0 20 22
-517.861450 3 6 21 22
-531.235413 3 0 22 56
-574.412537 2 0 57
-552.753723 3 0 6 57
-574.430237 1 56
-573.368042 2 33 56
-539.472595 2 6 56
-559.880493 2 27 56
-506.945526 3 6 22 56
-570.357239 2 42 56
-561.097107 2 0 56
-586.111633 1 57
-572.503418 2 42 55
-553.848572 2 6 57
-582.609558 2 4 57
31 55
-529.680786 3 25 26 47
-512.462036 3 26 32 47
-538.765625 2 32 47
-606.699768 1 47
-536.600525 3 32 47 49
-633.404724 2 32 49
-376.577545 2 24 49
-534.495789 3 29 32 47
-594.060242 2 47 49
-443.711121 2 38 47
-480.661224 3 25 32 47
-552.033997 2 29 47
-884.476135 1 49
-579.677795 3 33 47 49
-506.499634 1 38
-582.119690 2 33 47
-541.271912 2 25 47
-829.894165 1 37
-577.778259 3 25 32 33
-773.287415 2 25 33
-541.706482 3 25 29 32
-841.156799 1 25
-394.736908 1 24
-531.581543 2 26 47
-360.427246 2 24 38
-757.759033 3 25 33 37
-385.996918 2 24 26
-535.215637 3 25 33 47
-766.051147 2 33 37
-634.423828 2 32 37
-657.190247 2 29 33
-793.984375 2 25 37
-470.964844 2 32 38
-632.025574 2 26 33
-889.648987 0
-315.768219 2 24 25
-798.553040 2 20 33
-498.791504 2 25 38
-807.071594 1 33
-613.563416 2 32 33
-527.777893 2 26 32
-583.037048 2 25 32
-554.781799 2 29 32
-527.603455 3 25 26 32
-595.169128 2 26 29
-613.539612 2 25 26
-633.948914 1 26
-638.393860 2 25 29
-639.827698 1 32
-882.674744 2 49 59
-670.755554 1 29
-601.721130 2 47 59
-634.690002 2 32 59
-387.005951 2 24 59
-884.528259 1 59
32 25
-394.406769 1 47
-336.322327 2 38 47
-384.799469 2 29 47
-386.961853 2 33 47
-326.472778 2 31 47
-370.825500 1 38
-556.741516 1 37
-280.204132 1 24
-385.776703 2 26 47
-516.643799 2 33 37
-461.899078 2 29 33
-368.508179 2 25 38
-592.589600 0
-335.290466 2 31 38
-535.833191 2 20 33
-464.376495 2 26 33
-592.034729 1 14
-342.768372 1 31
-337.650757 2 25 31
-470.192963 1 29
-542.284973 1 33
-430.493500 2 26 29
-467.627533 1 26
-466.532135 2 25 26
-541.446045 2 33 56
33 156
-594.739075 2 22 47
-550.728577 2 21 47
-501.895966 2 20 47
-625.629578 2 6 28
-649.583069 1 4
-591.334839 2 32 47
-598.779846 1 47
-500.262970 3 20 25 47
-514.299072 2 38 44
-573.030212 2 29 55
-583.444519 2 28 47
-573.990051 2 29 57
-549.730469 3 21 32 47
-559.664307 2 29 44
-592.937500 2 21 44
-554.564453 3 21 25 32
-595.722717 2 22 32
-520.178040 3 32 47 56
-590.988403 2 30 47
-501.717987 3 21 24 44
-591.869263 2 6 44
-572.020813 1 38
-602.132446 2 6 55
-594.230774 2 25 47
-648.403625 1 37
-559.383240 3 25 32 57
-642.739319 1 25
-575.960266 2 22 56
-546.266174 2 21 26
-598.646057 2 6 21
-541.518433 2 32 44
-511.086609 2 31 44
-567.439514 1 24
-499.493744 3 20 25 32
-601.256714 2 21 55
-457.681732 2 20 38
-473.408783 3 24 56 57
-593.609680 2 6 47
-592.086792 2 26 47
-520.910339 2 21 38
-640.317932 2 6 25
-542.929565 2 44 47
-552.937927 2 20 25
-541.612793 2 26 44
-556.213196 2 6 20
-586.662109 2 25 44
-650.900635 0
-545.041138 3 32 55 57
-561.764465 2 21 29
-446.283691 3 20 24 25
-557.925659 2 28 38
-581.279846 2 28 32
-597.436462 3 6 21 57
-519.245300 2 24 57
-593.180115 1 44
-526.622192 2 31 57
-519.015686 3 24 25 57
-502.572510 2 24 44
-562.481018 2 22 24
-564.009094 2 6 24
-597.003235 2 21 25
-549.369019 3 6 21 47
-525.171692 2 32 56
-603.681946 1 55
-478.406403 3 6 24 56
-577.511353 2 30 56
-640.398987 2 22 25
-562.854553 2 24 25
-448.476715 2 20 24
-518.906372 3 21 38 57
-571.237427 2 22 38
-447.522064 3 6 20 24
-513.674622 2 21 24
-645.403381 1 22
-530.087769 2 38 57
-565.648621 2 30 31
-600.595764 1 32
-589.120544 2 26 32
-595.685364 2 25 32
-597.366516 2 6 32
-517.390381 2 31 55
-604.035339 1 21
-598.621033 2 29 32
-601.855957 2 21 22
-524.615051 3 32 56 57
-593.350220 2 30 32
-546.747986 3 21 32 57
-551.641907 2 47 55
-557.912720 2 24 30
-568.323059 1 31
-566.131714 2 22 31
-568.255493 2 6 31
-606.915100 1 29
-561.771545 1 20
-552.518066 2 28 31
-554.661804 2 21 32
-501.789032 2 20 32
-640.588501 2 25 30
-641.811340 1 30
-606.748352 2 28 29
-626.870667 1 28
-592.371643 1 26
-517.448242 2 21 31
-549.720459 2 32 55
-464.063049 2 20 31
-575.263245 2 56 57
-493.587799 2 20 26
-644.992737 1 6
-604.348816 2 22 29
-514.859741 2 20 29
-559.320496 3 6 47 57
-557.304382 3 32 47 57
-544.539551 3 47 55 57
-558.842712 2 20 22
-642.537170 2 6 22
-542.072449 2 24 28
-559.379028 2 47 57
-514.357483 2 38 55
-561.515076 2 4 20
-525.846191 2 47 56
-509.882812 3 38 44 57
-587.402710 2 44 57
-499.692444 3 24 44 57
-590.465149 2 44 55
-607.780151 2 30 57
-608.816101 2 28 57
-552.072327 2 26 57
-602.792297 2 25 57
-499.545166 3 21 24 57
-522.756531 3 47 56 57
-547.091553 2 26 55
-599.807373 2 25 55
-504.038452 2 24 55
-523.808044 3 6 47 56
-488.878174 2 38 56
-578.573792 1 56
-573.287903 2 6 56
-521.288269 2 26 56
-478.633636 2 24 56
-577.070190 2 44 56
-571.946228 2 25 56
-590.841553 2 55 57
-492.666626 2 31 56
-497.774292 3 24 55 57
-539.555359 2 29 56
-597.865173 2 21 57
-609.745422 1 57
-493.664459 3 20 32 47
-605.318176 2 6 57
-607.596497 2 22 57
-499.740753 3 6 20 47
-559.778015 2 32 57
-525.068787 3 25 32 56
-596.870422 3 21 25 57
-547.272705 3 21 47 57
-515.777405 3 21 31 57
34 14
-63.008099 1 48
-30.545002 2 36 51
-31.228107 2 35 53
-33.911213 2 36 53
-42.968830 2 35 48
-47.173542 2 36 48
-36.448772 1 53
-28.088459 2 35 51
-35.760784 1 51
-68.455833 0
-47.316448 1 36
-38.113850 2 35 36
-43.589886 1 35
-21.997639 2 51 53
35 8
-105.925377 2 36 53
-106.490807 2 36 51
-107.068398 1 53
-110.012733 1 51
-120.361107 0
-103.835533 2 51 53
-95.495155 1 34
-110.414101 1 36
36 8
-96.527916 2 35 51
-93.534752 2 35 53
-94.677773 1 53
-100.049843 1 51
-109.178001 0
-92.078697 2 51 53
-99.230995 1 35
-88.038612 1 34
37 9
-792.221741 1 47
-803.951294 1 38
-844.006897 0
-767.782776 1 24
-841.510071 1 33
-808.158752 1 32
-784.252075 1 31
-816.338074 1 29
-823.361023 1 26
38 92
-659.780212 2 4 47
-632.497620 3 0 6 47
-665.600281 2 47 52
-503.599518 2 24 52
-608.230957 2 32 47
-666.315491 1 47
-644.223938 3 20 33 47
-496.907379 2 4 24
-490.567780 2 24 49
-837.478699 2 6 25
-817.606750 2 33 42
-656.674500 2 47 49
-457.283783 3 0 6 24
-671.795593 2 0 32
-645.258850 2 33 47
-556.536194 3 25 32 47
-617.336731 2 29 47
-672.821228 2 32 49
-503.326904 2 31 47
-491.837799 2 0 24
-895.826233 1 42
-464.093109 3 6 24 42
-460.746674 3 6 24 49
-606.039490 2 25 47
-656.653992 2 0 47
-858.125610 1 37
-790.886047 2 25 33
-486.171143 2 6 31
-853.414612 1 25
-404.228363 3 6 24 25
-496.001617 2 24 42
-504.249115 1 24
-633.617126 2 6 47
-580.422363 2 26 47
-874.551941 2 6 49
-892.695374 1 49
-789.796021 3 25 33 37
-822.564941 2 25 37
-431.782379 2 24 25
-675.182800 2 32 42
-798.320618 2 33 37
-587.582886 3 6 32 47
-586.813538 3 6 25 47
-464.174225 2 6 24
-456.651123 3 6 24 31
-846.869385 2 6 37
-800.658997 2 20 33
-819.301575 1 33
-689.923157 2 29 33
-639.408386 2 26 33
-810.596741 2 6 33
-898.181213 0
-515.031860 1 31
-678.803040 2 25 29
-649.278748 3 6 32 33
-676.417053 1 32
-507.554199 2 31 32
-611.830139 2 29 32
-788.420227 3 20 25 33
-511.049316 2 25 31
-469.939941 2 24 31
-654.188904 2 32 33
-811.168884 2 0 33
-893.207947 1 59
-558.149475 2 26 32
-614.638000 3 6 25 32
-495.798096 2 24 30
-674.257019 2 4 32
-484.252777 2 24 26
-693.810852 2 6 29
-626.152283 2 25 32
-633.267273 2 26 29
-891.773865 2 49 59
-703.461121 1 29
-659.758240 2 42 47
-892.563538 1 4
-639.780457 1 26
-627.018616 2 25 26
-852.815613 2 0 25
-644.594116 3 33 42 47
-873.780457 2 0 6
-897.506897 1 2
-512.013428 2 0 31
-875.374084 1 6
-890.883850 1 0
-650.949646 2 6 32
-657.792908 2 47 59
-669.015198 2 32 59
-491.212006 2 24 59
-814.916870 2 33 56
-640.203613 3 0 33 47
-632.757629 3 6 33 47
39 2
-622.379456 0
-613.463440 1 22
40 14
-100.828209 2 17 41
-107.537636 1 41
-192.732010 2 15 17
-360.297150 0
-71.877480 1 16
-301.823334 2 11 15
-316.473236 2 11 14
-339.156769 1 15
-360.108429 1 12
-335.719818 2 14 15
-353.375519 1 14
-321.485870 1 11
-191.405350 2 11 17
-196.399948 1 17
41 14
-95.113808 1 40
-86.952232 2 17 40
-347.873322 0
-61.459515 1 16
-285.250092 2 11 15
-300.861908 2 11 14
-325.536163 1 15
-347.493683 1 12
-321.641693 2 14 15
-178.006424 2 15 17
-340.534698 1 14
-306.488312 1 11
-175.877029 2 11 17
-182.523972 1 17
42 39
-146.527710 2 3 44
-139.733521 2 20 44
-135.711502 2 1 50
-155.947693 1 44
-139.096237 1 50
-149.402405 2 21 44
-155.344299 2 38 47
-133.961990 2 3 50
-156.115540 1 38
-119.608482 2 2 50
-144.794067 2 22 27
-137.604126 2 30 50
-125.487389 2 2 3
-153.610229 2 24 38
-103.168129 3 2 3 58
-147.078735 2 3 27
-129.013794 2 2 27
-144.406570 2 1 3
-121.189087 2 44 58
-137.353088 3 3 20 44
-158.470474 0
-119.132896 2 50 58
-152.592102 1 30
-148.097961 1 27
-157.058670 1 26
-148.139694 1 3
-130.482468 1 2
-145.956177 2 1 27
-155.165329 1 1
-120.461060 3 20 44 58
-125.777672 2 1 58
-71.616249 1 0
-127.411461 2 1 2
-123.488892 2 27 58
-153.505249 2 44 56
-109.931236 2 2 58
-127.449745 1 58
-110.019615 2 3 58
-132.745041 3 1 3 50
43 7
-121.845741 1 45
-107.496666 2 6 45
-118.185631 2 7 45
-127.607689 0
-96.190956 1 4
-121.824745 1 7
-108.165077 1 6
44 98
-776.571838 2 28 55
-784.067261 2 27 55
-768.525513 2 0 55
-763.422241 3 22 33 57
-788.199951 3 0 33 57
-942.300476 2 23 54
-937.929871 2 0 54
-757.570801 2 21 55
-903.139404 2 6 30
-660.883362 2 20 54
-950.812073 1 42
-709.833130 3 0 21 56
-741.706848 2 28 56
-742.913330 3 0 55 57
-887.667664 2 0 22
-744.782043 3 21 22 42
-783.375122 2 21 42
-779.647522 2 21 28
-724.949707 3 21 56 57
-647.961487 2 20 30
-632.882263 2 20 27
-784.181213 2 21 33
-759.626526 3 21 33 57
-724.437500 3 42 56 57
-602.705200 3 20 22 42
-730.874390 3 0 21 22
-689.226990 3 22 56 57
-797.730835 2 33 57
-946.429749 1 54
-641.761658 2 20 42
-769.819031 2 0 21
-788.178345 1 55
-697.179016 3 21 22 56
-742.277100 2 30 56
-951.934631 1 23
-754.643555 2 22 55
-747.451782 3 0 21 55
-895.614563 1 33
-876.769043 2 27 33
-893.885803 2 24 33
-844.255676 2 28 33
-866.638794 2 30 33
-953.335022 0
-889.567078 2 33 54
-705.834534 3 0 56 57
-662.613342 1 20
-847.782288 2 22 33
-887.049255 2 0 33
-705.294006 3 22 55 56
-707.873230 3 0 55 56
-909.408325 1 30
-774.036804 2 21 30
-745.817505 2 21 22
-866.005066 1 28
-926.999146 1 27
-725.000183 2 56 57
-896.439026 1 22
-862.305664 2 28 30
-718.156311 2 55 56
-795.278992 1 21
-861.889709 2 0 28
-847.459778 2 22 28
-612.543579 2 20 22
-786.385010 2 54 55
-774.219666 2 21 27
-728.022522 3 21 42 56
-656.619080 2 2 20
-620.683167 2 0 20
-940.934631 1 0
-743.711792 3 21 22 55
-581.266235 3 0 20 22
-698.139221 3 0 22 56
-802.603455 2 0 57
-816.109802 2 42 57
-759.360352 3 21 42 57
-796.140137 2 30 57
-774.961304 2 33 55
-780.273254 2 28 57
-781.869873 2 30 55
-801.891357 2 27 57
-743.230896 3 0 21 57
-725.241028 3 21 22 57
-762.966370 1 56
-761.462769 2 33 56
-742.697876 2 27 56
-755.462219 2 42 56
-732.930359 2 21 56
-713.045837 2 22 56
-661.778870 2 20 58
-737.459412 2 0 56
-748.529175 2 55 57
-761.433655 2 21 57
-762.825256 3 0 22 57
-820.073059 1 57
-786.351074 2 42 55
-770.107361 2 22 57
-754.497559 3 0 22 55
-736.124634 3 22 55 57
45 6
-235.526901 1 43
-229.164627 2 6 43
-241.288834 0
-238.857956 1 9
-224.480026 1 4
-229.833054 1 6
46 1
-696.503174 0
47 34
-455.295776 2 38 49
-400.900757 2 31 49
-455.226440 2 38 42
-455.997864 1 38
-636.078430 1 37
-421.494995 2 32 38
-393.209412 2 31 38
-444.215576 2 29 38
-322.346222 1 24
-599.063721 2 33 37
-529.533630 2 29 49
-478.365112 2 32 37
-524.871765 2 29 33
-526.260498 2 26 37
-443.579956 2 25 38
-449.560425 2 6 38
-478.066772 3 32 33 37
-631.259460 2 20 33
-480.420258 2 32 33
-635.742981 1 33
-527.626038 2 26 33
-687.863525 0
-388.619019 2 31 32
-516.011414 2 25 29
-489.680695 1 32
-446.059967 2 26 32
-444.946198 2 29 32
-404.914368 1 31
-391.070190 2 25 31
-496.900238 2 26 29
-530.339905 1 29
-527.910706 1 26
-513.914978 2 25 26
-455.834106 2 38 59
48 3
-571.205139 1 53
-567.901917 1 34
-573.349854 0
49 18
-408.990540 2 31 59
-419.975647 2 38 47
-410.347809 2 29 47
-416.977173 2 31 47
-420.677551 1 38
-415.935425 2 24 38
-409.200836 2 24 26
-337.772491 1 25
-426.163361 0
-420.990540 1 31
-411.457886 2 24 31
-410.844177 1 59
-425.841339 1 18
-409.417389 2 24 29
-411.154388 1 29
-413.974213 1 26
-408.310394 2 29 59
-409.410278 2 38 59
50 12
-133.552811 2 8 42
-139.096237 1 42
-158.470474 0
-145.562576 2 2 8
-155.782532 1 27
-148.404831 1 8
-153.309616 1 2
-127.916588 2 0 8
-136.175339 1 0
-148.949783 2 2 58
-151.310593 1 58
-144.682693 2 8 58
51 8
-204.562546 1 53
-207.308151 1 36
-183.741257 1 34
-206.087936 1 35
-203.384842 2 35 36
-216.436295 0
-201.329666 2 35 53
-201.963455 2 36 53
52 4
-145.081314 0
-138.337936 1 4
-143.707565 1 7
-117.231972 1 6
53 10
-91.127037 2 35 51
-89.333092 2 36 51
-97.304237 1 51
-94.677773 1 36
-107.033485 1 48
-95.885292 1 35
-90.189049 2 35 36
-77.170937 1 34
-109.178001 0
-97.279991 2 48 51
54 10
-226.259216 1 44
-221.599243 2 23 44
-227.696106 1 55
-231.232956 1 23
-233.164322 0
-229.761536 1 30
-229.795486 1 28
-210.964172 1 27
-194.746628 1 22
-225.903137 2 44 55
55 49
-1008.016296 2 23 54
-846.173218 2 33 44
-846.359619 2 0 44
-837.388855 2 28 44
-848.888489 1 44
-777.233215 2 28 56
-803.317993 2 21 44
-847.195618 2 23 44
-824.808105 2 21 28
-828.380859 2 22 44
-838.247620 2 21 33
-731.770447 3 22 56 57
-851.683472 2 33 57
-1008.576721 1 54
-740.546204 3 21 22 56
-848.531982 2 44 54
-1008.539612 1 23
-801.458862 3 21 22 44
-966.826477 1 33
-957.041565 2 24 33
-1014.044983 0
-912.011047 2 28 33
-963.551392 2 30 33
-841.026550 1 21
-963.898132 2 33 54
-685.907776 1 20
-933.832092 2 22 33
-997.098267 1 30
-803.564575 2 21 22
-926.822449 1 28
-1006.233521 1 27
-754.947937 2 56 57
-970.176331 1 22
-914.810852 2 22 28
-646.214478 2 20 22
-803.911194 2 21 57
-799.042969 2 44 57
-797.320801 3 21 44 57
-827.540833 2 28 57
-833.095642 2 22 57
-779.950989 3 21 22 57
-795.287292 2 54 56
-750.874512 2 44 56
-795.684631 1 56
-757.768494 2 22 56
-750.016479 3 22 44 56
-765.404968 2 21 56
-870.586731 1 57
-830.197632 3 22 33 57
56 45
-452.660339 2 33 44
-458.171509 2 0 44
-444.468750 2 28 44
-377.421783 3 21 33 44
-468.770447 1 44
-378.467346 2 21 44
-582.427490 2 33 38
-419.628265 2 21 28
-365.194702 2 21 55
-417.992615 2 21 33
-380.087830 3 21 33 57
-461.135529 2 33 57
-440.778625 1 55
-466.327759 2 42 44
-585.973450 2 32 33
-586.812317 1 33
-585.468811 2 11 33
-572.836853 2 24 33
-659.138916 0
-529.729675 2 28 33
-579.592773 2 30 33
-440.816071 1 21
-657.748596 1 11
-258.223663 1 20
-364.200500 3 21 33 55
-643.892883 1 30
-643.005005 2 0 30
-641.040161 2 6 30
-568.767151 1 28
-370.756653 2 44 55
-411.183380 3 21 24 33
-379.978394 2 55 57
-400.544312 2 44 57
-353.807861 3 21 44 57
-489.569214 2 30 57
-419.430420 2 33 55
-438.259430 2 28 57
-419.178101 2 28 55
-390.291962 2 21 57
-495.617462 1 57
-345.091125 3 21 44 55
-452.876068 3 24 33 57
-369.864136 3 44 55 57
-346.079590 3 21 55 57
-437.128448 3 28 33 57
57 26
-545.344421 2 33 44
-549.202759 2 0 44
-551.121521 1 44
-509.151520 2 28 56
-511.054749 2 21 44
-507.785034 2 21 55
-538.729919 2 21 33
-643.228333 1 33
-540.925110 1 55
-639.330994 2 24 33
-684.383057 0
-621.604675 2 28 33
-544.900085 1 21
-434.895538 1 20
-680.818665 1 30
-680.593872 2 6 30
-639.659241 1 28
-501.276672 2 44 55
-537.227844 3 21 24 33
-480.125488 2 55 56
-540.377808 2 28 55
-528.085205 2 33 55
-482.895874 2 44 56
-517.551514 2 33 56
-520.861877 1 56
-494.376068 2 21 56
58 16
-334.320892 2 2 42
-361.458099 2 1 50
-339.358429 1 42
-350.512299 2 2 50
-331.229584 2 3 42
-363.219269 1 50
-354.597992 2 1 2
-368.678070 2 1 3
-370.379181 0
-370.066925 1 22
-365.254517 2 22 27
-369.349640 1 3
-354.872101 1 2
-367.609497 2 1 27
-368.851837 1 1
-320.658722 1 0
59 11
-270.840210 2 38 49
-269.960327 2 31 49
-281.943909 2 38 47
-282.107727 1 38
-271.761749 1 49
-277.490112 2 24 38
-234.856003 1 25
-287.080841 0
-281.960266 1 31
-283.383881 1 29
-283.520599 1 26
