60
0 18
-42.907192 2 20 44
-37.310318 2 3 50
-50.057022 1 44
-16.799568 1 42
-37.489517 2 2 50
-12.429216 2 3 42
-47.781990 1 50
-33.610367 2 2 3
-52.126835 0
-48.279678 1 27
-49.801895 1 30
-15.780291 2 42 58
-38.722908 1 3
-38.651863 1 2
-51.837898 1 1
-30.030779 2 2 58
-24.794451 2 3 58
-32.490974 1 58
1 4
-347.622803 1 42
-349.196655 0
-348.907715 1 0
-345.422363 1 58
2 6
-124.077156 1 0
-126.921883 1 42
-137.552124 0
-126.428970 2 42 58
-134.128189 1 3
-131.071304 1 58
3 6
-249.263443 1 42
-253.155533 1 51
-253.308228 0
-248.233170 2 42 58
-249.884293 1 2
-239.904312 1 0
4 12
-35.324226 1 45
-33.781509 2 45 52
-24.360847 1 43
-41.568611 1 52
-41.084488 1 38
-22.797380 2 43 45
-18.794451 2 6 43
-44.124149 0
-43.849617 1 33
-43.586075 1 30
-19.146492 1 6
-43.402107 1 7
5 1
-0.000000 0
6 33
-62.792007 2 43 52
-70.027603 2 45 52
-58.897224 1 4
-67.222198 2 38 45
-72.796341 2 33 52
-65.309723 2 38 52
-64.339508 2 38 43
-77.314461 1 45
-68.167511 2 30 52
-66.720963 2 7 52
-72.819832 1 52
-56.611099 2 4 52
-65.621521 2 38 47
-69.614517 2 7 45
-69.804939 1 43
-67.202530 2 7 43
-67.630386 1 38
-68.979507 2 43 45
-69.602509 2 20 30
-69.419510 2 33 43
-65.046173 2 30 43
-83.645027 1 49
-62.200832 2 24 38
-68.218048 2 7 30
-54.952408 2 4 7
-61.830105 2 7 38
-58.121731 2 4 38
-83.874886 0
-82.154060 1 33
-71.201309 1 30
-83.529190 1 26
-73.430672 1 7
-57.262234 2 4 30
7 4
-297.770264 1 43
-300.523315 0
-290.079102 1 6
-299.801270 1 4
8 4
-14.136483 1 50
-12.429216 2 9 50
-21.446171 0
-17.021980 1 9
9 5
-146.550308 1 46
-147.146744 1 45
-147.322876 0
-142.898697 1 8
-146.573441 1 59
10 1
-26.404423 0
11 9
-139.023697 1 40
-136.480728 1 41
-145.338150 2 17 20
-163.440308 0
-161.813614 1 20
-145.888443 1 17
-135.369156 1 16
-161.808243 1 56
-145.402298 2 17 56
12 1
-26.404423 0
13 1
-0.000000 0
14 1
-21.446171 0
15 5
-70.348152 1 41
-71.272469 1 40
-69.951424 1 16
-80.615608 0
-75.245369 1 17
16 12
-178.317642 1 49
-28.191170 1 40
-22.356462 2 17 41
-21.401628 2 17 40
-15.443377 2 40 41
-25.111092 1 41
-84.374763 1 17
-178.445435 0
-167.781265 1 15
-141.818375 2 11 15
-150.374283 1 11
-79.831558 2 11 17
17 8
-131.260757 1 40
-127.336189 1 41
-127.200699 2 40 41
-192.822037 2 11 15
-212.719360 0
-195.167496 1 11
-207.349136 1 15
-118.648689 1 16
18 2
-309.217773 1 19
-309.381958 0
19 2
-48.182255 0
-48.018074 1 18
20 46
-125.270317 2 28 55
-86.804565 2 21 55
-143.996521 2 33 44
-146.042572 2 0 44
-126.652092 2 28 44
-153.192276 1 44
-84.132111 2 28 56
-102.050415 2 21 44
-262.691437 2 33 47
-150.101898 2 42 44
-297.258331 2 6 30
-126.999512 2 21 28
-145.780304 2 21 33
-165.578781 2 33 57
-254.240311 2 24 33
-139.918411 1 55
-305.073364 0
-255.786957 2 33 38
-263.643799 1 33
-261.768829 2 11 33
-303.446777 1 11
-198.328094 2 28 33
-214.608414 1 28
-61.601040 2 55 56
-298.857056 1 30
-87.777138 2 44 55
-144.620102 3 21 24 33
-54.686661 2 56 57
-157.447220 1 21
-69.708275 3 21 44 56
-52.784336 3 21 56 57
-83.559311 3 21 44 55
-103.313690 2 55 57
-106.740814 2 44 57
-90.080132 3 21 44 57
-178.869476 2 30 57
-130.235565 2 28 57
-134.236969 2 33 55
-106.453255 1 56
-101.553238 2 33 56
-69.752106 2 44 56
-72.528885 2 21 56
-82.423363 3 21 55 57
-113.517319 2 21 57
-179.744156 1 57
-111.669930 3 21 28 57
21 18
-199.778214 1 44
-199.785110 1 55
-260.604004 1 33
-284.274780 0
-236.239594 2 28 33
-242.112686 1 28
-161.993561 2 55 56
-279.853394 1 30
-154.948135 2 56 57
-187.281647 2 44 55
-136.648575 1 20
-181.800842 2 44 57
-208.576431 1 57
-193.867157 2 28 57
-175.248672 1 56
-162.324890 2 44 56
-184.680084 2 55 57
-204.580490 2 33 57
22 23
-50.899746 2 23 55
-42.483242 2 44 54
-50.569839 2 23 54
-47.012833 1 44
-39.374111 2 23 44
-75.874893 1 39
-56.651566 1 55
-65.188972 1 23
-76.015388 1 33
-64.925308 2 23 33
-80.615608 0
-63.435196 2 33 54
-46.299099 2 30 54
-44.604874 1 27
-51.024063 1 28
-42.905544 2 23 27
-52.478603 2 54 55
-52.535294 1 30
-43.198891 2 44 55
-49.643833 2 23 28
-46.885525 2 23 30
-48.963600 2 30 55
-63.952400 1 54
23 5
-244.555435 1 40
-244.762329 0
-243.672012 1 28
-242.078262 1 27
-229.335709 1 22
24 37
-88.344101 2 32 47
-146.490494 1 47
-146.462692 2 46 47
-80.857117 2 38 47
-66.403328 3 32 38 47
-143.839508 2 37 47
-119.468719 2 29 47
-45.323177 2 31 47
-142.805923 1 38
-136.966095 2 33 47
-292.014282 1 37
-119.673615 2 26 47
-203.571991 2 29 33
-264.753174 2 33 37
-141.608063 2 37 38
-94.848785 2 32 38
-131.387268 2 29 38
-141.895660 2 25 38
-137.376617 2 6 38
-69.986977 2 31 38
-159.821442 2 32 37
-325.574829 0
-279.786163 2 20 33
-156.579483 2 32 33
-289.189697 1 33
-212.357025 2 26 33
-60.678249 2 31 32
-164.086441 1 32
-118.995148 2 26 32
-120.046539 2 29 32
-78.328140 1 31
-74.479156 2 25 31
-211.404800 1 29
-211.327423 2 25 26
-213.706924 1 26
-183.920593 2 26 29
-286.394073 2 33 56
25 22
-59.985603 1 49
-71.729523 2 31 59
-52.019802 2 38 49
-45.475735 2 31 49
-59.145218 2 33 49
-83.964615 1 38
-49.552280 2 26 49
-96.320564 1 40
-83.054108 2 24 38
-67.675201 2 24 26
-57.711197 2 3 49
-95.197029 1 33
-96.389534 0
-78.320328 1 31
-74.471100 2 24 31
-76.461197 1 29
-51.950012 2 49 59
-70.054825 1 26
-71.686340 2 29 59
-62.968182 2 26 59
-78.197754 2 38 59
-80.333931 1 59
26 19
-347.233704 2 24 49
-347.774200 1 38
-424.831970 2 25 33
-433.182404 1 25
-367.238953 2 25 47
-347.649323 1 24
-457.414215 1 37
-390.222443 1 47
-317.389832 2 24 25
-439.061798 1 33
-459.516968 0
-408.266876 1 32
-385.417297 2 25 32
-400.508667 2 29 32
-345.636505 1 31
-406.738342 1 29
-344.886536 2 6 24
-459.171417 1 6
-455.358917 1 49
27 15
-116.829865 1 44
-89.015656 2 0 22
-129.742691 1 42
-91.905060 2 22 42
-128.114288 2 23 42
-121.608170 1 54
-120.109894 2 0 54
-124.316498 1 55
-130.874527 0
-128.190689 1 23
-94.863785 1 22
-129.848297 1 28
-118.689972 1 30
-125.775909 2 0 23
-127.027359 1 0
28 19
-474.904480 1 44
-443.477539 2 22 56
-463.809265 1 55
-518.121216 0
-517.031128 1 23
-507.845245 1 33
-488.529816 1 22
-475.959198 1 21
-427.656158 1 20
-460.267944 2 55 56
-401.881775 2 20 22
-516.474304 1 30
-517.095154 1 27
-460.908325 2 56 57
-449.917969 2 21 22
-468.306061 1 56
-467.443115 2 44 56
-494.694855 1 57
-471.771057 2 22 57
29 17
-339.728058 1 47
-326.825134 2 25 47
-338.698029 1 38
-408.929596 1 37
-334.321472 2 25 38
-405.938019 1 49
-390.750275 1 25
-296.508698 1 24
-410.678589 0
-281.637634 2 24 25
-399.705841 1 33
-316.681580 2 25 31
-356.159210 1 32
-348.401245 2 26 32
-342.732971 2 25 32
-317.298370 1 31
-357.899841 1 26
30 28
-291.690643 2 4 56
-275.619171 1 44
-292.439240 1 0
-258.460266 2 6 44
-279.556671 2 6 21
-280.981049 2 20 27
-291.963715 1 55
-294.764160 0
-284.327911 1 33
-281.202850 2 6 33
-266.683868 1 22
-290.342743 1 21
-288.547760 1 20
-293.117096 1 28
-263.962799 2 20 22
-282.579620 1 27
-266.362518 2 21 22
-278.319153 2 6 27
-271.435272 2 6 20
-255.089142 2 6 22
-282.090607 1 6
-288.050690 2 4 20
-286.854156 2 0 20
-294.226105 1 4
-254.491577 3 6 20 22
-291.933990 1 56
-277.751678 2 6 56
-291.728973 2 0 56
31 25
-264.286987 2 32 47
-302.366730 1 47
-239.842499 2 38 47
-257.231018 3 25 32 47
-295.628418 2 29 47
-272.246735 1 38
-301.584991 2 33 47
-286.833649 2 25 47
-414.756622 1 37
-399.948883 2 25 33
-419.995392 1 25
-190.818008 1 24
-280.598450 2 26 47
-400.206451 2 33 37
-409.243469 2 25 37
-248.455505 2 32 38
-438.064453 0
-167.354401 2 24 25
-409.318146 1 33
-267.154358 2 26 32
-289.005157 2 25 32
-290.182434 2 29 32
-324.183990 1 26
-306.271759 1 32
-344.684357 1 29
32 15
-194.680923 1 47
-174.391052 2 38 47
-193.443878 2 33 47
-156.601013 2 31 47
-190.900894 1 38
-275.804565 1 37
-131.238663 1 24
-258.160156 2 33 37
-235.843475 2 29 33
-292.726929 0
-160.934097 1 31
-238.207535 1 29
-269.956299 1 33
-231.978455 2 26 29
-241.476700 1 26
33 92
-301.071930 2 22 47
-279.885590 2 21 47
-257.387787 2 20 47
-324.009277 1 4
-302.864502 1 47
-265.608826 2 38 44
-298.616486 2 28 47
-296.952362 2 29 57
-298.299835 2 22 32
-295.732758 2 30 47
-291.651123 1 38
-323.091309 1 25
-291.976044 2 22 56
-283.499908 2 21 26
-300.294952 2 6 21
-276.140533 2 32 44
-274.283203 2 31 44
-287.898804 1 24
-237.308151 2 20 38
-250.656693 3 24 56 57
-301.893463 2 6 47
-268.442902 2 21 38
-280.557831 2 20 30
-276.765717 2 44 47
-286.676971 2 26 44
-281.967499 2 6 20
-324.283813 0
-294.317200 2 21 29
-297.708038 2 28 32
-264.414948 2 24 57
-295.909058 1 44
-275.889801 2 31 57
-259.328644 2 24 44
-285.072174 2 22 24
-271.549286 2 32 56
-299.250671 1 55
-287.386017 2 30 56
-233.962967 2 20 24
-262.243896 2 21 24
-319.683594 1 22
-271.822906 2 38 57
-293.382355 2 30 31
-301.513184 1 32
-276.145142 2 31 55
-300.612976 1 21
-299.464813 2 21 22
-293.907135 2 30 32
-279.205963 3 21 32 57
-279.151398 2 47 55
-279.178497 2 24 30
-297.920807 2 21 30
-295.537354 1 31
-313.311066 1 29
-282.854126 1 20
-279.527252 2 21 32
-257.726715 2 20 32
-313.847534 1 30
-314.007721 1 28
-303.828522 1 26
-273.432312 2 21 31
-277.325562 2 32 55
-250.170776 2 20 31
-290.527740 2 56 57
-262.960358 2 20 26
-322.562988 1 6
-273.697510 2 20 29
-281.263092 2 20 22
-280.907135 2 24 28
-280.708069 2 47 57
-267.358398 2 38 55
-272.119354 2 47 56
-294.200745 2 44 57
-297.979218 2 30 57
-284.178436 2 26 57
-260.246490 3 21 24 57
-271.622711 3 47 56 57
-288.489685 2 26 55
-258.499542 2 24 55
-257.337006 2 38 56
-293.227417 1 56
-292.621796 2 6 56
-278.697723 2 26 56
-251.968216 2 24 56
-292.020233 2 44 56
-266.694244 2 31 56
-288.781525 2 29 56
-301.594391 2 34 57
-298.294464 2 21 57
-302.290283 1 57
-302.256622 2 6 57
-300.662140 2 22 57
-279.645599 2 32 57
34 10
-30.433418 1 48
-16.497087 2 51 53
-16.497087 2 36 51
-19.592781 1 53
-19.153093 2 35 51
-20.516609 1 51
-35.608280 0
-20.339607 1 36
-19.599871 2 35 36
-23.333015 1 35
35 8
-64.975113 2 36 53
-64.848160 2 36 51
-65.057137 1 53
-68.975349 1 51
-73.920784 0
-64.869888 2 51 53
-61.645515 1 34
-65.783211 1 36
36 10
-50.811348 1 48
-42.746841 2 35 51
-51.289314 1 46
-40.224869 2 35 53
-40.306892 1 53
-46.874031 1 51
-52.126835 0
-40.108414 2 51 53
-43.989265 1 35
-36.858162 1 34
37 8
-375.084991 1 47
-383.409576 1 38
-394.129395 0
-360.569000 1 24
-377.207062 1 32
-370.821442 1 31
-392.380402 1 29
-392.026520 1 26
38 38
-330.466827 2 4 47
-312.030640 2 32 47
-332.320343 1 47
-253.845123 2 4 24
-415.173615 2 6 25
-328.101593 2 33 47
-311.498596 3 25 32 47
-269.796112 2 31 47
-321.933014 2 25 47
-427.993683 1 37
-403.250641 2 25 33
-253.446472 2 6 31
-426.288605 1 25
-226.546936 3 6 24 25
-255.944717 1 24
-310.960846 2 6 47
-306.795105 2 26 47
-424.639954 2 25 37
-241.064117 2 24 25
-303.196533 3 6 32 47
-231.185089 2 6 24
-422.027649 2 6 37
-398.223907 2 20 33
-406.080841 1 33
-400.338104 2 6 33
-438.713379 0
-272.895660 1 31
-336.887482 1 32
-331.642639 2 29 32
-332.284576 2 32 33
-293.907288 2 26 32
-365.527649 2 6 29
-325.835724 2 25 32
-366.732941 1 29
-435.673859 1 4
-326.970612 1 26
-422.469025 1 6
-322.351105 2 6 32
39 2
-308.767578 0
-304.026642 1 22
40 12
-57.907486 2 17 41
-58.042976 1 41
-192.393814 1 25
-191.372086 1 49
-192.462769 0
-192.255875 1 23
-42.208504 1 16
-161.291275 2 11 15
-183.119644 1 15
-168.046158 1 11
-108.962662 2 11 17
-111.004158 1 17
41 9
-48.126961 1 40
-44.066910 2 17 40
-182.546753 0
-29.212410 1 16
-147.594986 2 11 15
-172.279312 1 15
-155.587173 1 11
-93.496109 2 11 17
-97.163582 1 17
42 13
-73.603485 2 20 44
-68.990242 1 50
-67.477798 2 3 50
-61.654800 2 2 50
-73.920784 0
-72.788956 1 27
-69.875984 1 3
-63.290535 1 2
-72.346931 1 1
-38.593513 1 0
-56.719009 2 2 58
-61.361336 1 58
-55.795181 2 3 58
43 6
-70.699226 1 45
-70.690445 2 7 45
-73.920784 0
-54.157478 1 4
-71.167732 1 7
-59.850838 1 6
44 50
-385.078522 2 21 55
-378.776184 2 28 56
-330.676758 2 20 30
-316.032318 2 20 27
-394.162384 2 21 33
-340.611145 3 22 56 57
-402.504089 2 33 57
-482.031525 1 54
-328.101318 2 20 42
-394.836212 2 0 21
-397.581879 1 55
-351.861572 3 21 22 56
-376.252258 2 30 56
-384.129150 2 22 55
-454.245636 1 33
-450.513672 2 27 33
-434.024353 2 28 33
-451.018982 2 30 33
-482.620361 0
-330.739166 1 20
-430.415802 2 22 33
-463.475372 1 30
-395.701355 2 21 30
-370.941132 2 21 22
-439.403473 1 28
-468.575714 1 27
-353.513580 2 56 57
-449.017609 1 22
-365.762146 2 55 56
-398.123749 1 21
-435.703796 2 22 28
-303.221588 2 20 22
-391.449463 2 21 27
-318.683502 2 0 20
-480.550568 1 0
-301.977661 3 0 20 22
-403.129272 2 30 57
-395.165344 2 28 57
-406.250427 2 27 57
-368.631500 3 21 22 57
-379.638824 1 56
-378.431671 2 33 56
-370.971497 2 27 56
-366.715179 2 21 56
-352.469452 2 22 56
-375.815887 2 0 56
-381.746460 2 55 57
-383.818146 2 21 57
-410.593781 1 57
-383.195343 2 22 57
45 5
-129.276627 1 43
-132.498169 0
-132.322037 1 9
-123.698250 1 4
-125.937752 1 6
46 3
-348.699219 1 36
-349.536743 0
-348.764160 1 9
47 17
-237.791519 1 38
-325.140259 1 37
-221.281647 2 32 38
-205.387360 2 31 38
-165.100479 1 24
-314.498901 2 33 37
-235.782867 2 6 38
-321.813019 2 20 33
-322.765381 1 33
-344.184692 0
-204.153839 2 31 32
-246.138687 1 32
-232.780304 2 26 32
-233.602814 2 29 32
-208.486832 1 31
-273.234161 1 29
-274.890045 1 26
48 4
-287.222656 1 53
-286.207275 1 36
-282.347900 1 34
-287.522827 0
49 9
-220.185806 1 40
-184.872574 1 25
-221.148697 1 16
-221.276489 0
-218.843704 1 59
-184.865982 2 3 25
-216.535904 1 29
-217.118301 1 26
-221.046646 1 6
50 6
-69.777115 2 8 42
-72.368172 1 42
-77.298714 0
-69.989021 1 8
-67.912857 2 0 8
-72.953865 1 0
51 9
-102.215584 1 53
-102.918709 1 36
-93.079842 1 34
-103.226082 1 35
-101.983658 2 35 36
-108.171516 0
-108.018806 1 3
-102.028336 2 35 53
-102.017105 2 36 53
52 3
-70.478157 0
-67.922615 1 4
-59.423103 1 6
53 9
-47.882149 1 48
-38.120865 2 35 51
-35.460709 2 36 51
-42.226326 1 51
-36.362312 1 36
-39.318611 1 35
-35.554214 2 35 36
-32.166756 1 34
-48.182255 0
54 5
-126.735733 1 44
-126.458694 1 55
-127.324593 0
-118.058243 1 27
-110.661385 1 22
55 33
-425.286255 2 28 44
-426.725403 1 44
-395.755066 2 28 56
-414.228912 2 21 44
-421.027771 2 21 28
-422.911316 2 22 44
-367.681213 3 22 56 57
-429.782654 2 33 57
-510.897980 1 54
-384.205566 3 21 22 56
-486.730743 1 33
-511.763916 0
-457.107300 2 28 33
-427.274139 1 21
-346.608795 1 20
-471.444855 2 22 33
-508.963409 1 30
-409.135956 2 21 22
-457.451813 1 28
-505.205841 1 27
-372.311371 2 56 57
-487.799835 1 22
-327.525543 2 20 22
-407.475372 2 21 57
-402.524445 2 44 57
-408.433716 2 28 57
-412.363556 2 22 57
-401.337555 3 21 22 57
-389.916260 2 44 56
-403.793121 1 56
-385.894012 2 22 56
-390.537933 2 21 56
-431.371613 1 57
56 30
-224.633224 2 33 44
-221.060699 2 28 44
-228.521866 1 44
-191.068726 2 21 44
-214.940063 2 21 28
-185.741089 2 21 55
-216.909210 2 21 33
-250.522141 2 33 57
-223.532669 1 55
-300.447021 1 33
-299.147491 2 11 33
-297.651459 2 24 33
-331.503540 0
-269.608734 2 28 33
-222.477249 1 21
-329.871338 1 11
-132.883194 1 20
-328.673218 1 30
-281.688141 1 28
-191.712799 2 44 55
-216.758774 3 21 24 33
-203.224518 2 55 57
-205.204651 2 44 57
-260.415985 2 30 57
-223.131989 2 33 55
-228.498260 2 28 57
-219.991516 2 28 55
-222.701569 2 24 55
-208.656479 2 21 57
-262.284668 1 57
57 20
-271.307526 2 33 44
-273.015747 1 44
-268.426300 2 28 56
-255.038452 2 21 44
-249.545288 2 21 55
-267.025421 2 21 33
-323.048828 1 33
-264.650085 1 55
-322.615936 2 33 34
-345.042358 0
-315.636627 2 28 33
-269.343933 1 21
-219.713028 1 20
-321.615875 1 28
-248.814819 2 44 55
-244.342194 2 55 56
-249.698456 2 44 56
-273.124054 2 33 56
-275.823608 1 56
-255.523270 2 21 56
58 8
-165.393082 2 2 42
-165.886002 1 42
-164.855728 2 3 42
-170.937515 2 1 2
-178.445435 0
-171.964615 1 2
-174.671158 1 1
-158.809586 1 0
59 4
-144.890152 1 49
-131.267349 1 25
-147.322876 0
-146.573502 1 9
