60
0 11
-17.099190 1 50
-17.124887 1 30
-15.232032 1 3
-15.414008 1 2
-18.580669 1 17
-18.048775 1 14
-19.097019 0
-15.307783 2 2 50
-17.198450 1 44
-12.413611 1 42
-11.335303 1 58
1 1
-69.603760 0
2 13
-29.896126 1 34
-27.817942 1 30
-28.023420 2 22 58
-30.179539 0
-26.496529 1 0
-29.022926 1 22
-29.896126 1 14
-28.824976 1 44
-29.166468 1 55
-29.821754 1 42
-28.864449 1 51
-29.094683 2 17 46
-30.024147 1 58
3 4
-56.230228 0
-52.365242 1 0
-55.981544 1 42
-54.950020 1 58
4 4
-7.902744 0
-5.991462 1 6
-5.991462 1 43
-7.855996 1 59
5 1
-0.000000 0
6 6
-11.571296 1 52
-10.195228 1 4
-12.106510 0
-11.574409 1 7
-11.571296 1 43
-9.609200 1 59
7 2
-58.536106 0
-58.004005 1 6
8 1
-0.000000 0
9 3
-35.549507 1 48
-36.488171 1 17
-36.954105 0
10 1
-7.902744 0
11 8
-33.932610 2 16 46
-38.995090 0
-34.011963 2 41 46
-33.985081 1 16
-34.389843 1 17
-33.932610 2 40 46
-33.985081 1 40
-34.525246 1 41
12 1
-0.000000 0
13 1
-0.000000 0
14 5
-6.854499 1 0
-7.619330 1 2
-7.902744 0
-6.854499 1 42
-7.855994 1 58
15 1
-7.902744 0
16 6
-44.573490 0
-39.563484 1 11
-23.335033 1 17
-44.422890 1 18
-4.605166 1 40
-8.345832 1 41
17 9
-52.627029 2 2 46
-53.698277 0
-53.181923 1 0
-32.459812 1 16
-49.093025 1 11
-53.232338 1 9
-32.459812 1 40
-53.468880 1 57
-34.727699 1 41
18 3
-56.230228 0
-56.079624 1 16
-56.079624 1 40
19 1
-7.902744 0
20 17
-58.559303 1 33
-25.852736 2 21 57
-37.123322 2 21 33
-51.599342 1 28
-13.751280 2 56 57
-16.064869 2 55 56
-66.406158 0
-29.999119 2 21 44
-39.247658 1 21
-20.563526 2 44 57
-24.905857 2 21 55
-29.404718 2 33 57
-29.631874 1 57
-34.950344 1 44
-21.513527 1 56
-21.030376 2 55 57
-31.164240 1 55
21 8
-59.314705 1 33
-59.015053 1 28
-62.517765 0
-35.359276 1 20
-43.482246 1 57
-47.649044 1 44
-38.597084 1 56
-48.846493 1 55
22 10
-11.688120 1 30
-13.180647 2 2 23
-13.990701 1 28
-14.376413 1 27
-14.620185 1 2
-13.367927 1 23
-15.776798 0
-14.846994 1 39
-12.200281 1 44
-15.520197 1 55
23 4
-52.936836 1 49
-52.720436 1 33
-54.993382 0
-52.584511 1 22
24 21
-68.113808 1 35
-34.628494 2 33 47
-63.069008 1 33
-33.866280 1 32
-36.862022 1 47
-29.642359 1 31
-35.571274 1 29
-26.481928 2 32 47
-46.670303 1 26
-34.870598 2 29 47
-28.318668 2 31 32
-68.198151 0
-64.103035 1 37
-22.996326 2 32 38
-24.206095 1 38
-24.207424 2 29 32
-26.297775 2 31 47
-19.107994 2 38 47
-46.225887 2 26 59
-23.983662 2 0 38
-62.520519 2 1 37
25 7
-12.755500 1 49
-20.873652 1 31
-21.165810 1 46
-18.510603 1 26
-9.210350 2 49 59
-22.154118 0
-11.536660 1 59
26 15
-97.550163 1 33
-88.822868 1 32
-89.110695 1 47
-77.891006 1 31
-91.099831 1 29
-96.606529 1 25
-78.722176 1 24
-76.515312 2 24 25
-85.755234 2 47 59
-100.250038 0
-78.583191 1 38
-71.902328 2 24 59
-87.665314 2 32 59
-88.353615 2 25 47
-96.057182 1 59
27 2
-23.648933 0
-22.248549 1 22
28 8
-103.479256 0
-99.976555 1 21
-101.693169 1 22
-88.672462 1 20
-100.552452 1 57
-93.367233 1 44
-98.897881 1 56
-99.622208 1 55
29 9
-99.630119 1 49
-99.374962 1 33
-88.273888 1 32
-81.711647 1 47
-74.488052 1 31
-91.031807 1 26
-67.555122 1 24
-100.182014 0
-79.272156 1 38
30 6
-57.239937 0
-54.878342 1 2
-55.267807 1 0
-53.151260 1 22
-49.137943 1 44
-55.805618 1 58
31 11
-85.423630 1 33
-63.471420 1 32
-68.769806 1 47
-63.120754 1 29
-66.455688 1 26
-87.534256 1 25
-50.258911 1 24
-48.953045 2 24 25
-88.814705 0
-54.898548 1 38
-67.912689 2 25 47
32 10
-61.894234 1 33
-43.785484 1 47
-38.045742 1 31
-51.480911 1 29
-51.961868 1 26
-29.057152 1 24
-63.389042 0
-36.344677 1 38
-61.690960 1 37
-62.936291 1 39
33 42
-66.232010 2 21 26
-63.899715 2 21 31
-68.027634 2 32 46
-68.108955 1 32
-66.212669 1 31
-68.663734 1 46
-58.973862 2 20 32
-66.903885 1 26
-64.474602 1 24
-66.230377 2 21 32
-57.983753 2 20 31
-65.436813 2 21 23
-58.896149 2 24 56
-68.533012 2 16 46
-65.739922 2 23 55
-68.796707 1 29
-61.159931 2 20 38
-69.603760 0
-65.522293 2 40 57
-67.330818 1 23
-61.160934 2 21 24
-66.400703 1 21
-59.269684 2 20 23
-54.705391 2 20 24
-61.756920 1 20
-66.009148 2 21 38
-68.533012 2 40 46
-68.256386 1 38
-66.403870 2 23 57
-61.912682 2 24 55
-64.298813 2 32 57
-62.484222 2 32 56
-66.450203 1 57
-68.912590 1 44
-64.807808 1 56
-66.160973 1 55
-64.315422 2 31 57
-60.554520 2 24 57
-65.522293 2 16 57
-62.685421 2 31 56
-63.349289 2 23 56
-63.768784 2 24 46
34 6
-6.514716 1 36
-7.107184 1 35
-7.619330 1 2
-7.902744 0
-7.475989 1 51
-5.991462 1 53
35 5
-21.358559 1 34
-22.069756 1 24
-22.079115 2 2 49
-22.154118 0
-21.638206 1 47
36 5
-14.388770 1 34
-15.776798 0
-15.627021 1 57
-15.260535 1 56
-15.754554 1 53
37 6
-85.560867 1 32
-85.047028 1 47
-83.163818 1 24
-83.115631 2 1 24
-87.258949 0
-86.709496 1 38
38 9
-87.045456 1 33
-61.348465 1 32
-70.146820 1 47
-54.476658 1 31
-67.482971 1 29
-66.725983 1 26
-88.392830 0
-44.400757 1 24
-87.843376 1 37
39 3
-81.335495 1 32
-81.788246 0
-80.858444 1 22
40 6
-44.573490 0
-4.605166 1 16
-39.563484 1 11
-23.335033 1 17
-44.422890 1 18
-8.345832 1 41
41 8
-45.843681 2 49 59
-9.210337 2 4 16
-10.041934 1 16
-46.269596 0
-41.799751 1 11
-27.299023 1 17
-10.041934 1 40
-9.210337 2 4 40
42 6
-18.739235 1 2
-19.097019 0
-12.413611 1 0
-18.048775 1 14
-18.848335 1 3
-16.208046 1 58
43 3
-10.195228 1 4
-12.106510 0
-11.571296 1 6
44 17
-93.788223 1 33
-84.367355 1 28
-86.377403 1 30
-94.479408 0
-93.124832 1 2
-92.580826 1 0
-90.902878 1 22
-79.610672 1 21
-63.023590 1 20
-62.720592 2 0 20
-79.612000 2 2 57
-68.375870 2 2 56
-80.021988 1 57
-72.161507 1 55
-62.073345 2 20 42
-94.176132 1 58
-70.415054 1 56
45 1
-24.999363 0
46 4
-70.497169 1 33
-70.448891 1 25
-71.437195 0
-70.217018 1 59
47 9
-69.815895 1 35
-50.728249 1 32
-50.286892 1 31
-51.861435 1 29
-59.192459 1 26
-38.995659 1 24
-70.331818 0
-52.085796 1 38
-68.119881 1 37
48 2
-60.628452 0
-59.223885 1 9
49 9
-38.443192 1 29
-35.961227 2 23 59
-29.596474 1 25
-36.938545 1 23
-38.995090 0
-34.098755 2 41 59
-35.203369 2 16 59
-35.203369 2 40 59
-36.134407 1 59
50 2
-19.097019 0
-17.099190 1 0
51 3
-27.239754 1 34
-27.666508 0
-26.351418 1 2
52 2
-12.106510 0
-11.571296 1 6
53 3
-10.195228 1 34
-12.084266 1 36
-12.106510 0
54 2
-19.097019 0
-18.940224 1 57
55 11
-107.259720 1 33
-106.845444 1 28
-85.484879 2 56 57
-110.702522 0
-109.689438 1 2
-110.445908 1 22
-97.031235 1 21
-75.460602 1 20
-92.592606 1 57
-88.384621 1 44
-88.963089 1 56
56 14
-64.807808 1 33
-41.531448 2 21 57
-65.022377 1 28
-69.603760 0
-69.087502 1 36
-42.861118 2 21 44
-45.683083 1 21
-24.711128 1 20
-42.935734 2 21 55
-45.196907 1 57
-45.539425 1 44
-38.089214 2 55 57
-47.864346 1 55
-37.740986 2 44 57
57 15
-67.962929 1 33
-68.189674 1 28
-43.231434 2 55 56
-71.116486 0
-70.966713 1 36
-67.675163 2 16 33
-52.080971 1 21
-34.342216 1 20
-50.375156 2 21 55
-67.675163 2 33 40
-70.887093 1 17
-56.659084 1 44
-46.709633 1 56
-70.959694 1 54
-53.006588 1 55
58 8
-33.376568 1 30
-34.507626 1 44
-34.810886 0
-34.655495 1 2
-27.049171 1 0
-33.530678 1 3
-34.764137 1 14
-31.921913 1 42
59 12
-31.950203 1 49
-33.590706 1 46
-30.618025 1 26
-24.193428 1 25
-30.173611 2 24 26
-33.103539 2 1 46
-34.810886 0
-22.463362 2 6 25
-32.313576 1 6
-34.764137 1 4
-30.374922 2 6 49
-30.499508 2 41 49
