16
0 1
-428.325092 0
1 5
-496.532869 0
-495.887945 1 2
-478.692928 1 7
-492.311994 1 8
-494.177788 1 15
2 10
-400.230507 0
-399.585583 1 1
-397.605983 1 7
-394.196482 1 8
-399.190475 1 9
-400.207723 1 10
-399.382414 1 14
-393.276127 2 8 14
-398.16052 2 9 14
-398.493249 1 15
3 10
-403.654689 0
-6.124361 1 4
-398.450423 1 8
-395.062495 1 9
-400.475296 1 12
-399.816211 1 14
-396.411833 2 8 14
-392.893412 2 9 14
-396.119589 1 15
-394.180315 2 14 15
4 10
-403.654689 0
-6.124361 1 3
-398.450423 1 8
-395.062495 1 9
-400.475296 1 12
-399.816211 1 14
-396.411833 2 8 14
-392.893412 2 9 14
-396.119589 1 15
-394.180315 2 14 15
5 2
-1729.2282 0
-1498.230232 1 6
6 3
-892.968109 0
-661.970141 1 5
-889.254164 1 8
7 7
-142.550865 0
-124.710924 1 1
-139.926341 1 2
-135.428524 1 8
-142.463272 1 9
-141.887459 1 10
-138.764098 1 15
8 16
-481.023759 0
-476.802884 1 1
-474.989734 1 2
-475.819494 1 3
-475.819494 1 4
-477.309815 1 6
-473.901418 1 7
-472.068307 2 3 7
-472.068307 2 4 7
-417.582445 1 9
-416.913039 2 7 9
-476.725091 1 12
-471.547522 2 7 12
-280.807429 1 15
-267.389344 2 9 15
-269.729928 2 12 15
9 18
-474.4941 0
-473.454067 1 2
-465.901906 1 3
-465.901906 1 4
-474.406507 1 7
-411.052786 1 8
-474.286973 1 10
-465.75418 2 3 10
-465.75418 2 4 10
-451.527834 1 12
-447.716546 2 3 12
-447.716546 2 4 12
-395.967529 2 8 12
-473.364528 2 2 14
-403.441073 1 15
-390.022989 2 8 15
-386.793479 2 12 15
-385.303122 3 8 12 15
10 5
-26.855736 0
-26.832952 1 2
-26.19233 1 7
-26.648609 1 9
-26.77197 1 15
11 1
-479.325496 0
12 8
-246.117292 0
-242.937899 1 3
-242.937899 1 4
-241.818624 1 8
-223.151026 1 9
-244.637567 1 14
-222.998389 2 9 14
-236.106273 2 8 15
13 1
-61.394481 0
14 8
-26.855736 0
-26.007643 1 2
-23.017258 1 3
-23.017258 1 4
-25.918104 2 2 9
-25.376012 1 12
-25.08788 2 2 12
-26.77197 1 15
15 18
-477.572045 0
-475.216964 1 1
-475.834787 1 2
-470.036946 1 3
-470.036946 1 4
-473.785278 1 7
-469.447628 2 3 7
-469.447628 2 4 7
-277.355715 1 8
-275.668955 2 3 8
-275.668955 2 4 8
-406.519019 1 9
-256.325918 2 8 9
-477.48828 1 10
-271.643364 2 8 12
-477.48828 1 14
-277.207173 2 8 14
-477.361808 2 10 14