16
0 2
-428.098896 0
-426.523515 1 5
1 5
-496.25231 0
-496.22915 1 2
-482.483707 1 7
-491.714156 1 8
-493.50924 1 15
2 5
-400.080518 0
-400.057358 1 1
-394.2792 1 8
-399.23801 1 9
-398.375742 1 15
3 5
-403.776601 0
-19.610075 1 4
-399.977502 1 8
-396.647379 1 9
-397.686608 1 15
4 5
-403.776601 0
-19.610075 1 3
-399.977502 1 8
-396.647379 1 9
-397.686608 1 15
5 4
-1722.330347 0
-1720.754966 1 0
-1679.380472 1 6
-1715.347379 1 15
6 3
-893.38393 0
-850.434055 1 5
-890.03197 1 8
7 4
-142.869522 0
-129.100919 1 1
-138.157761 1 8
-141.273874 1 15
8 12
-480.797605 0
-476.259452 1 1
-474.996287 1 2
-476.998506 1 3
-476.998506 1 4
-477.445645 1 6
-476.085845 1 7
-416.926396 1 9
-478.111161 1 12
-280.461242 1 15
-266.867395 2 9 15
-273.133551 2 12 15
9 10
-474.267941 0
-473.425433 1 2
-467.138719 1 3
-467.138719 1 4
-410.396732 1 8
-453.429206 1 12
-400.563746 2 8 12
-402.789367 1 15
-389.19552 2 8 15
-390.678951 2 12 15
10 1
-27.753941 0
11 1
-479.09934 0
12 4
-246.169658 0
-243.483214 1 8
-225.330923 1 9
-240.57854 2 8 15
13 1
-62.05577 0
14 1
-27.753941 0
15 11
-477.345889 0
-474.60282 1 1
-475.641112 1 2
-471.255896 1 3
-471.255896 1 4
-470.362921 1 5
-475.750241 1 7
-277.009525 1 8
-405.867315 1 9
-255.808314 2 8 9
-274.10485 2 8 12