9
0 3
-539.553048 0
-478.963813 1 7
-529.931441 1 8
1 6
-541.841513 0
-537.242824 1 2
-521.227904 1 4
-539.886119 1 7
-484.220096 1 8
-469.375608 2 4 8
2 5
-553.720558 0
-549.121869 1 1
-551.222992 1 5
-550.039403 1 7
-552.982131 1 8
3 3
-415.95964 0
-399.826607 1 5
-413.421941 1 8
4 2
-190.538685 0
-169.925076 1 1
5 5
-337.136366 0
-334.638799 1 2
-321.003332 1 3
-323.183671 1 8
-317.130881 2 3 8
6 2
-298.118523 0
-297.664953 1 8
7 5
-486.656595 0
-426.06736 1 0
-484.701201 1 1
-482.975439 1 2
-475.376873 1 8
8 11
-500.289989 0
-490.668381 1 0
-442.668571 1 1
-499.551562 1 2
-497.752289 1 3
-486.337294 1 5
-482.975646 2 0 5
-442.299062 2 1 5
-499.836418 1 6
-489.010267 1 7
-483.877145 2 5 7