9
0 3
-539.30142 0
-479.47654 1 7
-529.387088 1 8
1 6
-541.67341 0
-539.282175 1 2
-526.766013 1 4
-540.786286 1 7
-484.295979 1 8
-483.308823 2 4 8
2 5
-553.401693 0
-551.010458 1 1
-551.67384 1 5
-550.573371 1 7
-552.151183 1 8
3 3
-416.211545 0
-405.677471 1 5
-415.332217 1 8
4 2
-190.759243 0
-175.851846 1 1
5 4
-336.998585 0
-335.270732 1 2
-326.464511 1 3
-323.701061 1 8
6 1
-298.146562 0
7 5
-486.425381 0
-426.600501 1 0
-485.538257 1 1
-483.59706 1 2
-475.009941 1 8
8 7
-500.06385 0
-490.149518 1 0
-442.686419 1 1
-498.81334 1 2
-499.184522 1 3
-486.766325 1 5
-488.648409 1 7