8
0 9
-352.961889 0
-318.290199 1 1
-352.808941 1 2
-352.493731 1 4
-320.312085 1 5
-314.262749 2 1 5
-344.800797 1 6
-315.036082 2 1 6
-276.853587 1 7
1 7
-325.127211 0
-290.455521 1 0
-295.115648 1 5
-289.066311 2 0 5
-317.847341 1 6
-288.082626 2 0 6
-275.940553 1 7
2 4
-47.903508 0
-47.75056 1 0
-47.247272 1 3
-37.116957 1 7
3 2
-9.724177 0
-9.067941 1 2
4 5
-213.09981 0
-212.631652 1 0
-212.306564 1 5
-210.076581 1 6
-202.448683 1 7
5 9
-371.091971 0
-338.442167 1 0
-341.080408 1 1
-337.052958 2 0 1
-370.298724 1 4
-240.414581 1 6
-232.508869 2 0 6
-233.459626 2 1 6
-220.932496 1 7
6 7
-356.946757 0
-348.785664 1 0
-349.666887 1 1
-346.41277 2 0 1
-353.923528 1 4
-226.269367 1 5
-233.468122 1 7
7 7
-530.11316 0
-454.004858 1 0
-480.926502 1 1
-519.326609 1 2
-519.462033 1 4
-379.953685 1 5
-406.634526 1 6