8
0 9
-353.494275 0
-318.314731 1 1
-351.194548 1 2
-352.158665 1 4
-322.994852 1 5
-313.663366 2 1 5
-347.549336 1 6
-310.923612 2 1 6
-265.292096 1 7
1 7
-325.600562 0
-290.421019 1 0
-296.791312 1 5
-287.459826 2 0 5
-318.793832 1 6
-282.168108 2 0 6
-265.906638 1 7
2 6
-48.133839 0
-45.834112 1 0
-45.205241 1 3
-44.132309 2 0 3
-47.939165 1 5
-26.277608 1 7
3 3
-9.990062 0
-7.061463 1 2
-9.98558 1 7
4 5
-213.307337 0
-211.971727 1 0
-212.899793 1 5
-209.684682 1 6
-193.706931 1 7
5 11
-371.656377 0
-341.156955 1 0
-342.847127 1 1
-338.195761 2 0 1
-371.461703 1 2
-371.248832 1 4
-239.932065 1 6
-228.765844 2 0 6
-223.642465 2 1 6
-207.01797 1 7
-200.393626 2 6 7
6 8
-357.490361 0
-351.545423 1 0
-350.683631 1 1
-343.292512 2 0 1
-353.867706 1 4
-225.766049 1 5
-226.382105 1 7
-219.757761 2 5 7
7 24
-530.902912 0
-442.700733 1 0
-471.208988 1 1
-439.769747 2 0 1
-509.046681 1 2
-427.915129 2 0 2
-454.483236 2 1 2
-530.89843 1 3
-511.302505 1 4
-469.657527 2 1 4
-494.675944 2 2 4
-366.264505 1 5
-343.130822 2 0 5
-361.434987 2 1 5
-352.04769 2 2 5
-334.556348 3 0 2 5
-350.8893 3 1 2 5
-399.794656 1 6
-349.277674 2 0 6
-368.370973 2 1 6
-383.744641 2 2 6
-339.801087 3 0 2 6
-357.284756 3 1 2 6
-360.256217 2 5 6