29
0 85
-103.945656 3 4 13 14
-118.753532 3 16 21 22
-122.552063 3 10 12 13
-125.360756 2 2 18
-121.140869 3 3 26 27
-112.987984 2 1 27
-118.334206 4 3 23 26 27
-122.216042 2 25 27
-123.915413 1 20
-125.361137 1 19
-127.301514 1 16
-115.404106 3 1 21 22
-121.750984 3 3 23 26
-116.559181 2 1 22
-102.728745 3 4 25 27
-123.111389 2 20 23
-104.010971 3 4 14 25
-122.485748 2 3 20
-122.725769 2 3 19
-106.639915 2 4 14
-121.773949 2 20 22
-123.173988 2 19 22
-122.843262 2 3 22
-114.794136 2 1 20
-106.422310 3 4 14 27
-122.575195 3 3 19 22
-127.432846 1 13
-116.294258 2 1 13
-124.990509 2 13 22
-126.003517 2 12 13
-122.072372 3 3 10 12
-122.658600 2 10 12
-121.519394 2 3 27
-128.527542 0
-116.603218 2 1 2
-125.407784 1 2
-122.328537 2 3 26
-104.344948 2 4 25
-115.891037 2 1 21
-107.356216 1 4
-123.945206 2 2 22
-106.523132 2 4 22
-126.748444 1 25
-106.510605 2 4 27
-122.499809 1 27
-121.161156 3 3 22 26
-123.023720 2 2 21
-122.854988 2 3 21
-121.293808 2 22 27
-117.300362 1 1
-124.636932 1 3
-104.571106 2 1 4
-124.825592 2 22 25
-106.604622 2 4 21
-123.889977 1 21
-101.846916 3 4 11 21
-116.873650 2 11 21
-114.136688 3 3 11 25
-117.471451 1 11
-100.851074 3 1 4 11
-102.500038 2 4 11
-116.685150 2 2 11
-108.266487 2 1 11
-116.133232 2 3 11
-115.857483 4 3 11 21 24
-116.322258 2 1 10
-116.514404 2 11 22
-115.974594 3 3 11 26
-114.784813 3 11 21 25
-111.174217 4 3 11 21 25
-114.973244 4 11 21 22 24
-114.878838 5 3 11 21 22 24
-119.735771 3 3 10 26
-113.764107 4 11 21 22 25
-123.004944 3 10 22 25
-105.086960 3 4 21 22
-120.214554 2 21 22
-119.936378 3 3 21 22
-114.864464 4 1 3 10 26
-115.412659 3 1 10 26
-126.570900 2 10 26
-125.380409 1 22
-122.393364 2 21 27
-123.062042 2 10 25
-125.250282 3 10 22 26
1 6
-133.776138 1 4
-136.298782 0
-125.071655 1 0
-135.838501 1 19
-134.418671 1 3
-124.193367 2 0 10
2 17
-135.008911 2 16 26
-132.736603 2 19 20
-132.731720 2 0 18
-136.132874 1 27
-128.902191 1 3
-127.372925 2 3 19
-135.455139 1 19
-136.822083 1 18
-135.198181 1 16
-136.386505 1 25
-133.706238 1 0
-134.022110 1 4
-136.826004 0
-134.093246 2 5 25
-135.556580 2 8 18
-135.167740 2 8 19
-135.876236 1 11
3 6
-129.424652 2 19 20
-125.825378 1 0
-125.141365 2 0 26
-127.835823 1 1
-121.792183 1 2
-129.715958 0
4 12
-134.486465 1 2
-116.119019 1 0
-132.782013 2 1 19
-134.767654 1 1
-133.267761 1 19
-134.296524 1 20
-113.177330 2 0 14
-137.290298 0
-133.837555 2 8 18
-137.131256 2 12 24
-135.888199 1 11
-134.812164 2 11 25
5 4
-134.415298 2 16 22
-132.993896 1 19
-130.481079 1 18
-135.303848 0
6 24
-83.248657 3 17 20 23
-93.767174 2 13 16
-90.574127 3 19 22 23
-92.074486 3 18 22 23
-85.050629 5 5 15 17 21 23
-92.177910 2 22 23
-93.773682 1 23
-92.182404 2 19 23
-93.079643 2 18 23
-86.545372 2 17 23
-93.212791 1 21
-89.175781 2 20 23
-94.433182 0
-92.440239 1 19
-93.773682 1 18
-93.402924 1 17
-88.186409 3 20 22 23
-89.467224 4 5 15 17 21
-86.489204 3 10 17 23
-93.811691 1 13
-92.256432 2 7 19
-93.764557 2 11 23
-93.978470 1 11
-90.697578 1 20
7 6
-98.674896 2 19 20
-98.816833 2 6 19
-101.580093 0
-100.172363 1 18
-99.600906 3 9 18 20
-99.000664 1 19
8 68
-115.827499 4 14 19 20 22
-116.369965 3 14 19 20
-114.573112 3 14 18 19
-118.316330 3 18 19 24
-114.002296 3 14 19 24
-120.900688 3 17 18 24
-122.171295 2 19 20
-122.124077 2 18 20
-116.553925 2 14 20
-119.427177 2 12 20
-120.232582 2 18 19
-116.751862 2 14 19
-124.080170 2 17 18
-120.492470 2 12 18
-111.550865 2 14 15
-117.662674 2 12 15
-113.503006 2 12 14
-118.065468 2 12 13
-119.354027 3 19 20 22
-119.259171 3 18 20 22
-106.715569 3 10 20 22
-104.768906 3 10 14 20
-110.230072 3 10 12 13
-106.340958 4 10 19 20 22
-104.850357 3 12 14 26
-105.379936 3 10 12 26
-107.755165 3 10 14 15
-120.253334 2 24 27
-112.204041 4 15 23 24 26
-110.247375 2 25 26
-112.567841 1 25
-114.707375 3 23 24 26
-123.417107 1 19
-124.328888 1 17
-118.218513 1 15
-117.031120 1 14
-123.797234 2 17 23
-117.471375 2 15 23
-112.983482 2 15 26
-108.562340 2 14 26
-118.579338 2 19 24
-120.270172 2 16 24
-117.886894 2 15 24
-115.106819 3 15 23 24
-109.564987 2 14 25
-114.879288 2 14 24
-124.413467 0
-114.981194 1 26
-120.601784 3 4 18 24
-120.971794 1 24
-102.572449 3 10 11 14
-119.711273 3 4 23 24
-121.965446 2 4 18
-119.961258 2 23 24
-123.129753 2 2 19
-99.122917 7 10 11 12 13 14 15 28
-110.279640 2 12 26
-120.660645 1 12
-123.550926 2 20 22
-107.090919 3 10 14 26
-108.094711 2 10 14
-107.514870 2 10 26
-108.741035 2 10 11
-108.751411 2 10 20
-107.972137 2 10 25
-111.652466 1 10
-124.080925 2 9 28
-68.571381 7 9 10 11 12 13 14 15
9 26
-95.716232 3 19 27 28
-93.428535 3 14 19 28
-96.547462 2 10 16
-96.792580 3 11 14 19
-101.607681 2 11 20
-99.269295 2 16 19
-102.197609 2 14 19
-102.133469 2 13 19
-98.313782 2 11 19
-95.722359 3 11 19 28
-95.743866 2 19 28
-95.900032 2 17 28
-96.607506 1 28
-94.648117 2 26 28
-97.872124 1 27
-99.765411 2 16 26
-101.254837 1 16
-96.187943 2 19 27
-96.193420 3 7 20 28
-96.104279 2 20 27
-101.986664 2 19 23
-93.868706 2 8 28
-102.912491 0
-101.706314 1 11
-93.033195 2 10 28
-91.202492 3 10 27 28
10 88
-125.919098 4 0 19 26 28
-133.495804 4 19 20 24 28
-134.589584 3 19 20 28
-116.538887 4 15 18 19 27
-124.645790 5 0 18 19 26 28
-118.396706 4 18 19 25 27
-117.675591 4 15 18 25 27
-131.100204 4 16 18 19 20
-133.707382 2 20 24
-135.995590 2 19 24
-133.161102 2 18 24
-131.847229 2 16 24
-133.488800 2 13 24
-126.323380 2 11 24
-120.344910 3 18 19 27
-118.181511 3 15 19 27
-118.574005 3 15 18 27
-127.730682 5 0 16 18 19 26
-131.954575 3 18 19 26
-131.056076 3 11 18 20
-131.511856 3 16 18 19
-131.271957 3 15 18 19
-128.264435 3 11 18 19
-131.001770 3 18 20 24
-129.598572 3 16 20 24
-130.149307 3 18 19 24
-130.257782 3 16 18 24
-124.112068 3 11 18 24
-129.505478 4 0 18 19 25
-134.195511 2 12 20
-133.161484 2 18 19
-131.101532 2 11 19
-132.447418 2 15 18
-131.180237 2 11 18
-126.454285 2 15 16
-128.817322 2 11 15
-129.321915 2 11 12
-120.530594 4 19 20 24 27
-121.836449 4 18 20 24 27
-118.827805 4 18 19 24 27
-129.849045 3 18 19 25
-128.637238 3 16 18 25
-129.714279 3 15 18 25
-127.860901 3 9 11 16
-122.485168 3 9 15 16
-135.979279 1 28
-132.410889 2 26 28
-120.759827 3 19 24 27
-123.018799 2 26 27
-122.099037 2 24 27
-130.152161 2 0 26
-119.134743 2 25 27
-126.148796 1 27
-128.951416 2 16 26
-132.821533 1 16
-122.075836 2 19 27
-126.032570 2 18 27
-119.402527 2 15 27
-133.677765 1 25
-134.050613 1 15
-130.246704 2 18 25
-130.634628 2 16 25
-129.991318 2 0 25
-129.403595 3 0 1 26
-136.256912 2 0 24
-136.444214 1 24
-123.232445 2 8 28
-136.333694 2 0 1
-136.960159 0
-133.033127 1 26
-129.183594 3 0 12 26
-129.801270 2 0 12
-121.460136 2 11 26
-123.585808 2 11 25
-120.550568 3 11 25 26
-136.503113 1 12
-131.338272 1 11
-122.581467 2 8 16
-123.979218 2 8 13
-113.457817 2 8 11
-111.910706 3 8 11 26
-115.208008 2 8 27
-122.965797 2 0 8
-124.199242 1 8
-124.860046 3 9 27 28
-128.114151 2 9 16
-132.404984 2 9 28
-123.017036 2 8 20
11 69
-126.069000 3 18 19 28
-124.155327 3 0 14 28
-125.029495 3 0 18 19
-128.051376 3 13 18 19
-130.457947 2 14 16
-123.651169 2 16 20
-126.365761 2 13 20
-129.273178 2 18 19
-128.689392 2 16 19
-133.260529 2 14 19
-128.965134 2 13 19
-125.999039 2 16 18
-129.688309 2 13 18
-129.480621 2 13 16
-116.733772 8 8 9 10 12 13 14 15 22
-129.479980 3 10 12 13
-127.699257 3 9 18 19
-127.855576 3 9 14 19
-122.525169 3 9 10 19
-123.259216 3 9 10 18
-126.598442 2 18 28
-128.650223 2 14 28
-131.297943 1 28
-124.867477 2 20 28
-125.405769 2 0 28
-108.284355 1 27
-127.889229 1 20
-133.267761 1 19
-131.919312 1 18
-130.892395 1 16
-134.368271 1 14
-131.312729 1 13
-107.957283 2 0 27
-126.234253 1 0
-135.360870 2 4 25
-125.397430 2 0 18
-124.749374 2 0 16
-125.392944 2 0 14
-125.423813 2 0 24
-137.290298 0
-124.000305 2 0 20
-135.291061 2 4 26
-130.962173 2 9 18
-136.084183 1 9
-136.340591 1 2
-135.888199 1 4
-136.835663 1 6
-127.694298 3 10 13 25
-123.292480 3 10 18 26
-123.955971 2 10 18
-127.264313 3 8 10 14
-129.794495 2 10 13
-124.193146 3 9 10 20
-129.708221 2 9 10
-128.756943 2 8 10
-118.060204 7 8 9 10 12 13 14 15
-126.140610 2 9 20
-128.346863 2 9 19
-121.405495 3 0 9 19
-131.668396 1 10
-124.927635 3 10 19 26
-124.942558 3 10 20 26
-126.365059 2 10 19
-130.088287 2 10 25
-124.074173 3 0 10 24
-127.149757 2 10 26
-125.939377 3 0 10 26
-128.832596 2 10 24
-125.096321 2 10 20
12 32
-103.800812 2 13 24
-118.828728 3 13 18 19
-119.403107 3 10 11 13
-124.333908 3 24 25 26
-131.623566 2 14 26
-111.558563 3 3 13 26
-113.349411 2 13 26
-133.983444 1 14
-119.472336 1 13
-127.016571 1 25
-124.637825 2 24 25
-118.043076 2 0 13
-106.664612 2 13 25
-117.394051 2 3 13
-102.939560 3 4 13 24
-136.864624 2 3 22
-122.053825 2 4 24
-125.206902 1 24
-136.960159 0
-133.033127 1 26
-130.455322 2 8 14
-111.442261 2 8 13
-127.911469 3 8 14 26
-108.008293 3 8 13 26
-132.433929 2 0 8
-133.207413 1 8
-117.367729 3 10 13 20
-110.545410 3 0 10 13
-134.350937 2 10 20
-130.382416 2 0 10
-136.503113 1 10
-128.331543 2 8 26
13 33
-90.777390 3 12 18 19
-86.557121 2 12 20
-92.967384 2 12 19
-92.361732 2 12 18
-92.316940 3 12 19 23
-86.457855 3 12 20 26
-109.582115 1 28
-104.056450 1 27
-105.287727 1 20
-111.065361 1 19
-108.685608 1 18
-110.306885 1 0
-103.053314 2 20 27
-110.339874 2 19 23
-110.379318 2 6 16
-111.401627 0
-93.603447 2 12 25
-93.479233 2 3 12
-83.923225 3 11 12 20
-86.738419 2 12 27
-110.780083 1 6
-92.532990 2 12 24
-91.849892 2 12 26
-90.556763 2 0 12
-86.409828 3 12 26 27
-85.075691 3 12 20 27
-93.913696 1 12
-91.318474 2 8 12
-85.164513 2 11 12
-103.764297 2 11 20
-105.423965 1 11
-110.983727 2 10 24
-109.964043 2 9 19
14 21
-112.388390 2 12 20
-106.305489 3 11 17 23
-111.772453 2 11 12
-111.469284 2 22 27
-113.035942 1 27
-114.648872 1 20
-109.098267 1 23
-115.633621 0
-113.824135 1 22
-112.536140 2 12 22
-113.533287 2 20 22
-105.779114 2 8 23
-108.382195 2 22 23
-108.251305 1 8
-112.656860 1 12
-105.499168 2 8 12
-106.332489 2 11 23
-111.003906 2 11 22
-105.406364 2 8 11
-112.711563 1 11
-106.150032 2 8 20
15 17
-78.346306 1 26
-77.515007 1 19
-79.290054 0
-63.840908 1 25
-60.702007 2 16 25
-76.567703 1 16
-71.900421 2 8 23
-73.319893 2 10 18
-70.200417 2 10 16
-74.674187 1 24
-75.690804 2 10 20
-75.782265 2 10 19
-69.245995 2 8 16
-71.589272 2 8 24
-73.095116 1 8
-76.380432 1 10
-72.664421 2 10 27
16 32
-104.444496 4 18 19 27 28
-104.599312 3 18 27 28
-122.889061 3 9 10 19
-133.550034 3 9 15 18
-123.453003 3 9 10 18
-117.360893 3 9 10 15
-105.481758 2 27 28
-113.017937 2 18 28
-119.689293 1 28
-111.980949 1 27
-135.802551 1 19
-135.231445 1 18
-135.847717 1 0
-134.351395 1 15
-135.601547 2 5 22
-137.073685 0
-111.410133 2 6 27
-129.311096 2 11 18
-133.986343 2 9 18
-133.969162 2 9 15
-135.416092 1 9
-135.445938 1 2
-130.431137 2 10 18
-126.755035 2 10 15
-123.681427 2 9 10
-130.675797 1 11
-132.316071 2 10 19
-132.935059 1 10
-131.983063 3 10 19 20
-133.901245 2 9 26
-129.164932 3 2 9 26
-131.837097 2 9 19
17 13
-83.628044 1 19
-84.693741 0
-84.327614 2 13 23
-81.320007 3 13 14 23
-84.075439 2 8 18
-84.422455 1 25
-84.640968 2 2 21
-79.001503 2 6 23
-84.312798 1 24
-83.663506 1 6
-84.333733 1 26
-78.961563 3 6 8 23
-84.609215 1 8
18 102
-71.298775 2 16 28
-75.983765 3 6 16 23
-52.202438 2 13 19
-80.256767 2 10 15
-70.876793 3 11 16 28
-62.839222 2 12 20
-74.398247 2 11 16
-75.529121 3 7 9 13
-75.604881 2 10 11
-75.762909 1 11
-73.270653 2 11 28
-51.124966 3 12 13 19
-45.512695 3 10 11 19
-47.741016 3 8 11 19
-45.867641 3 8 10 19
-79.174927 3 2 10 24
-79.310577 3 6 10 24
-70.301346 3 5 11 23
-74.036102 2 11 23
-48.349777 2 11 19
-60.884010 3 10 11 20
-59.141960 3 7 16 20
-58.264435 3 7 10 20
-79.496544 2 10 24
-78.239326 3 4 10 24
-46.617447 3 10 19 23
-57.258175 3 7 12 20
-79.537415 2 10 25
-72.208336 2 10 27
-71.440903 2 5 11
-75.400764 2 7 11
-60.774582 3 10 20 27
-47.540348 4 8 17 19 23
-46.467510 3 10 19 25
-60.938332 2 10 20
-58.846638 3 5 10 20
-59.161510 4 8 11 20 22
-46.918552 4 10 16 19 28
-75.663528 3 5 6 16
-77.691711 2 7 13
-78.417953 1 13
-79.359138 2 7 9
-76.753029 2 13 23
-76.165428 2 5 13
-77.970116 1 28
-76.101707 2 5 28
-47.501564 2 10 19
-76.588058 2 23 28
-60.689804 3 2 12 20
-58.725559 3 2 5 20
-60.244064 2 5 20
-59.775574 3 2 7 20
-59.725220 3 2 8 20
-79.835976 3 6 8 24
-59.858280 2 7 20
-71.301880 3 7 9 27
-77.899948 2 7 23
-58.719879 4 5 8 20 22
-49.159836 2 8 19
-72.324577 1 27
-47.790836 3 16 19 28
-72.292572 3 9 27 28
-59.902641 3 16 20 28
-79.134415 2 7 16
-60.315895 2 8 20
-59.891315 3 8 20 22
-79.726189 1 7
-77.428192 2 4 8
-79.220161 2 2 8
-55.566772 3 7 8 20
-77.760475 3 7 9 28
-68.175987 3 5 23 27
-63.046982 2 20 26
-69.388931 2 5 27
-78.570251 1 23
-71.182289 2 23 27
-63.244518 1 20
-79.291641 1 16
-81.133926 0
-52.344357 1 19
-62.490799 2 20 25
-51.688526 2 19 25
-59.062668 3 5 20 26
-76.311119 1 5
-80.474419 1 6
-77.876137 2 6 23
-45.977287 4 10 15 19 25
-78.536797 2 22 23
-62.081165 2 16 20
-73.985626 2 5 23
-81.082977 2 0 2
-77.920349 2 16 23
-81.130013 1 2
-59.638222 3 5 20 25
-51.673798 2 19 20
-81.054543 1 22
-62.190971 2 2 20
-59.807499 4 8 20 22 27
-50.425873 2 19 23
-77.668137 2 6 16
-79.906380 2 6 14
-51.815689 4 5 14 19 24
19 269
-37.651878 4 9 14 16 20
-28.490055 4 2 17 20 28
-41.125950 3 5 17 20
-35.299244 4 2 5 17 20
-36.098145 3 2 17 20
-33.001892 2 17 18
-49.102230 4 9 11 16 28
-33.048023 4 7 8 16 20
-35.752811 4 1 8 16 20
-37.759178 3 8 16 20
-34.387161 3 2 16 20
-39.206287 2 16 20
-37.384155 4 16 20 24 27
-36.050869 3 7 12 20
-33.240211 2 12 18
-31.359676 2 11 18
-57.059887 3 4 10 24
-41.301369 2 10 20
-28.023676 2 10 18
-62.070881 2 10 24
-39.041115 2 8 20
-36.730259 2 7 20
-33.306946 3 7 8 20
-46.177521 4 2 10 21 27
-36.628937 3 1 8 20
-36.566135 4 1 3 8 20
-36.982281 3 3 8 20
-34.618134 3 2 8 20
-34.005798 1 18
-62.519527 1 24
-43.883789 4 2 8 21 27
-41.213936 2 4 20
-61.413101 2 21 25
-33.986328 4 2 20 21 24
-59.753483 3 1 8 24
-38.773628 3 20 21 24
-27.590090 2 8 18
-60.127052 2 8 24
-36.422272 3 3 7 20
-53.782078 3 0 10 28
-36.582161 2 2 20
-41.922558 1 20
-48.126823 3 9 23 27
-32.374031 3 18 21 24
-25.976860 3 1 8 18
-36.179111 3 2 5 20
-32.977573 4 10 20 27 28
-41.495171 2 1 20
-54.611946 3 7 9 28
-61.373508 2 2 24
-57.885620 2 4 24
-34.810871 3 2 4 20
-38.883030 2 3 20
-31.593472 4 6 18 21 24
-31.366188 2 4 18
-34.796398 4 8 20 22 27
-39.467480 3 20 24 27
-33.805233 3 2 20 28
-40.069870 2 20 28
-53.570831 2 4 28
-56.358238 1 28
-47.454960 3 9 27 28
-62.795368 0
-61.861279 2 21 24
-55.017597 3 9 23 28
-41.110306 2 20 25
-54.517429 4 2 8 21 28
-37.151840 3 8 20 27
-39.099842 3 20 24 28
-49.501431 2 8 27
-49.464455 2 6 27
-49.246445 2 4 27
-39.322117 4 1 17 20 28
-55.731178 2 17 28
-51.393314 3 2 17 28
-55.828053 2 5 28
-54.727089 2 7 28
-55.494698 2 9 28
-56.181225 3 2 8 28
-39.983505 3 20 25 28
-60.802422 1 6
-56.247360 3 4 6 7
-59.803581 2 5 7
-61.799030 1 8
-60.009197 3 1 7 8
-55.290218 2 4 8
-58.060963 2 4 6
-55.124249 4 2 8 21 24
-57.568073 2 4 7
-57.702366 2 6 7
-54.137993 4 2 10 21 28
-56.732117 2 4 5
-60.394920 2 5 6
-60.215935 1 7
-53.086895 5 4 5 10 21 28
-54.700974 3 10 21 28
-60.485374 1 5
-61.961800 2 24 25
-40.182034 2 20 27
-59.483212 2 0 6
-36.294285 3 7 20 27
-55.000465 3 5 17 28
-55.878105 2 15 28
-56.204659 2 6 28
-59.766407 2 2 7
-60.188072 2 1 8
-60.012352 2 1 7
-38.691570 3 3 20 27
-36.211723 3 2 20 27
-31.966881 2 18 27
-40.517021 3 4 20 25
-62.335033 1 1
-30.957788 2 18 25
-30.420633 3 11 18 27
-26.279167 3 10 18 27
-59.628963 1 0
-33.043648 2 18 21
-48.513649 3 2 17 27
-59.592781 3 6 9 23
-35.054783 4 7 10 20 28
-59.594795 3 0 9 23
-47.256683 3 4 8 27
-55.213234 3 2 8 21
-48.617390 3 2 8 27
-39.412292 3 4 20 24
-47.226048 3 7 9 27
-61.021599 2 2 21
-61.940884 1 21
-47.263840 3 6 7 27
-45.031994 4 10 21 27 28
-35.700771 3 10 20 28
-31.761614 4 2 10 20 28
-48.980019 2 9 27
-40.947281 3 5 20 26
-41.509323 2 20 26
-33.702579 2 18 24
-49.814438 2 5 27
-62.237576 1 25
-48.165840 2 7 27
-29.585909 3 4 18 20
-49.815395 4 2 21 24 27
-39.835979 2 20 24
-30.351795 2 18 20
-29.492346 3 18 21 25
-50.664238 1 27
-58.772797 1 4
-61.424511 1 2
-56.384838 3 2 21 24
-58.454720 2 0 7
-56.564327 2 0 5
-35.335617 3 10 20 27
-60.724659 2 9 23
-45.798649 3 9 10 27
-45.172329 3 6 10 27
-32.012444 3 6 18 24
-30.551134 3 18 25 27
-59.334545 3 7 9 23
-54.625141 3 9 16 28
-54.050087 3 6 7 28
-52.217766 3 9 11 28
-36.577927 4 8 16 20 27
-27.327711 3 8 18 21
-39.817982 5 1 5 17 20 24
-49.515320 3 5 17 27
-50.467232 2 17 27
-48.503254 4 2 5 17 27
-55.614826 3 5 11 23
-60.662727 3 2 10 21
-61.731590 2 10 21
-37.677799 5 17 20 21 24 27
-32.832790 3 9 18 21
-38.742420 3 16 20 24
-46.591244 2 10 27
-35.660641 4 2 17 20 27
-54.575836 4 5 9 16 28
-31.922264 2 15 18
-32.999348 3 9 17 18
-32.187172 4 1 3 17 18
-30.303930 3 11 18 20
-61.729645 1 17
-58.880592 2 2 17
-58.804596 3 2 5 17
-61.602489 2 1 17
-58.938873 2 5 17
-32.823242 3 17 18 21
-61.524185 1 16
-60.021160 2 6 16
-32.230831 4 7 16 20 27
-33.801472 4 2 16 20 27
-37.408863 3 16 20 27
-61.020336 1 15
-31.185020 3 15 18 21
-58.363827 2 8 11
-24.302217 3 10 18 21
-57.261570 2 2 8
-58.536095 2 10 11
-56.766727 2 7 11
-56.421368 2 5 11
-29.543118 5 11 18 21 24 27
-54.440731 4 10 17 21 28
-58.772797 1 11
-56.397808 3 4 5 11
-58.378483 2 4 11
-60.784634 2 8 16
-59.806721 2 7 16
-57.946465 4 6 9 16 23
-51.689644 3 9 11 23
-58.643635 2 11 25
-33.170982 3 7 16 20
-40.620552 4 4 5 15 20
-40.848595 2 15 20
-31.218309 3 15 18 27
-59.192448 3 9 16 23
-55.250435 3 9 15 28
-30.797596 4 17 18 21 27
-29.965965 3 4 15 18
-31.331448 5 2 16 17 20 27
-29.148020 4 4 15 18 20
-59.585911 2 6 15
-56.484032 3 6 7 11
-30.292746 3 11 18 24
-29.831356 4 11 18 21 27
-55.846306 3 11 16 28
-60.820076 4 2 15 21 25
-32.678886 5 0 1 3 12 18
-36.998672 5 9 14 16 20 27
-58.699223 3 7 9 16
-59.538624 2 9 16
-54.082886 3 0 9 11
-59.505985 2 7 15
-29.267038 4 9 11 18 23
-30.283020 3 11 18 25
-50.131496 3 12 17 27
-28.307726 4 7 11 18 20
-27.754185 3 4 10 18
-54.308136 3 5 9 11
-54.157707 3 7 9 11
-54.650856 4 9 14 15 28
-39.831253 4 9 14 20 28
-51.266556 4 7 9 11 23
-58.414986 2 11 15
-33.856861 4 2 16 17 20
-62.459118 1 13
-58.814419 3 7 13 23
-60.451820 2 13 23
-60.199673 3 6 13 23
-29.120062 4 2 12 18 21
-60.495537 2 2 13
-30.870077 3 9 11 18
-58.792362 3 6 9 16
-58.966473 2 9 13
-58.231621 3 9 13 23
-55.380287 2 9 11
-56.834152 4 7 9 13 23
-30.262466 3 9 12 18
-57.893883 3 4 9 13
-31.532946 3 12 18 21
-58.149887 3 9 13 16
-31.655931 3 12 13 18
-31.063932 3 11 15 18
-27.781038 5 9 11 18 20 23
-30.415159 4 12 13 18 21
-28.771545 5 9 11 14 18 20
-29.801907 4 9 11 14 18
-29.362982 5 0 9 11 18 20
-29.944159 4 9 11 18 20
-56.873478 3 7 9 13
-29.945066 4 9 12 18 21
-50.055546 2 27 28
20 125
-57.318924 4 0 14 19 24
-59.551632 3 13 18 25
-57.787289 4 12 18 21 24
-67.966225 3 11 13 23
-57.613739 3 7 18 19
-54.940472 3 13 14 19
-57.340923 3 12 13 18
-56.787048 3 8 13 18
-79.233665 1 28
-61.104301 2 18 26
-50.685699 4 2 16 19 27
-54.760941 2 19 27
-52.666306 3 2 19 27
-56.918907 2 18 27
-64.239990 2 13 27
-68.326111 3 6 13 23
-57.746620 2 18 19
-57.953945 2 14 19
-55.595200 2 13 19
-59.822094 2 13 18
-60.728737 2 12 18
-58.219849 2 0 18
-71.609970 2 0 13
-57.346870 3 18 21 25
-61.400635 1 18
-78.305290 1 14
-73.176193 1 13
-70.410011 3 4 13 23
-70.981606 2 13 23
-52.337696 4 2 11 19 27
-59.796272 2 18 21
-76.774925 2 14 21
-60.869053 2 6 18
-71.052467 2 6 13
-68.892143 2 6 11
-59.490574 3 6 14 18
-56.876404 2 8 18
-77.828056 2 8 14
-59.705776 2 18 25
-55.561283 2 3 19
-57.171371 2 8 19
-57.705627 2 6 19
-52.011345 4 8 18 22 27
-54.231747 3 8 18 27
-53.395958 3 2 11 19
-55.486416 4 10 18 21 24
-70.116241 3 0 13 23
-69.888947 1 11
-56.985504 4 6 18 21 24
-57.277264 3 14 19 23
-56.550488 4 12 13 18 21
-68.171967 2 11 23
-58.988876 3 12 18 21
-60.479366 2 11 18
-59.269173 2 10 18
-68.229218 2 11 13
-69.790260 2 9 11
-79.151566 3 10 12 28
-77.824333 3 8 10 14
-78.747124 2 8 10
-67.030457 3 6 11 23
-71.387878 2 4 13
-75.370743 3 4 10 24
-77.763062 3 2 10 24
-77.976952 2 10 24
-55.225204 2 11 19
-55.928310 3 8 10 19
-53.662445 4 8 10 19 22
-56.847282 3 8 11 18
-51.733795 3 16 19 27
-54.874939 4 8 11 18 22
-64.128944 2 23 27
-61.325714 3 6 23 27
-53.008816 3 3 19 27
-58.030148 2 19 24
-59.390282 3 6 18 24
-55.293331 3 8 18 22
-62.966362 3 6 9 27
-68.809212 3 0 6 23
-54.887890 3 2 4 19
-58.091457 2 7 19
-76.961937 1 21
-75.418709 2 6 21
-71.333473 3 4 6 23
-55.698673 2 2 19
-72.296486 2 6 23
-58.417233 1 19
-76.894409 1 23
-74.611549 2 4 23
-63.475258 2 9 27
-71.460495 2 0 23
-57.157402 3 19 21 24
-51.500759 4 8 19 22 27
-63.014687 2 6 27
-65.243095 1 27
-74.803688 2 21 23
-73.837723 3 4 8 22
-57.117481 3 8 19 21
-56.771416 3 7 8 18
-56.716106 3 6 19 23
-56.731922 3 0 19 23
-53.722656 3 8 19 27
-57.437653 2 19 23
-59.176277 3 18 21 24
-53.810200 4 8 18 21 22
-78.575241 3 2 7 9
-54.577282 3 8 18 21
-73.309845 4 4 10 21 24
-75.263000 3 10 21 24
-55.479183 3 8 19 22
-74.677917 1 0
-75.554436 1 6
-76.296234 1 4
-79.290054 0
-73.015320 2 0 6
-73.917496 2 4 6
-78.679085 2 24 25
-53.129036 4 10 19 21 24
-55.813366 3 10 19 24
-56.890446 3 10 18 21
-60.613079 3 7 12 18
-56.357716 4 0 8 14 19
-57.578537 4 7 9 12 18
-55.363972 3 3 13 19
-55.460049 4 8 13 19 22
21 7
-86.412308 0
-84.084175 1 20
-85.557793 1 19
-81.767059 3 0 16 22
-86.265785 2 2 17
-81.774719 1 0
-85.191887 1 6
22 11
-44.259121 1 25
-45.115864 0
-45.113907 3 4 8 20
-41.184166 2 5 16
-41.968746 1 0
-39.118454 3 0 16 21
-44.680653 2 23 24
-45.036499 1 18
-43.058819 2 14 18
-40.404049 2 0 14
-43.306389 1 14
23 21
-74.001656 3 13 14 17
-78.570251 1 18
-78.738289 1 20
-77.876137 2 6 18
-75.812424 2 6 17
-77.216469 2 6 20
-74.598564 1 14
-75.749176 3 6 18 22
-73.841774 3 6 14 22
-74.132072 3 6 17 18
-74.332008 2 14 18
-75.973450 3 6 20 22
-80.474419 1 6
-73.651810 3 6 17 20
-73.744324 3 6 14 20
-67.833153 3 6 14 17
-80.923355 2 8 15
-81.133926 0
-78.806763 2 6 22
-73.866463 2 6 14
-77.934265 2 0 20
24 44
-106.595436 4 15 19 20 21
-95.430984 2 12 15
-99.366226 2 12 13
-112.500198 0
-96.655594 3 21 25 27
-112.224358 1 19
-112.119232 1 17
-107.884346 1 15
-101.884911 2 15 26
-109.080559 3 19 20 21
-112.448845 2 22 23
-96.410294 2 20 25
-97.638756 2 19 25
-97.875755 2 18 25
-102.567497 1 26
-97.236610 2 25 27
-97.899551 2 21 25
-95.535912 2 12 25
-95.582802 2 12 26
-92.837822 3 4 12 26
-94.532837 3 12 25 26
-97.914581 1 25
-109.058556 1 8
-94.837151 3 12 15 26
-92.970665 3 12 21 25
-91.592812 4 4 12 21 25
-108.928284 2 8 18
-108.210800 2 8 16
-107.552719 2 8 15
-100.746887 1 12
-108.163399 2 10 18
-110.207916 2 10 13
-109.148384 2 10 11
-99.198647 2 4 12
-96.359795 2 11 25
-94.041183 3 12 20 25
-108.312935 2 10 20
-110.215614 2 10 19
-110.500420 2 10 27
-107.470123 2 8 27
-107.386581 2 8 19
-106.918793 3 10 19 20
-111.984192 1 10
-111.837311 2 19 20
25 47
-83.367348 3 12 20 24
-98.481346 3 18 19 22
-76.703506 2 12 15
-89.962265 2 12 13
-99.002663 2 18 19
-79.102287 3 15 24 27
-85.584122 2 24 26
-84.428848 2 0 24
-89.975212 1 26
-79.386131 2 15 26
-99.359474 1 22
-85.072868 2 19 24
-79.236328 2 15 24
-84.870407 2 14 24
-83.595993 2 20 24
-81.905388 2 0 15
-100.216263 0
-99.658440 1 19
-99.944916 1 17
-84.767097 1 15
-99.776680 1 2
-82.537170 3 2 8 15
-90.272522 1 12
-83.869598 3 12 24 26
-81.895576 4 2 7 8 15
-84.307976 2 2 15
-85.061493 2 12 24
-79.525452 3 0 8 15
-84.919655 2 12 26
-84.148163 3 12 21 24
-82.635147 2 8 15
-86.419151 2 8 12
-93.153816 2 10 18
-95.353615 2 10 11
-85.302605 2 11 24
-85.630608 1 24
-98.437073 1 0
-96.062508 2 10 20
-85.241341 2 8 26
-96.724281 2 10 19
-91.216469 2 0 10
-96.933716 1 10
-88.370628 1 8
-87.305397 2 0 8
-82.290260 2 8 24
-96.783043 2 2 5
-96.092155 2 10 27
26 23
-48.440514 3 8 10 11
-49.662834 2 10 11
-41.202766 3 8 12 24
-48.175900 1 24
-57.748566 1 17
-57.164867 1 15
-58.108601 0
-54.181538 1 12
-47.867580 1 25
-57.253826 3 0 3 23
-47.825470 3 12 24 25
-43.800430 2 8 12
-48.211735 2 2 8
-48.676350 1 8
-44.163372 2 8 24
-57.809258 3 2 9 16
-54.181538 1 10
-51.973095 2 0 10
-45.547039 2 8 25
-47.737373 2 10 25
-46.137066 3 10 11 25
-53.307556 2 10 12
-52.117683 2 12 13
27 83
-121.451385 2 19 20
-99.765457 2 16 20
-120.957436 2 13 20
-104.793159 2 16 19
-124.099640 2 14 19
-120.842758 2 13 19
-108.173141 2 16 18
-128.367111 2 14 18
-125.458748 2 13 18
-111.086098 2 14 16
-108.670891 2 13 16
-111.766403 2 6 16
-97.967987 3 16 19 20
-120.307289 3 13 19 20
-103.484901 3 13 16 19
-89.097031 3 11 16 20
-90.721512 3 11 16 19
-100.536789 3 10 16 19
-106.377380 3 10 16 18
-94.163086 4 10 16 19 20
-97.611633 4 9 10 19 20
-103.737419 3 9 16 19
-117.586197 3 9 13 19
-100.291168 3 10 11 19
-98.861717 3 9 10 19
-107.920265 3 9 16 18
-105.976654 3 9 10 18
-116.480095 3 9 10 13
-121.953186 2 19 28
-122.666069 2 18 28
-118.173141 2 20 28
-126.311180 2 14 28
-126.073799 2 0 28
-125.107658 1 19
-128.429443 1 18
-112.146011 1 16
-134.641098 1 14
-123.631653 2 0 19
-124.987366 2 0 18
-128.843155 2 0 13
-129.893661 1 13
-136.545670 1 2
-131.211060 1 0
-137.238724 0
-127.457901 2 13 28
-122.105858 3 0 9 18
-122.502579 2 9 18
-111.757988 2 9 16
-123.191841 1 20
-122.607727 2 0 20
-129.335587 2 0 9
-105.293655 3 9 10 11
-99.107689 3 9 16 20
-127.321732 2 9 13
-93.179344 2 11 16
-108.232803 1 11
-113.348862 3 10 18 20
-98.225174 3 10 16 20
-113.235542 3 10 15 20
-103.290604 3 10 11 20
-115.318398 2 10 18
-110.448433 2 10 16
-122.711365 2 10 15
-123.568146 2 10 13
-108.224617 2 10 11
-101.341621 4 9 10 11 20
-103.647842 2 11 20
-102.850403 2 11 19
-103.285889 3 9 10 20
-124.251091 2 10 28
-124.943626 2 10 24
-113.512611 2 10 20
-125.585815 2 10 25
-109.179176 2 10 19
-118.670532 2 9 10
-126.427368 1 10
-107.546844 3 10 19 20
-126.283882 2 0 10
-115.939865 2 9 20
-118.060844 2 9 19
-132.198441 1 9
-115.029358 3 9 19 20
-128.255951 1 28
28 33
-112.104301 3 9 16 19
-115.375114 3 9 10 19
-107.544106 3 9 16 18
-124.796684 3 9 11 18
-120.157257 3 9 10 18
-116.766258 3 9 16 17
-126.251740 2 19 27
-115.619331 2 16 19
-129.406128 1 19
-110.466019 2 16 18
-132.679443 1 18
-118.458801 1 16
-134.023788 1 13
-128.230759 3 8 9 11
-127.718781 2 11 19
-127.358574 2 11 18
-131.918015 2 10 18
-129.850845 1 11
-117.017815 2 9 16
-128.595627 2 9 13
-128.289886 2 9 11
-122.094391 2 9 10
-135.843216 0
-135.786880 1 20
-125.954727 2 9 18
-134.862305 1 10
-128.337723 2 8 9
-129.538284 1 9
-127.934700 2 10 19
-121.915276 2 9 19
-126.860405 1 27
-127.691521 2 9 26
-129.363022 2 9 20
