29
0 59
-113.867744 3 1 10 25
-123.456581 2 16 21
-105.554054 2 4 21
-121.567390 2 3 21
-121.584328 2 2 21
-115.704475 2 11 21
-121.383003 2 3 20
-113.860176 2 1 20
-122.204079 2 3 19
-126.010109 1 22
-123.507301 1 21
-126.590126 1 16
-105.758263 2 4 14
-126.929420 1 13
-116.833626 1 11
-116.649330 1 1
-106.621315 2 3 4
-102.982399 2 1 4
-124.022438 1 3
-102.631279 3 4 25 27
-128.300369 0
-114.728874 2 1 2
-116.065010 2 1 5
-124.720772 1 2
-124.795052 2 12 13
-114.380013 2 3 11
-128.066376 1 10
-106.801582 1 4
-123.050453 2 3 12
-116.425652 2 1 3
-106.710442 2 1 11
-123.600136 1 20
-114.850060 2 2 11
-125.214211 1 19
-100.940804 2 4 11
-111.135429 2 1 27
-114.858955 2 1 13
-121.819313 1 27
-114.500557 2 1 10
-98.338844 3 1 4 11
-120.502968 2 25 27
-126.799141 2 10 26
-122.970192 2 3 26
-126.235695 1 25
-116.305748 2 11 23
-128.168671 1 23
-116.629601 2 11 25
-121.551674 2 10 25
-114.673439 2 1 21
-122.276985 2 21 22
-113.527367 3 11 21 25
-120.993385 2 21 27
-113.622963 3 3 11 25
-119.700233 2 3 27
-119.779800 3 3 10 12
-104.879051 2 4 27
-114.145927 3 1 10 12
-121.144249 2 10 12
-103.652473 2 4 25
1 8
-133.720306 1 3
-136.071732 0
-124.420692 1 0
-135.888397 1 10
-133.029663 1 4
-122.322548 2 0 10
-135.660126 1 19
-123.952675 2 0 5
2 16
-127.714088 2 3 19
-132.678513 2 0 18
-135.438797 2 8 18
-135.117249 1 11
-128.223724 1 3
-136.598892 0
-133.273010 1 4
-133.019257 1 0
-134.445343 1 16
-135.360443 1 19
-136.472015 1 18
-132.552689 2 4 11
-135.373627 1 27
-135.876984 1 25
-133.989578 2 19 20
-132.638748 2 5 25
3 6
-124.421745 2 0 12
-127.137428 1 1
-120.836052 2 1 2
-129.488846 0
-125.210915 1 0
-121.113716 1 2
4 16
-133.610672 2 1 20
-133.016861 2 1 19
-137.002289 1 16
-137.063248 0
-115.564430 1 0
-133.256500 1 19
-112.264854 2 0 14
-135.129272 1 11
-133.737366 1 2
-134.021149 1 1
-132.983215 2 1 2
-134.015900 1 20
-132.564667 2 2 11
-136.674622 2 12 24
-133.354462 2 11 25
-133.746231 2 8 18
5 4
-130.295197 1 18
-135.076797 0
-133.993546 2 2 25
-132.983307 1 19
6 12
-89.531197 2 17 23
-93.060707 1 19
-93.354591 1 21
-93.937233 1 18
-93.551613 1 17
-93.400368 1 13
-93.497017 1 11
-92.514839 2 13 16
-94.205460 0
-93.863823 2 5 16
-93.937233 1 23
-91.240150 1 20
7 3
-99.596779 1 19
-100.311134 1 18
-101.352554 0
8 45
-117.897224 2 15 23
-106.608070 2 10 25
-110.835960 2 10 12
-122.938301 2 18 20
-118.646523 2 12 20
-123.228279 2 19 20
-109.002480 2 10 20
-116.081581 2 14 19
-122.677589 2 9 28
-123.239174 1 19
-119.695961 2 12 18
-121.894356 2 4 18
-116.464714 1 14
-119.909416 2 0 12
-111.139961 2 25 26
-119.989540 1 12
-110.667755 2 14 15
-123.935280 1 17
-124.186234 0
-116.528633 2 12 15
-118.507240 2 24 27
-116.732491 2 12 13
-117.922829 1 15
-111.045509 1 10
-111.824486 2 12 14
-110.668205 3 12 13 14
-101.813431 3 10 11 14
-109.497726 3 10 12 13
-106.487206 2 10 14
-118.992455 2 23 24
-119.224205 2 12 27
-115.056618 1 26
-109.097702 2 14 26
-117.154076 2 15 24
-113.792671 2 15 26
-113.185280 2 14 24
-120.403023 1 24
-112.050056 2 12 26
-108.108223 2 10 26
-112.134926 1 25
-108.150276 2 14 25
-119.054878 2 19 24
-122.504463 2 18 19
-107.130150 2 10 11
-118.518631 2 16 24
9 14
-100.139565 2 16 19
-99.432961 2 11 19
-100.716408 1 16
-101.174141 1 11
-96.540871 2 10 16
-102.684952 0
-92.902214 3 10 27 28
-97.374733 1 27
-100.341896 2 16 26
-95.268288 2 26 28
-96.107338 1 28
-93.002541 2 10 28
-92.670418 2 8 28
-96.853859 2 20 27
10 56
-134.109909 2 12 20
-132.125229 2 9 28
-135.582016 2 12 18
-113.525826 2 8 27
-132.081635 1 16
-128.249268 2 0 12
-123.592384 1 8
-135.742157 1 12
-130.603699 1 11
-136.549774 1 1
-134.400986 2 0 1
-125.315575 3 9 15 16
-126.409523 2 15 16
-136.733109 0
-132.938187 2 15 18
-136.499115 1 0
-120.312538 2 24 27
-133.741852 1 15
-127.574837 2 11 15
-123.234383 2 8 20
-127.191566 2 11 12
-134.803925 2 1 12
-135.341507 2 18 19
-127.906136 2 9 16
-121.304634 2 0 8
-122.581764 2 26 27
-125.445229 1 27
-128.493057 2 0 25
-124.254173 2 12 27
-133.053436 1 26
-133.637192 2 15 28
-129.246506 2 16 26
-117.572487 2 25 27
-124.460030 2 11 24
-135.827087 1 24
-121.923897 2 11 26
-130.552658 2 0 26
-134.400452 2 0 24
-123.044258 2 19 27
-130.637527 2 18 25
-133.177094 1 25
-121.978294 2 11 25
-132.692795 2 26 28
-120.781136 2 8 16
-133.185013 2 20 24
-132.632889 2 18 24
-131.892227 2 13 24
-135.229950 1 28
-128.950470 2 16 25
-119.413063 2 15 27
-129.597656 3 16 20 24
-129.893082 2 16 24
-127.773186 3 0 16 25
-121.517570 2 8 28
-127.352608 3 9 11 16
-111.818794 2 8 11
11 66
-128.420883 2 10 25
-126.380684 3 8 10 16
-132.987106 2 14 19
-129.799576 2 13 19
-127.606270 2 13 20
-129.230606 2 9 19
-126.176735 2 16 18
-130.031998 2 13 18
-123.948708 2 10 18
-124.521400 2 0 18
-127.801369 1 20
-122.900475 2 0 16
-130.162262 1 16
-133.753403 1 14
-133.697723 2 4 14
-123.752586 2 0 14
-130.757782 1 13
-127.695351 2 13 16
-128.518631 2 14 16
-124.725838 2 0 13
-134.408920 2 2 4
-137.063248 0
-125.596474 1 0
-136.354767 1 6
-135.581604 1 2
-128.088364 2 10 13
-130.933807 1 10
-135.129272 1 4
-126.143730 3 8 10 14
-130.817535 2 10 14
-123.857613 2 16 20
-134.859100 2 4 8
-135.552399 1 9
-124.323402 2 0 10
-131.602615 2 18 19
-129.150192 2 16 19
-133.256500 1 19
-126.639931 2 9 20
-131.674896 1 18
-134.756607 2 2 9
-123.530174 2 0 28
-107.689613 1 27
-106.386726 2 0 27
-125.089058 2 20 28
-126.785835 2 18 28
-127.444649 2 10 26
-121.453850 3 0 14 28
-126.793434 2 14 28
-122.858162 3 0 10 24
-125.089996 2 0 24
-129.711594 2 13 28
-126.764000 3 10 13 25
-125.542625 3 9 10 19
-130.573883 1 28
-127.018456 2 8 10
-125.611549 3 4 10 24
-126.957016 2 10 24
-129.671753 2 10 28
-123.517433 2 0 20
-126.648964 2 10 19
-131.176254 2 9 18
-124.487709 2 10 20
-130.732117 2 4 10
-127.010406 3 4 8 10
-128.416702 2 9 10
-133.896378 2 4 25
12 27
-134.254562 2 10 20
-133.364609 1 14
-119.035622 1 13
-116.901253 2 0 13
-118.545860 2 13 14
-136.733109 0
-118.482765 2 10 13
-110.198280 2 8 13
-123.785110 2 24 25
-117.255379 2 3 13
-135.742157 1 10
-136.280685 2 0 3
-128.724411 2 8 14
-110.425583 3 0 10 13
-132.536407 1 8
-121.724892 2 4 24
-133.053436 1 26
-132.012985 2 14 26
-114.183418 2 13 26
-130.046951 2 8 26
-128.819992 2 0 10
-105.901863 2 13 25
-124.692329 1 24
-130.709549 2 0 8
-103.874336 2 13 24
-126.600563 1 25
-131.572342 2 8 27
13 20
-88.423805 2 12 20
-93.163918 2 12 18
-105.777138 1 20
-109.020790 2 6 16
-89.634636 2 0 12
-93.476723 1 12
-104.868782 1 11
-111.174210 0
-109.803261 1 0
-110.369118 1 6
-85.204521 2 11 12
-90.219658 2 8 12
-108.793922 1 18
-103.529518 1 27
-86.764046 2 12 27
-92.888130 2 12 26
-92.649773 2 12 24
-92.867424 2 12 25
-109.017433 1 28
-109.532822 2 10 24
14 20
-114.488258 1 22
-107.395576 2 8 27
-114.602760 1 20
-111.703926 2 4 12
-103.872734 2 8 12
-107.684792 1 8
-112.037819 1 12
-112.096504 1 11
-114.890640 2 24 25
-115.406326 0
-114.737709 2 0 4
-106.545174 2 8 20
-110.064812 2 11 12
-108.788490 2 23 27
-105.505440 2 11 23
-108.802895 1 23
-112.426003 1 27
-104.560371 2 8 23
-103.621269 3 8 11 23
-103.827095 2 8 11
15 16
-74.085060 2 10 18
-70.584938 2 10 16
-72.798561 1 8
-79.061966 0
-77.526588 1 19
-76.256996 1 16
-76.070717 1 10
-79.052101 1 27
-78.405617 1 26
-74.389107 1 24
-63.686863 1 25
-71.140175 2 8 24
-61.331280 2 16 25
-74.106827 2 16 24
-69.614388 2 8 16
-73.019936 2 10 27
16 30
-131.746994 2 10 20
-132.338394 2 9 19
-129.387955 2 11 18
-129.292038 2 10 18
-134.886078 1 18
-136.846634 0
-135.136383 1 0
-126.709358 2 10 15
-134.041656 1 15
-129.945679 1 11
-132.195160 1 10
-134.878082 1 9
-136.785706 1 4
-135.657623 1 19
-134.693115 1 2
-134.553421 2 2 9
-133.436020 2 2 15
-111.360451 1 27
-114.563789 2 18 28
-134.261856 2 9 26
-119.029213 1 28
-118.628731 2 2 28
-123.511543 2 9 10
-121.319756 3 9 10 15
-131.470688 2 10 19
-134.042892 2 9 18
-103.850853 2 27 28
-134.025711 2 9 15
-109.930092 2 6 27
-132.750519 3 2 9 26
17 8
-83.607887 1 19
-84.214821 1 8
-83.811928 1 6
-84.465836 0
-83.965157 1 24
-84.363014 1 26
-84.135048 1 25
-81.878609 2 6 23
18 34
-80.183510 2 10 25
-61.982006 2 16 20
-62.809429 2 12 20
-62.200939 2 2 20
-61.174847 2 10 20
-63.209568 1 20
-51.040264 2 11 19
-77.680016 2 4 8
-51.959423 2 8 19
-78.525551 1 13
-79.864418 1 7
-75.517525 1 11
-80.637611 1 6
-80.778999 1 2
-78.945290 1 16
-61.447216 2 8 20
-76.124275 1 5
-80.905838 0
-61.305370 2 7 20
-72.143837 1 27
-79.155251 1 23
-73.166298 2 16 28
-77.631691 1 28
-79.269958 2 10 24
-50.238750 2 10 19
-52.694126 1 19
-60.449902 2 5 20
-73.843620 2 11 28
-75.640297 2 5 28
-78.583351 2 6 16
-70.046013 2 5 27
-79.446480 2 2 8
-71.180351 2 5 11
-74.959785 2 11 16
19 55
-32.492992 2 18 20
-61.910374 1 21
-40.051952 2 16 20
-40.365795 2 3 20
-38.387707 2 2 20
-58.759830 1 11
-61.734844 2 10 21
-34.282482 2 11 18
-30.950665 2 10 18
-32.622082 2 4 18
-60.800793 2 9 16
-60.554577 2 8 16
-61.031162 1 15
-59.832012 2 2 17
-61.619480 1 8
-60.810764 1 7
-58.759830 1 4
-59.480381 1 0
-61.328129 1 2
-61.377537 1 16
-40.642895 2 8 20
-60.473087 1 5
-62.154942 1 1
-56.184170 2 4 8
-62.566547 0
-61.690197 2 9 13
-39.502148 2 7 20
-61.708591 1 17
-60.000195 2 5 17
-58.758770 2 4 24
-60.805645 2 1 8
-61.421787 1 6
-51.175144 1 27
-40.845898 2 20 28
-62.367130 1 24
-61.603436 2 1 17
-33.891918 2 18 25
-62.136204 1 25
-57.018658 2 9 11
-61.894054 2 21 24
-41.555370 2 20 24
-42.015301 2 10 20
-56.356480 1 28
-61.019085 2 8 24
-57.202908 2 4 5
-42.115330 1 20
-30.576672 2 8 18
-56.128307 2 17 28
-34.354832 1 18
-54.640179 2 4 28
-48.774212 2 10 27
-61.342907 2 21 25
-57.526470 2 0 5
-58.062023 2 2 8
-56.895199 2 5 11
20 34
-58.380138 2 13 19
-56.755596 2 11 19
-56.879986 2 3 19
-57.239849 2 2 19
-58.021465 2 8 18
-58.599926 2 8 19
-73.345375 2 4 13
-73.539375 2 0 13
-73.664894 1 13
-69.800117 1 11
-76.014656 1 4
-74.361732 1 0
-78.258415 1 14
-75.925743 2 4 8
-79.061966 0
-61.365696 1 18
-75.920448 2 4 6
-58.237957 2 18 27
-76.096657 1 6
-65.312477 1 27
-73.463844 2 0 23
-57.094311 2 19 27
-61.019665 2 18 25
-77.487160 1 23
-78.866982 1 28
-60.780285 2 18 21
-77.769409 2 10 24
-76.792458 1 21
-64.791634 2 9 27
-60.714092 2 12 18
-58.610752 1 19
-58.296978 2 0 18
-59.517925 2 10 18
-60.796764 2 11 18
21 5
-85.333534 1 6
-81.391273 1 0
-86.184341 0
-85.528175 1 19
-83.914894 1 20
22 4
-42.595371 1 0
-43.967579 1 14
-44.885639 0
-43.674862 2 5 16
23 7
-79.331032 1 20
-80.637611 1 6
-80.774147 1 0
-74.302422 1 14
-80.905838 0
-79.155251 1 18
-78.704292 2 6 17
24 31
-107.874672 2 10 20
-107.718300 2 10 18
-105.799385 2 8 27
-108.297981 2 8 18
-106.528694 2 8 16
-107.889076 2 8 19
-107.599953 1 15
-100.232033 1 12
-111.366798 1 10
-95.167122 2 12 15
-99.405037 2 12 13
-112.272842 0
-98.998604 2 4 12
-108.764137 2 10 13
-112.073402 1 19
-108.489601 1 8
-97.244148 2 20 25
-106.831154 2 8 15
-111.772194 1 17
-102.612526 1 26
-96.137062 2 25 27
-96.241829 2 12 26
-97.534828 1 25
-96.747932 2 14 25
-94.719353 2 12 25
-95.289513 2 11 25
-107.390038 2 10 11
-110.547157 2 10 19
-108.781654 2 10 27
-108.470467 2 8 23
-108.355537 2 8 11
25 36
-95.587929 2 10 20
-93.697609 2 10 18
-80.528069 3 0 8 15
-84.613503 1 15
-89.856056 1 12
-96.432594 1 10
-97.923927 1 0
-99.266731 1 2
-76.377815 2 12 15
-89.246773 2 12 13
-85.312798 2 8 12
-99.988602 0
-82.345985 2 0 15
-89.917824 2 0 10
-99.558266 1 19
-87.937294 1 8
-84.767128 2 24 27
-95.559898 2 2 5
-86.096992 2 0 8
-81.992928 2 8 15
-99.657814 1 17
-83.854652 2 2 15
-90.025856 1 26
-84.300850 2 11 24
-78.541222 2 15 24
-80.308601 2 15 26
-83.682228 2 14 24
-84.343437 2 12 24
-85.250618 1 24
-85.817879 2 12 26
-86.109200 2 8 26
-83.378113 2 0 24
-84.489571 2 20 24
-81.180336 2 8 24
-94.671669 2 10 27
-93.919640 2 10 11
26 14
-57.223179 1 15
-54.199863 1 12
-54.199863 1 10
-53.611279 2 12 13
-46.260372 2 8 12
-57.879536 0
-52.932598 2 0 10
-48.749851 1 8
-57.776707 1 17
-48.219181 1 24
-47.916721 1 25
-46.921764 2 8 25
-50.710720 2 10 11
-45.369793 2 8 24
27 66
-100.424995 2 16 20
-122.498787 2 13 20
-123.126747 2 0 20
-114.035927 2 10 20
-104.141853 3 10 16 19
-122.808357 2 13 19
-104.682838 2 11 19
-105.631126 3 9 10 19
-125.229988 2 0 19
-120.049812 2 9 19
-108.524025 2 16 18
-125.948616 2 13 18
-115.476662 2 10 18
-125.098915 2 0 18
-116.766060 2 9 20
-123.262184 1 20
-109.469009 2 14 16
-91.815498 2 11 16
-108.641441 2 10 16
-110.796638 2 9 16
-137.001801 1 15
-127.333931 2 0 13
-129.366974 1 13
-129.518402 2 0 14
-107.638069 1 11
-125.723793 1 10
-130.530609 1 0
-107.364326 2 13 16
-135.786438 1 2
-111.525490 1 16
-122.672981 2 10 15
-131.437775 2 9 14
-134.031357 1 14
-131.701447 1 9
-137.011673 0
-124.284950 2 0 10
-106.525246 2 16 19
-117.964508 3 9 10 13
-122.052895 2 10 13
-125.620277 1 19
-100.375572 3 10 16 20
-126.097603 2 9 13
-128.249664 1 18
-128.040573 2 0 9
-107.902687 3 10 16 18
-123.612221 2 19 28
-118.653023 2 20 28
-122.884407 2 18 28
-125.823158 2 13 28
-123.962868 2 10 25
-127.546608 1 28
-123.138596 2 10 24
-136.757492 2 8 24
-106.471642 2 10 11
-124.181969 2 0 28
-118.499580 2 9 10
-122.197624 2 10 28
-104.893913 3 9 10 11
-110.289162 2 6 16
-104.630653 2 11 20
-124.547035 2 14 28
-110.867592 2 10 19
-108.151268 3 9 10 20
-122.878487 2 9 18
-104.596886 3 10 11 19
-110.406883 3 9 10 18
28 29
-134.037521 2 10 20
-128.077866 2 11 19
-118.558128 3 9 10 19
-122.608528 2 9 19
-112.019630 2 16 18
-127.452888 2 11 18
-130.765915 2 10 18
-135.421112 1 20
-115.774544 2 9 16
-133.459320 1 13
-129.126770 1 11
-134.112946 1 10
-117.798683 1 16
-135.616104 0
-129.038483 1 9
-116.196877 2 16 19
-129.406036 1 19
-127.407661 2 9 13
-132.341949 1 18
-115.351097 3 9 16 19
-126.151039 1 27
-121.891060 2 9 10
-126.877083 2 8 9
-125.774239 2 9 27
-125.759361 3 8 9 11
-127.451332 2 10 19
-126.086098 2 9 18
-128.095413 2 9 26
-126.724098 2 9 11
