11
0 7
-240.46434 0
-211.527464 1 3
-215.142334 1 4
-211.145258 2 3 4
-239.518045 1 7
-234.35002 1 8
-53.999187 1 10
1 3
-157.034522 0
-156.011608 1 5
-112.018398 1 7
2 1
-141.102153 0
3 9
-187.408661 0
-158.471785 1 0
-176.218271 1 4
-186.787516 1 5
-165.659035 1 7
-147.654363 2 0 7
-160.873119 2 4 7
-184.22877 1 8
-136.985376 1 10
4 4
-186.811393 0
-161.489387 1 0
-175.621004 1 3
-159.726176 1 10
5 3
-104.729264 0
-103.70635 1 1
-104.10812 1 3
6 1
-23.056483 0
7 5
-158.969778 0
-158.023483 1 0
-113.953654 1 1
-137.220152 1 3
-113.575368 2 1 3
8 4
-69.967793 0
-63.853473 1 0
-66.787901 1 3
-64.731928 1 10
9 1
-97.928229 0
10 5
-336.267838 0
-149.802685 1 0
-285.844553 1 3
-309.18262 1 4
-331.031973 1 8