11
0 12
-241.034969 0
-212.052694 1 3
-208.912343 2 1 3
-214.260999 1 4
-200.467591 2 3 4
-238.622888 1 7
-206.727451 2 3 7
-229.993137 1 8
-213.030439 2 4 8
-227.121399 2 7 8
-211.645754 3 4 7 8
-35.42938 1 10
1 12
-157.306504 0
-156.818616 2 0 3
-151.059259 2 2 3
-156.926788 1 4
-153.581535 2 2 4
-155.678452 2 3 4
-154.32502 1 5
-151.101827 3 2 4 5
-150.132809 3 3 4 5
-147.813749 4 2 3 4 5
-109.054913 1 7
-150.995679 4 2 3 5 10
2 7
-141.185576 0
-138.181751 2 1 3
-140.018082 2 1 4
-140.433469 1 7
-140.745081 2 1 8
-138.179972 1 9
-137.069518 2 5 9
3 18
-187.848097 0
-158.865821 1 0
-156.560896 2 0 1
-187.171199 2 1 2
-175.978963 1 4
-174.730628 2 1 4
-187.2107 1 5
-187.086217 1 6
-164.071579 1 7
-132.176142 2 0 7
-145.870378 2 4 7
-163.567764 2 6 7
-182.077827 1 8
-168.231017 2 4 8
-158.137314 2 7 8
-134.568151 3 4 7 8
-131.487568 1 10
-117.33094 2 7 10
4 14
-187.17541 0
-160.401439 1 0
-186.795694 1 1
-185.302664 2 1 2
-175.306276 1 3
-171.025762 2 1 3
-183.924855 1 6
-174.503206 2 3 7
-186.092248 1 8
-172.245438 2 3 8
-169.910614 3 1 3 8
-169.834037 3 3 7 8
-154.704237 1 10
-151.987215 2 7 10
5 5
-104.903133 0
-101.921649 1 1
-104.265737 1 3
-100.094605 1 6
-97.548287 2 1 6
6 4
-22.54725 0
-21.78537 1 3
-19.296695 1 4
-17.738721 1 5
7 18
-159.245372 0
-156.833291 1 0
-110.993781 1 1
-158.493264 1 2
-135.468854 1 3
-130.143611 2 0 3
-94.614715 2 1 3
-131.811548 2 2 3
-134.665784 2 3 4
-127.044432 3 2 3 4
-132.992632 3 3 4 5
-116.10172 4 2 3 4 5
-130.919294 5 2 3 5 6 8
-158.475963 1 10
-155.758941 2 4 10
-143.983709 2 5 10
-127.451508 3 3 5 10
-123.986733 4 2 3 5 10
8 6
-69.907749 0
-58.865916 1 0
-64.137479 1 3
-68.824587 1 4
-61.076641 2 3 4
-49.970132 1 10
9 2
-97.96571 0
-94.960106 1 2
10 11
-337.751847 0
-132.146257 1 0
-281.391318 1 3
-112.089794 2 0 3
-305.280674 1 4
-336.982438 1 7
-296.265247 2 4 7
-317.81423 1 8
-128.347616 2 0 8
-279.9825 2 3 8
-297.682383 2 4 8