56
0 1
-130.543015 0
1 2
-105.787727 0
-102.107841 1 19
2 5
-113.807106 0
-105.737129 1 18
-102.727524 1 20
-77.568184 1 16
-113.487175 1 46
3 1
-125.714180 0
4 1
-143.526138 0
5 1
-133.487717 0
6 2
-131.626450 0
-27.631037 1 7
7 2
-131.626450 0
-27.631037 1 6
8 1
-132.362686 0
9 2
-132.173416 0
-122.428078 1 10
10 3
-139.033340 0
-112.714470 1 11
-129.287994 1 9
11 2
-138.598526 0
-112.279655 1 10
12 3
-100.941200 0
-73.961647 1 14
-93.176353 1 15
13 1
-108.623177 0
14 3
-108.582588 0
-76.400017 1 15
-81.603065 1 12
15 3
-113.523964 0
-105.759117 1 12
-81.341377 1 14
16 7
-64.165520 1 2
-100.404427 0
-100.310600 1 19
-71.975327 1 20
-81.771217 1 18
-96.736641 1 50
-87.110069 1 46
17 2
-144.113663 0
-142.722015 1 20
18 5
-111.846718 0
-103.776726 1 2
-98.902428 1 19
-99.252121 1 20
-93.213478 1 16
19 5
-110.417686 1 1
-114.097572 0
-113.614151 1 27
-101.153297 1 18
-114.003731 1 16
20 5
-113.753761 0
-112.362137 1 17
-102.674187 1 2
-85.324654 1 16
-101.159187 1 18
21 3
-97.629631 1 42
-112.698891 0
-13.815526 1 38
22 3
-127.213654 1 34
-129.917007 0
-117.050369 1 23
23 3
-113.556801 0
-105.200447 1 34
-100.690201 1 22
24 1
-178.847580 0
25 4
-213.784683 1 31
-182.790451 1 33
-215.073853 1 39
-243.443695 0
26 1
-108.484993 0
27 4
-69.531387 1 33
-70.634094 0
-70.150673 1 19
-69.365807 2 14 19
28 3
-164.569916 1 39
-165.613434 1 33
-166.274277 0
29 3
-112.666389 1 34
-112.610451 1 32
-112.974617 0
30 1
-114.586861 0
31 6
-126.642181 1 37
-133.499512 1 39
-116.527092 1 33
-156.301193 0
-152.012070 1 52
-126.642181 1 25
32 3
-96.393196 1 34
-113.493446 1 29
-113.857613 0
33 8
-101.313744 1 37
-130.193512 1 39
-160.850342 1 52
-122.192886 1 31
-161.306168 1 28
-161.966995 0
-160.864288 1 27
-101.313744 1 25
34 5
-95.510201 1 32
-112.974617 0
-112.666389 1 29
-110.271271 1 22
-104.618233 1 23
35 2
-107.505157 1 36
-120.909065 0
36 2
-130.918869 1 35
-144.322769 0
37 4
-213.784683 1 31
-182.790451 1 33
-215.073853 1 39
-243.443695 0
38 3
-97.629631 1 42
-112.698891 0
-13.815526 1 21
39 8
-25.328436 1 37
-21.924791 1 33
-39.073742 1 52
-53.698277 0
-30.896580 1 31
-51.993919 1 28
-25.328436 1 25
-47.106491 1 48
40 3
-110.961426 1 42
-93.983139 1 41
-113.598671 0
41 3
-93.448235 1 42
-90.375626 1 40
-109.991188 0
42 7
-97.554634 1 41
-79.868774 2 21 41
-114.097572 0
-99.028328 1 38
-111.460312 1 40
-99.028328 1 21
-79.868774 2 38 41
43 3
-95.808327 0
-73.077126 1 50
-37.425922 1 44
44 3
-40.444416 1 43
-98.826820 0
-67.984047 1 50
45 1
-144.480637 0
46 4
-103.541908 0
-103.221977 1 2
-90.247536 1 16
-65.802437 1 50
47 1
-139.965012 0
48 2
-199.659958 1 39
-206.251724 0
49 1
-142.543961 0
50 7
-110.992470 0
-54.435932 2 43 46
-107.324654 1 16
-73.252975 1 46
-41.446529 2 44 46
-80.149681 1 44
-88.261253 1 43
51 1
-113.857613 0
52 4
-174.840088 1 39
-188.347992 1 33
-189.464615 0
-185.175507 1 31
53 1
-202.464737 0
54 1
-135.171616 0
55 1
-112.802437 0
