56
0 2
-588.489319 1 36
-662.059448 0
1 2
-504.774902 0
-480.310059 1 19
2 8
-525.467712 1 50
-482.637634 2 18 46
-503.367126 1 46
-554.696533 0
-543.128418 1 19
-469.444061 1 20
-488.770172 1 18
-345.391296 1 16
3 3
-643.592896 0
-622.303528 1 6
-622.303528 1 7
4 3
-701.786499 0
-652.828430 1 7
-652.828430 1 6
5 3
-615.813843 0
-590.743103 1 7
-590.743103 1 6
6 7
-637.300171 0
-634.515869 1 15
-626.127502 1 11
-37.287651 1 7
-616.010803 1 3
-588.341980 1 4
-612.229370 1 5
7 7
-37.287651 1 6
-637.300171 0
-634.515869 1 15
-626.127502 1 11
-616.010803 1 3
-588.341980 1 4
-612.229370 1 5
8 2
-660.712769 1 10
-668.501587 0
9 3
-659.446594 1 11
-674.711792 0
-631.195068 1 10
10 4
-686.653442 0
-643.136780 1 9
-472.366486 1 11
-678.864502 1 8
11 5
-475.220581 1 10
-689.507446 0
-678.334778 1 7
-678.334778 1 6
-674.242249 1 9
12 3
-357.824860 1 14
-475.664795 0
-428.646210 1 15
13 3
-497.327850 1 15
-515.210938 0
-479.344147 1 14
14 8
-327.133514 1 15
-514.750366 1 38
-479.759613 1 13
-355.131592 2 12 13
-288.627594 2 12 15
-397.786530 1 12
-515.626465 0
-514.750366 1 21
15 9
-349.364655 1 14
-519.974426 1 13
-343.003235 2 6 14
-535.073547 1 7
-487.749390 2 12 13
-490.839020 1 12
-535.073547 1 6
-537.857666 0
-343.003235 2 7 14
16 14
-482.322266 0
-456.463867 1 19
-273.017181 1 2
-306.549042 1 20
-287.998352 2 18 20
-218.418045 2 2 20
-333.922272 1 18
-223.158127 2 2 18
-433.207489 1 50
-303.649353 2 20 50
-370.404449 1 46
-246.055359 2 2 46
-283.109009 2 18 46
-265.732300 2 20 46
17 3
-668.583435 1 18
-694.910034 0
-674.386353 1 20
18 14
-523.266663 2 17 46
-533.219910 1 50
-386.768616 2 16 17
-525.433777 1 46
-437.788330 2 19 20
-552.254395 0
-486.327972 1 2
-440.049286 1 20
-488.847412 1 19
-465.907471 2 2 19
-399.689575 2 16 19
-403.854187 1 16
-525.927612 1 17
-478.649536 2 2 17
19 11
-464.743073 1 18
-525.189148 1 50
-521.257751 1 46
-496.552948 1 20
-528.149902 0
-516.581848 1 2
-503.684845 1 1
-479.783386 2 1 20
-502.291443 1 16
-443.195068 2 1 18
-485.263855 2 1 16
20 11
-426.817444 2 2 18
-440.982086 1 18
-540.883728 1 50
-357.980286 2 16 17
-515.407898 1 46
-521.590088 1 19
-553.187012 0
-467.934662 1 2
-532.663330 1 17
-377.413757 1 16
-453.959106 2 2 17
21 5
-395.314758 2 41 42
-548.648315 1 14
-549.524658 0
-466.673798 1 42
-18.643948 1 38
22 3
-670.033264 1 34
-674.599731 0
-555.866150 1 23
23 5
-510.289948 1 34
-554.942627 0
-436.208954 1 22
-479.671875 2 32 34
-554.322266 1 43
24 1
-852.197876 0
25 17
-967.061951 1 39
-1151.662598 1 27
-1195.592896 0
-341.803406 1 37
-602.517029 1 33
-1158.173218 1 26
-954.221802 2 27 39
-1098.625366 1 45
-606.180054 1 31
-1163.997437 1 51
-1162.085815 1 49
-1036.176514 1 52
-1121.086914 1 54
-1138.549683 1 55
-1123.100586 1 53
-1102.273804 1 47
-1110.859497 1 48
26 8
-521.613037 1 39
-514.572449 1 33
-491.194183 1 37
-468.627869 1 31
-528.613770 0
-491.194061 1 25
-523.235168 1 55
-521.681763 1 49
27 7
-331.824829 1 33
-340.168732 1 45
-305.266174 1 37
-349.196655 0
-305.266296 1 25
-348.000336 1 47
-346.239105 1 52
28 3
-793.017822 0
-789.217590 1 39
-778.994202 1 33
29 3
-489.794098 1 32
-532.973755 1 34
-540.069824 0
30 3
-556.411804 1 34
-552.821838 1 32
-564.084839 0
31 21
-449.297180 1 33
-170.901810 1 37
-599.009827 2 39 49
-597.186523 2 39 47
-434.640289 2 33 39
-760.314575 0
-700.328552 1 26
-600.981995 1 39
-170.901688 1 25
-728.570740 1 51
-688.939209 1 53
-698.077759 1 49
-752.073059 1 45
-582.818848 2 26 39
-613.015991 1 52
-710.735840 1 54
-708.802612 1 55
-595.305237 2 39 55
-575.094177 2 39 54
-714.768066 1 47
-684.916504 1 48
32 6
-409.627594 1 34
-542.961243 1 30
-503.948456 1 29
-554.224121 0
-395.588623 2 29 34
-379.009521 2 23 34
33 23
-569.602417 2 27 39
-408.620331 2 31 39
-729.797119 0
-712.425598 1 27
-715.755920 1 26
-418.780029 1 31
-715.773804 1 28
-711.763062 2 26 27
-574.962219 1 39
-136.721344 1 37
-136.721344 1 25
-564.782776 2 39 45
-716.388000 1 51
-720.054810 1 49
-697.383606 1 45
-703.279663 2 27 51
-686.784363 1 53
-626.997192 1 52
-705.335388 2 27 55
-668.885376 1 48
-710.316040 1 55
-697.906372 1 54
-712.768677 1 47
34 10
-547.598206 1 50
-403.094391 1 32
-540.594910 1 29
-531.606445 1 43
-540.017883 1 30
-547.690918 0
-543.124451 1 22
-503.038361 1 23
-539.022583 1 44
-316.801514 2 23 32
35 2
-589.453491 0
-553.157776 1 36
36 6
-653.896912 1 35
-679.591125 1 44
-690.192749 0
-616.622498 1 0
-677.406677 1 43
-611.772278 2 0 35
37 17
-967.061951 1 39
-1151.662476 1 27
-1195.592896 0
-602.517029 1 33
-1158.173218 1 26
-954.221680 2 27 39
-341.803406 1 25
-1098.625366 1 45
-606.180176 1 31
-1163.997437 1 51
-1162.085815 1 49
-1036.176514 1 52
-1121.086914 1 54
-1138.549683 1 55
-1123.100586 1 53
-1102.273804 1 47
-1110.859497 1 48
38 5
-548.648315 1 14
-549.524658 0
-18.643948 1 21
-466.673798 1 42
-395.314758 2 41 42
39 19
-251.191055 1 54
-250.472794 1 49
-259.413361 1 45
-254.644180 1 41
-107.876091 1 33
-253.136673 1 55
-93.219215 2 31 33
-34.180313 1 25
-258.911102 1 28
-255.710587 1 26
-262.711304 0
-103.378693 1 31
-262.113525 1 44
-34.180313 1 37
-261.529419 1 43
-259.195007 1 53
-255.712784 1 51
-164.657745 1 52
-182.800110 1 48
40 3
-542.771606 1 42
-586.515015 0
-452.297516 1 41
41 8
-529.196777 1 39
-409.054413 1 42
-403.046600 1 40
-337.695374 2 21 42
-537.263916 0
-401.945587 2 39 40
-337.695374 2 38 42
-368.082886 2 40 42
42 9
-426.422394 1 41
-437.690125 2 21 40
-471.781158 1 38
-262.688660 2 21 41
-554.631836 0
-471.781158 1 21
-262.688660 2 38 41
-437.690125 2 38 40
-510.888641 1 40
43 8
-274.970459 2 46 50
-468.890137 0
-468.269562 1 23
-452.805328 1 34
-121.695465 1 44
-467.708038 1 39
-456.103882 1 36
-337.126190 1 50
44 7
-233.713394 2 46 50
-476.538818 0
-467.870270 1 34
-475.940948 1 39
-465.937134 1 36
-316.995331 1 50
-129.344269 1 43
45 8
-692.085693 1 39
-662.969910 1 33
-598.416138 1 37
-686.355713 1 27
-687.142151 1 31
-695.383667 0
-598.416138 1 25
-685.073975 1 47
46 10
-259.954224 2 16 50
-500.943024 1 18
-489.984344 1 20
-527.763672 0
-227.809982 2 43 50
-520.871338 1 19
-476.434174 1 2
-415.845642 1 16
-289.965790 1 50
-206.684097 2 44 50
47 7
-629.955994 1 33
-636.674988 1 45
-553.665527 1 37
-645.788330 1 27
-646.984741 0
-601.438171 1 31
-553.665527 1 25
48 7
-908.693970 1 33
-969.605957 0
-884.872498 1 25
-894.207886 1 31
-884.872498 1 37
-889.694763 1 39
-968.902466 1 52
49 8
-674.105652 1 33
-681.722778 1 55
-671.609619 1 39
-650.341187 1 37
-676.916199 1 26
-621.611511 1 31
-650.341187 1 25
-683.848267 0
50 18
-529.902466 1 18
-402.815796 2 2 43
-406.656799 2 20 43
-55.931534 2 44 46
-311.139069 1 46
-381.307312 2 20 44
-364.956055 2 16 43
-548.843994 1 34
-104.971756 2 43 46
-536.633484 1 20
-548.936768 0
-545.976074 1 19
-499.821960 1 16
-519.708069 1 2
-417.173126 1 43
-389.393463 1 44
-331.948914 2 16 44
-373.947510 2 2 44
51 6
-541.373840 1 33
-547.784668 1 39
-523.187744 1 37
-523.039368 1 31
-554.783203 0
-523.187744 1 25
52 9
-802.671936 1 39
-741.309082 1 37
-753.426880 1 31
-900.725464 0
-741.309082 1 25
-797.925293 1 33
-897.767883 1 27
-900.022095 1 48
-896.090698 1 55
53 6
-903.766052 1 25
-976.258301 0
-904.882935 1 31
-933.245361 1 33
-903.766052 1 37
-972.742126 1 39
54 6
-629.720398 1 33
-650.091064 1 39
-587.105347 1 37
-661.611206 0
-587.105347 1 25
-612.032654 1 31
55 9
-551.406860 1 49
-534.051086 1 33
-543.957764 1 39
-496.489227 1 37
-502.020447 1 31
-548.153809 1 26
-496.489227 1 25
-553.532227 0
-548.897766 1 52
