14
0 4
-274.829484 0
-268.473691 1 7
-271.143395 1 11
-273.614477 1 13
1 4
-172.503168 0
-170.712836 1 8
-152.887463 1 12
-162.782885 1 13
2 3
-330.972612 0
-312.259069 1 8
-303.399625 1 13
3 1
-233.2427 0
4 1
-173.260222 0
5 1
-116.059721 0
6 1
-203.09782 0
7 6
-259.287555 0
-252.931762 1 0
-249.099124 1 8
-245.95708 1 10
-257.356203 1 12
-244.034226 1 13
8 8
-173.95654 0
-172.166209 1 1
-155.242997 1 2
-163.76811 1 7
-173.126192 1 9
-168.558347 1 10
-165.529771 1 12
-152.442247 1 13
9 4
-139.031085 0
-138.200737 1 8
-117.768292 1 10
-126.897943 1 13
10 6
-246.275613 0
-232.945138 1 7
-240.87742 1 8
-225.01282 1 9
-242.828448 1 12
-231.07177 1 13
11 3
-301.108967 0
-297.422878 1 0
-276.703325 1 13
12 7
-233.579056 0
-213.963351 1 1
-231.647704 1 7
-225.152287 1 8
-230.131891 1 10
-200.146337 1 13
-194.322781 2 1 13
13 23
-188.278837 0
-187.063829 1 0
-178.558554 1 1
-160.70585 1 2
-158.885967 2 1 2
-173.025508 1 7
-170.784468 2 1 7
-166.764543 1 8
-163.76577 2 1 8
-165.876189 2 7 8
-176.145694 1 9
-172.662188 2 1 9
-165.420506 2 8 9
-173.074993 1 10
-166.771334 2 1 10
-164.666743 2 8 10
-163.873195 1 11
-157.321276 2 1 11
-153.829728 2 8 11
-154.846118 1 12
-152.40414 2 2 12
-150.681174 2 8 12
-151.091427 2 11 12