14
0 5
-306.218959 0
-306.067554 1 5
-298.933136 1 7
-305.803573 1 8
-303.60598 1 12
1 6
-176.135413 0
-175.978882 1 2
-175.379002 1 8
-174.37743 1 10
-174.543926 1 12
-167.1985 1 13
2 8
-352.17161 0
-352.015078 1 1
-352.118163 1 7
-316.727998 1 8
-352.004594 1 9
-303.698158 1 10
-290.862273 1 12
-309.795809 1 13
3 2
-250.756789 0
-250.278984 1 8
4 4
-226.722915 0
-225.983593 1 8
-225.286882 1 10
-223.737249 1 13
5 5
-76.130805 0
-75.9794 1 0
-74.773403 1 10
-75.621484 1 12
-75.082227 1 13
6 1
-171.126628 0
7 7
-301.244972 0
-293.95915 1 0
-301.191526 1 2
-284.93605 1 8
-289.322184 1 10
-274.977518 1 12
-294.50832 1 13
8 14
-183.335305 0
-182.919919 1 0
-182.578894 1 1
-147.891693 1 2
-182.8575 1 3
-182.595983 1 4
-167.026382 1 7
-167.728878 1 9
-162.355051 2 7 9
-110.245824 1 10
-99.844735 1 12
-98.135833 2 10 12
-135.623595 1 13
-135.378325 2 7 13
9 6
-139.647185 0
-139.480169 1 2
-124.040758 1 8
-121.068594 1 10
-124.841407 1 12
-119.356994 1 13
10 15
-213.564877 0
-211.806894 1 1
-165.091426 1 2
-212.128845 1 4
-212.207476 1 5
-201.642089 1 7
-140.475396 1 8
-131.780598 2 2 8
-194.986287 1 9
-193.363679 2 7 9
-75.210183 1 12
-73.501281 2 8 12
-87.55573 1 13
-66.176274 2 8 13
-64.646649 2 12 13
11 1
0.0 0
12 19
-272.996226 0
-270.383247 1 0
-271.404739 1 1
-211.686889 1 2
-272.486905 1 5
-246.728771 1 7
-189.505656 1 8
-181.812088 2 2 8
-258.190448 1 9
-134.641531 1 10
-130.763771 2 7 10
-122.53154 2 8 10
-147.236765 1 13
-141.423993 2 2 13
-139.421627 2 7 13
-116.670692 2 8 13
-124.327684 2 10 13
-120.437524 3 7 10 13
-115.655515 3 8 10 13
13 17
-195.265298 0
-186.328385 1 1
-152.889497 1 2
-192.279632 1 4
-194.21672 1 5
-188.528645 1 7
-147.553588 1 8
-145.631113 2 1 8
-141.119006 2 2 8
-174.975108 1 9
-169.626882 2 1 9
-152.819485 2 2 9
-146.233091 2 8 9
-69.256151 1 10
-67.211425 2 1 10
-69.505837 1 12
-58.942304 2 10 12