14
0 3
-306.872876 0
-300.839596 1 7
-303.81729 1 11
1 3
-193.055149 0
-192.932727 1 8
-173.274661 1 12
2 6
-374.18775 0
-373.944595 1 7
-348.519877 1 8
-370.423031 1 9
-372.188209 1 12
-359.774094 1 13
3 1
-262.486251 0
4 1
-187.95693 0
5 1
-130.381675 0
6 1
-234.402526 0
7 8
-286.884482 0
-280.851201 1 0
-286.641328 1 2
-274.118221 1 8
-284.226688 1 9
-267.919691 1 10
-281.370098 1 12
-285.603313 1 13
8 8
-194.531254 0
-194.408832 1 1
-168.863382 1 2
-181.764993 1 7
-191.425154 1 9
-187.953378 1 10
-183.682761 1 12
-176.47413 1 13
9 7
-157.77346 0
-154.008741 1 2
-155.115666 1 7
-154.667359 1 8
-132.295847 1 10
-154.793099 1 12
-148.024411 1 13
10 6
-277.902944 0
-258.938153 1 7
-271.325068 1 8
-252.425331 1 9
-271.406519 1 12
-273.969556 1 13
11 3
-337.314892 0
-334.259306 1 0
-328.072881 1 13
12 10
-267.695928 0
-247.91544 1 1
-265.696388 1 2
-262.181545 1 7
-256.847436 1 8
-244.665315 2 1 8
-264.715568 1 9
-261.199504 1 10
-247.191459 2 1 10
-242.168032 1 13
13 8
-400.135964 0
-385.722309 1 2
-398.854796 1 7
-382.078841 1 8
-390.386915 1 9
-396.202577 1 10
-390.893954 1 11
-374.608068 1 12