14
0 4
-275.350694 0
-270.477653 1 7
-273.796435 1 11
-275.197688 1 13
1 4
-172.729974 0
-171.310611 1 8
-152.348396 1 12
-163.410359 1 13
2 4
-331.761446 0
-313.987625 1 8
-331.122802 1 9
-305.433281 1 13
3 1
-233.5987 0
4 2
-173.212558 0
-172.201805 1 13
5 1
-116.287043 0
6 1
-203.180991 0
7 7
-259.75157 0
-254.878529 1 0
-250.318269 1 8
-259.337206 1 9
-247.609802 1 10
-258.58044 1 12
-245.1766 1 13
8 8
-174.183339 0
-172.763975 1 1
-156.409518 1 2
-164.750037 1 7
-173.080736 1 9
-169.471615 1 10
-166.320481 1 12
-153.053168 1 13
9 7
-139.10798 0
-138.469336 1 2
-138.693615 1 7
-138.005377 1 8
-115.607948 1 10
-137.739473 1 12
-126.433991 1 13
10 6
-246.690754 0
-234.548986 1 7
-241.979031 1 8
-223.190722 1 9
-243.852524 1 12
-232.208114 1 13
11 3
-301.801409 0
-300.247149 1 0
-278.455103 1 13
12 8
-233.952225 0
-213.570647 1 1
-232.781095 1 7
-226.089368 1 8
-232.583718 1 9
-231.113995 1 10
-201.002213 1 13
-193.186979 2 1 13
13 26
-188.505562 0
-188.352556 1 0
-179.185947 1 1
-162.177397 1 2
-160.824774 2 1 2
-187.494809 1 4
-173.930591 1 7
-173.380218 2 1 7
-167.375391 1 8
-165.418237 2 1 8
-175.831572 1 9
-171.87853 2 1 9
-164.591225 2 8 9
-174.022921 1 10
-169.380236 2 1 10
-161.123334 2 2 10
-167.176438 2 8 10
-165.159256 1 11
-158.971373 2 1 11
-154.332723 2 8 11
-162.680892 2 9 11
-155.555549 1 12
-155.115675 2 2 12
-152.866916 2 8 12
-152.429015 2 9 12
-149.110637 2 11 12