14
0 3
-306.354131 0
-298.931522 1 7
-301.249554 1 11
1 4
-192.828451 0
-192.323717 1 8
-173.056329 1 12
-192.077732 1 13
2 5
-373.387139 0
-371.078456 1 7
-346.883238 1 8
-369.275562 1 12
-358.448371 1 13
3 1
-262.125174 0
4 1
-188.030434 0
5 1
-130.154522 0
6 1
-234.232924 0
7 8
-286.4315 0
-279.008891 1 0
-284.122816 1 2
-272.962152 1 8
-285.499242 1 9
-266.354424 1 10
-280.139616 1 12
-281.460729 1 13
8 8
-194.304563 0
-193.799828 1 1
-167.800661 1 2
-180.835215 1 7
-191.43809 1 9
-187.037827 1 10
-182.840624 1 12
-174.197717 1 13
9 6
-157.680231 0
-156.747973 1 7
-154.813758 1 8
-134.357204 1 10
-156.389868 1 12
-150.210724 1 13
10 6
-277.48242 0
-257.405344 1 7
-270.215685 1 8
-254.159394 1 9
-270.074772 1 12
-270.385796 1 13
11 3
-336.629448 0
-331.52487 1 0
-320.150222 1 13
12 10
-267.302329 0
-247.530207 1 1
-263.190751 1 2
-261.010445 1 7
-255.83839 1 8
-243.942304 2 1 8
-266.011966 1 9
-259.89468 1 10
-247.169962 2 1 10
-238.883647 1 13
13 9
-399.118881 0
-398.368162 1 1
-384.180112 1 2
-394.148109 1 7
-379.012035 1 8
-391.649374 1 9
-392.022256 1 10
-382.639655 1 11
-370.700199 1 12