14
0 4
-305.687713 0
-296.520079 1 7
-304.418242 1 8
-301.304584 1 12
1 6
-175.908629 0
-174.521874 1 2
-174.858603 1 8
-175.305547 1 10
-173.71498 1 12
-166.701579 1 13
2 7
-351.492615 0
-350.10586 1 1
-348.433952 1 7
-316.661483 1 8
-307.244512 1 10
-290.006222 1 12
-308.270077 1 13
3 2
-250.405388 0
-249.455326 1 8
4 3
-226.495162 0
-225.650759 1 8
-223.51024 1 13
5 3
-75.902495 0
-75.812879 1 12
-75.033785 1 13
6 1
-170.976495 0
7 7
-300.721551 0
-291.553918 1 0
-297.662888 1 2
-283.811952 1 8
-291.15075 1 10
-273.478531 1 12
-293.041976 1 13
8 13
-183.108559 0
-181.839088 1 0
-182.058533 1 1
-148.277427 1 2
-182.158497 1 3
-182.264155 1 4
-166.198959 1 7
-168.829449 1 9
-165.927339 2 7 9
-111.77907 1 10
-99.742429 1 12
-135.160641 1 13
-133.559026 2 7 13
9 5
-139.692361 0
-125.413251 1 8
-126.695824 1 10
-128.042921 1 12
-120.798202 1 13
10 9
-213.59527 0
-212.992189 1 1
-169.347167 1 2
-204.024469 1 7
-142.265781 1 8
-200.598733 1 9
-79.381961 1 12
-90.723777 1 13
-75.725311 2 8 13
11 1
0.0 0
12 14
-272.550774 0
-268.167645 1 0
-270.357125 1 1
-211.064381 1 2
-272.461158 1 5
-245.307754 1 7
-189.184644 1 8
-185.638659 2 2 8
-260.901334 1 9
-138.337464 1 10
-132.598709 2 8 10
-148.21284 1 13
-144.017422 2 7 13
-119.985105 2 8 13
13 14
-195.038608 0
-185.831559 1 1
-151.81607 1 2
-192.053686 1 4
-194.169898 1 5
-187.359034 1 7
-184.96014 2 1 7
-147.09069 1 8
-144.615961 2 1 8
-140.319499 2 2 8
-176.144449 1 9
-172.717545 2 1 9
-72.167116 1 10
-70.700675 1 12