20
0 105
-81.678351 0
-80.760285 1 1
-79.522039 1 2
-74.932361 1 5
-72.899411 2 2 5
-75.611716 1 6
-73.981951 2 2 6
-79.997033 1 10
-78.053647 2 2 10
-75.222694 2 6 10
-72.675372 1 11
-70.416954 2 2 11
-72.40315 2 6 11
-68.729615 1 12
-68.469674 2 2 12
-68.181336 2 5 12
-66.943647 2 11 12
-74.509265 1 13
-73.657262 2 2 13
-72.019678 2 5 13
-73.579595 2 6 13
-68.233902 2 11 13
-67.633098 3 2 11 13
-76.228199 1 14
-75.366667 2 2 14
-74.323151 2 5 14
-67.327069 2 12 14
-74.469797 2 13 14
-79.54614 1 15
-78.18918 2 2 15
-71.435596 2 11 15
-65.385403 3 11 12 15
-71.80871 3 2 13 15
-68.909902 4 2 5 13 15
-60.468035 8 3 6 7 8 11 12 13 15
-62.063015 8 1 9 10 11 12 13 15 16
-60.836276 9 1 7 9 10 11 12 13 15 16
-64.008076 10 1 2 8 9 11 12 13 14 15 16
-59.159049 9 1 9 10 11 12 13 14 15 16
-66.368686 1 17
-65.102518 2 2 17
-65.568164 2 12 17
-66.321081 3 11 15 17
-63.317614 9 3 9 10 11 12 14 15 16 17
-67.433166 1 18
-67.279995 2 2 18
-66.094826 9 3 5 6 7 10 13 14 15 18
-63.772468 10 1 2 5 7 10 11 13 14 15 18
-65.158715 10 1 5 6 7 10 11 13 14 15 18
-64.297857 10 2 5 6 7 10 11 13 14 15 18
-65.160016 10 3 5 6 7 10 11 13 14 15 18
-61.695924 9 1 5 8 10 11 13 14 15 18
-66.545347 10 3 6 7 8 10 11 13 14 15 18
-66.544945 10 1 6 7 9 10 11 13 14 15 18
-66.247045 9 3 6 7 10 12 13 14 15 18
-64.011098 9 1 8 10 11 12 13 14 15 18
-64.704566 9 1 9 10 11 12 13 14 15 18
-63.079208 10 1 7 9 10 11 12 13 14 15 18
-60.99974 10 1 8 9 10 11 12 13 14 15 18
-66.784669 9 1 5 7 8 11 13 15 16 18
-65.851858 10 1 5 6 7 8 11 13 15 16 18
-64.465772 10 1 5 7 8 9 11 13 15 16 18
-66.091033 9 1 2 5 10 11 13 15 16 18
-66.091524 9 1 5 7 10 11 13 15 16 18
-63.079344 10 1 2 5 7 10 11 13 15 16 18
-65.158651 10 1 5 6 7 10 11 13 15 16 18
-65.158775 10 1 5 7 8 10 11 13 15 16 18
-67.237843 10 1 6 7 9 10 11 13 15 16 18
-63.079242 10 1 5 7 8 11 12 13 15 16 18
-64.948635 8 1 9 11 12 13 15 16 18
-64.011698 9 1 2 9 11 12 13 15 16 18
-66.494292 9 1 5 8 11 13 14 15 16 18
-63.771543 10 1 4 5 8 11 13 14 15 16 18
-62.385179 10 1 5 7 8 11 13 14 15 16 18
-63.078392 10 1 5 8 9 11 13 14 15 16 18
-65.108196 9 1 5 10 11 13 14 15 16 18
-61.69199 10 1 2 5 10 11 13 14 15 16 18
-64.464556 10 1 5 6 10 11 13 14 15 16 18
-61.692089 10 1 5 7 10 11 13 14 15 16 18
-66.494066 9 1 9 10 11 13 14 15 16 18
-64.464716 10 1 5 9 10 11 13 14 15 16 18
-62.047244 9 1 10 11 12 13 14 15 16 18
-58.919455 10 1 9 10 11 12 13 14 15 16 18
-61.693834 9 1 9 10 11 13 14 15 17 18
-64.011247 9 8 9 10 11 13 14 15 17 18
-65.850185 10 1 8 9 10 11 14 15 16 17 18
-62.384609 10 1 5 8 11 13 14 15 16 17 18
-63.771209 10 3 9 10 11 13 14 15 16 17 18
-75.30654 1 19
-75.225167 2 2 19
-71.433119 2 5 19
-71.42462 3 2 5 19
-73.482064 2 6 19
-74.446598 2 13 19
-67.241539 9 1 2 3 10 11 14 15 18 19
-67.238954 10 3 6 7 8 11 13 14 15 18 19
-65.162108 9 1 3 10 11 13 14 15 18 19
-67.238108 10 1 2 5 10 11 13 14 15 18 19
-67.23909 10 3 6 7 10 11 13 14 15 18 19
-63.772503 10 1 9 10 11 12 13 14 15 18 19
-65.852121 11 3 6 7 8 9 11 12 13 16 18 19
-66.544147 10 1 3 8 11 13 14 15 16 18 19
-65.157807 10 1 5 8 11 13 14 15 16 18 19
-67.236502 11 3 6 7 8 11 13 14 15 16 18 19
-64.464723 10 1 5 10 11 13 14 15 16 18 19
1 3
-143.33468 0
-142.416614 1 0
-141.638026 1 5
2 5
-54.228542 0
-52.07223 1 0
-51.841091 3 3 5 10
-50.400875 4 0 3 5 10
-53.454665 1 12
3 4
-110.157896 0
-108.665026 1 6
-107.872894 1 8
-108.962846 3 2 5 10
4 7
-69.556847 0
-68.694868 1 10
-67.514326 1 12
-67.885158 1 13
-68.930131 1 14
-67.185794 1 17
-68.57727 1 19
5 43
-103.559765 0
-96.813776 1 0
-101.86311 1 1
-68.532832 1 6
-89.291409 1 7
-84.762853 2 0 7
-87.716616 2 1 7
-98.151433 1 9
-95.006303 2 0 9
-66.468708 2 6 9
-85.730462 2 7 9
-102.410677 1 10
-101.366845 3 2 3 10
-67.832207 2 6 10
-92.169272 1 11
-66.292929 2 6 11
-84.359997 2 7 11
-95.375097 1 12
-94.826817 2 0 12
-66.865508 2 6 12
-83.76254 2 7 12
-92.002718 2 9 12
-83.571996 3 7 9 12
-89.090888 2 11 12
-82.732129 3 7 11 12
-102.479139 1 13
-101.907925 1 14
-100.542602 2 1 14
-102.537304 1 15
-100.745013 1 16
-96.442332 2 0 16
-67.566353 2 6 16
-88.404032 2 7 16
-93.186865 2 12 16
-66.795601 3 6 12 16
-83.357643 3 7 12 16
-96.826538 1 17
-67.348065 2 6 17
-83.101185 2 7 17
-88.845386 1 18
-63.583058 2 6 18
-79.509118 2 7 18
-87.535976 2 12 18
6 17
-106.647046 0
-100.580411 1 0
-105.154176 1 3
-71.620113 1 5
-77.808759 1 7
-71.186946 2 0 7
-76.208326 2 3 7
-57.989466 2 5 7
-99.933185 1 11
-99.660963 2 0 11
-100.345634 1 12
-76.198299 2 7 12
-98.587614 2 10 12
-99.37254 2 11 12
-105.927963 1 17
-76.669445 2 7 17
-102.170067 1 18
7 8
-81.678351 0
-67.409995 1 5
-52.840064 1 6
-76.382819 1 11
-81.079099 1 12
-81.571292 1 13
-80.750954 1 14
-80.930057 1 16
8 6
-80.312097 0
-78.027095 1 3
-60.594357 1 9
-60.349819 2 3 9
-78.698164 1 11
-76.78388 1 18
9 12
-108.759985 0
-103.351652 1 5
-89.042244 1 8
-88.449688 2 5 8
-108.561077 1 10
-100.774261 1 11
-86.312957 2 8 11
-108.5726 1 13
-104.04198 1 15
-103.457445 1 18
-102.308641 2 13 18
-108.610487 1 19
10 11
-81.678351 0
-79.997033 1 0
-80.816372 1 4
-80.529262 1 5
-81.479443 1 9
-77.957992 1 11
-81.384439 2 6 12
-80.213933 1 13
-79.741045 1 15
-78.773669 1 17
-81.08805 1 19
11 112
-102.947808 0
-93.944829 1 0
-91.557315 1 5
-90.390527 2 0 5
-96.233947 1 6
-93.025381 2 0 6
-97.652276 1 7
-92.820642 2 0 7
-101.333875 1 8
-100.383329 2 4 8
-94.962084 1 9
-84.946048 2 0 9
-89.938262 2 5 9
-93.521531 2 6 9
-93.172362 2 7 9
-99.22745 1 10
-92.98204 2 6 10
-96.49784 2 7 10
-98.726549 1 12
-93.790628 2 9 12
-97.997928 2 10 12
-94.048873 1 13
-87.77351 2 0 13
-85.491105 2 5 13
-91.489823 2 6 13
-92.286699 2 7 13
-92.81623 2 8 13
-90.663909 2 9 13
-84.176863 3 0 9 13
-101.192764 1 14
-96.258536 1 15
-88.147992 2 0 15
-102.395454 1 16
-101.613973 2 1 16
-98.483435 3 1 12 16
-83.177999 13 0 1 3 4 5 6 7 8 9 10 13 15 16
-83.177831 14 0 1 2 3 4 5 6 7 8 9 10 13 15 16
-83.701355 13 0 1 2 4 5 6 7 8 9 12 13 15 16
-81.098582 13 0 1 3 4 5 6 7 8 9 12 13 15 16
-81.335086 11 0 1 4 5 6 8 9 10 14 15 16
-74.16729 12 0 1 2 4 5 6 8 9 10 14 15 16
-82.027572 12 0 1 2 4 5 6 8 9 12 14 15 16
-74.167019 13 0 1 2 4 5 6 8 9 10 13 14 15 16
-81.795517 12 0 1 2 4 6 7 8 12 13 14 15 16
-80.353549 12 0 1 2 4 6 8 9 12 13 14 15 16
-79.255052 12 0 1 4 5 6 8 9 12 13 14 15 16
-72.087602 13 0 1 2 4 5 6 8 9 12 13 14 15 16
-97.396282 1 17
-96.851606 2 7 17
-94.004653 2 9 17
-93.92152 2 13 17
-95.755914 2 16 17
-84.224544 12 0 1 2 4 6 8 9 12 14 15 16 17
-76.246373 13 0 1 2 4 5 6 8 9 12 14 15 16 17
-91.991381 1 18
-83.17782 14 0 1 2 3 4 5 6 7 8 9 12 13 16 18
-81.791526 14 0 1 2 3 4 6 7 8 9 10 12 13 16 18
-82.720746 12 0 1 2 4 5 6 8 9 13 14 16 18
-81.098472 13 0 1 2 3 4 5 6 8 9 13 14 16 18
-75.553323 13 0 1 2 4 5 6 7 8 9 13 14 16 18
-79.712211 13 0 1 2 3 4 5 8 9 10 13 14 16 18
-80.405319 13 0 1 2 3 4 6 8 9 10 13 14 16 18
-78.325876 13 0 1 2 3 4 7 8 9 10 13 14 16 18
-80.405196 14 0 1 2 3 4 6 8 9 10 12 13 14 16 18
-82.721438 11 0 1 3 4 8 9 10 13 15 16 18
-81.791847 12 0 1 3 4 6 8 9 10 13 15 16 18
-83.871029 13 0 1 3 4 5 6 8 9 12 13 15 16 18
-81.791607 13 0 1 3 4 6 8 9 10 12 13 15 16 18
-84.51271 11 0 1 3 4 8 9 10 14 15 16 18
-82.484865 12 0 1 3 4 5 8 9 10 14 15 16 18
-83.413867 12 0 2 3 4 5 8 9 10 14 15 16 18
-82.48469 13 0 1 2 3 4 5 8 9 10 14 15 16 18
-82.720656 12 0 2 4 5 6 8 9 10 14 15 16 18
-87.182019 12 0 1 2 4 6 7 8 13 14 15 16 18
-79.254994 12 0 2 4 5 6 8 9 13 14 15 16 18
-76.939523 13 0 1 2 4 5 6 8 9 13 14 15 16 18
-75.553429 12 0 1 3 4 8 9 10 13 14 15 16 18
-81.334334 12 0 2 3 4 8 9 10 13 14 15 16 18
-82.484766 13 0 1 3 4 5 6 8 9 12 13 16 17 18
-81.791493 14 0 1 2 3 4 6 8 9 10 12 13 16 17 18
-83.177828 13 0 1 3 4 5 6 8 9 13 14 16 17 18
-83.87098 13 0 1 3 4 5 8 9 10 13 14 16 17 18
-83.870894 14 0 1 3 4 5 8 9 10 12 13 14 16 17 18
-83.819091 12 0 2 4 5 6 8 9 14 15 16 17 18
-80.405185 13 0 1 2 4 5 6 8 9 14 15 16 17 18
-80.405302 12 0 1 3 4 8 9 10 14 15 16 17 18
-83.17771 14 0 1 2 4 5 7 8 9 10 14 15 16 17 18
-83.177686 15 0 1 2 4 5 7 8 9 10 13 14 15 16 17 18
-96.65 1 19
-89.730043 2 5 19
-94.80594 2 6 19
-94.670919 2 7 19
-94.608944 2 9 19
-79.71213 14 0 1 2 4 5 6 7 8 9 10 13 15 16 19
-83.008229 13 0 1 2 5 6 7 8 9 12 13 15 16 19
-77.632695 14 0 1 2 4 5 6 7 8 9 12 13 15 16 19
-83.178195 12 0 1 3 4 5 8 9 10 14 15 16 19
-83.177928 13 0 1 2 3 4 5 8 9 10 14 15 16 19
-83.177928 13 0 1 3 4 5 8 9 10 13 14 15 16 19
-83.177795 14 0 1 2 3 4 5 8 9 10 13 14 15 16 19
-82.433038 12 0 1 2 4 6 9 12 13 14 15 16 19
-82.027264 13 0 1 2 5 6 8 9 12 13 14 15 16 19
-81.137004 11 0 1 3 9 10 12 13 14 15 16 19
-84.315377 10 0 1 3 9 10 14 15 16 17 19
-83.177742 14 0 1 2 4 5 7 8 9 10 14 15 16 17 19
-83.177702 15 0 1 2 4 5 7 8 9 10 13 14 15 16 17 19
-83.177824 14 0 1 2 4 5 6 7 8 9 12 13 16 18 19
-82.485062 12 0 1 3 4 6 8 9 13 15 16 18 19
-83.870924 14 0 1 2 4 5 6 8 9 10 13 15 16 18 19
-82.484788 13 0 1 3 4 6 8 9 12 13 15 16 18 19
-82.484632 14 0 1 2 4 5 6 8 9 12 13 15 16 18 19
-83.871055 13 0 1 3 4 6 8 9 12 13 16 17 18 19
12 42
-64.235725 0
-51.286989 1 0
-63.461849 1 2
-62.193204 1 4
-61.987879 2 2 4
-56.051057 1 5
-49.300031 2 0 5
-54.941109 2 2 5
-54.507343 2 4 5
-57.934313 1 6
-57.867444 2 2 6
-56.869758 2 4 6
-63.636473 1 7
-54.954217 2 6 10
-54.934892 3 4 6 10
-51.009817 5 0 3 6 8 10
-50.95708 6 0 3 4 6 8 10
-60.014466 1 11
-59.803711 2 2 11
-58.852352 1 13
-58.491513 2 4 13
-54.048904 2 5 13
-57.098807 2 6 13
-60.368913 1 15
-60.196449 2 2 15
-48.998016 1 17
-48.197494 2 0 17
-48.427289 2 5 17
-48.29506 3 2 5 17
-48.887105 2 8 17
-47.474785 5 0 3 8 10 17
-47.52272 4 6 8 10 17
-41.251207 6 0 3 6 8 10 17
-47.108285 6 0 3 8 10 13 17
-56.181273 1 18
-54.871863 2 5 18
-55.57595 1 19
-51.178619 2 0 19
-50.10635 2 5 19
-52.124687 2 6 19
-55.250734 2 7 19
-48.557731 2 17 19
13 24
-60.416029 0
-53.246943 1 0
-58.744339 1 4
-59.335403 1 5
-60.30897 1 7
-60.228643 1 9
-58.951611 1 10
-51.517094 1 11
-47.075623 2 0 11
-55.032656 1 12
-50.985088 2 11 12
-57.518206 1 15
-52.934956 2 0 15
-52.828276 8 0 5 6 8 9 10 14 15
-52.692329 9 0 2 5 6 8 9 10 14 15
-53.70183 1 17
-50.227068 2 11 17
-47.867595 1 18
-47.659196 2 4 18
-46.718791 2 9 18
-50.344695 1 19
-49.484754 2 0 19
-47.970109 2 11 19
-43.840516 2 18 19
14 8
-67.001228 0
-61.551076 1 0
-66.374511 1 4
-65.349387 1 5
-66.073831 1 7
-65.246184 1 11
-62.834277 1 17
-65.899246 1 19
15 15
-124.809457 0
-122.677246 1 0
-123.786996 1 5
-120.091451 1 9
-118.959094 2 7 9
-122.872151 1 10
-118.120184 1 11
-116.880408 2 0 11
-120.942644 1 12
-121.911634 1 13
-110.841834 1 17
-122.6047 1 18
-123.732217 1 19
-116.294744 11 0 2 4 7 8 9 10 11 12 13 19
-115.264758 11 0 1 5 8 9 10 11 12 13 16 19
16 5
-52.617281 0
-49.802529 1 5
-51.868987 1 7
-52.064927 1 11
-46.383322 1 18
17 23
-115.614329 0
-100.304665 1 0
-113.243276 1 4
-108.881102 1 5
-106.793622 2 4 5
-114.895247 1 6
-111.555042 2 4 6
-112.709648 1 10
-110.062803 1 11
-100.37662 1 12
-97.215169 2 0 12
-100.25551 2 11 12
-108.900131 1 13
-108.80221 2 5 13
-108.772778 2 11 13
-111.447378 1 14
-101.646706 1 15
-91.140151 2 0 15
-91.499733 2 12 15
-97.664149 1 18
-97.646048 2 4 18
-93.564572 2 12 18
-112.119786 1 19
18 36
-153.253963 0
-139.008779 1 0
-138.539584 1 5
-133.287644 2 0 5
-148.776985 1 6
-149.725746 1 8
-137.081747 2 0 8
-147.951424 1 9
-137.378065 2 0 9
-142.297536 1 11
-145.199511 1 12
-137.36039 2 5 12
-143.446732 2 8 12
-144.711852 2 9 12
-140.818277 2 11 12
-140.70553 1 13
-138.032315 2 0 13
-130.360721 2 5 13
-139.209564 2 8 13
-134.441571 2 9 13
-151.049207 1 15
-147.020005 1 16
-136.843454 2 0 16
-137.478877 2 5 16
-146.46604 2 6 16
-145.987537 2 8 16
-142.658904 2 12 16
-137.492145 2 13 16
-135.303783 1 17
-133.041025 2 5 17
-133.958587 2 8 17
-132.96063 2 13 17
-133.844414 2 16 17
-149.059114 1 19
-147.935381 2 9 19
-146.069153 2 16 19
19 15
-109.459996 0
-103.088185 1 0
-108.480419 1 4
-109.310498 1 9
-108.869695 1 10
-103.162188 1 11
-100.800221 1 12
-99.388663 1 13
-99.325996 2 0 13
-97.093725 2 12 13
-108.358014 1 14
-107.50997 2 9 14
-108.382757 1 15
-105.965453 1 17
-105.265147 1 18