20
0 26
-81.450381 0
-80.394571 1 1
-80.039068 1 2
-74.721415 1 5
-75.131421 1 6
-79.595973 1 10
-74.026438 2 6 10
-72.226195 1 11
-72.119886 2 2 11
-71.19007 2 6 11
-71.877243 2 9 11
-68.578642 1 12
-66.265337 2 11 12
-74.337472 1 13
-72.122077 2 5 13
-72.763507 2 6 13
-68.631764 2 11 13
-77.216118 1 14
-79.108541 1 15
-71.210917 2 11 15
-67.097433 1 17
-66.981903 1 18
-74.847082 1 19
-71.680983 2 5 19
-72.216463 2 6 19
-72.094223 2 11 19
1 3
-142.869616 0
-141.813807 1 0
-140.782568 1 5
2 2
-53.999309 0
-52.587996 1 0
3 3
-109.930491 0
-107.936717 1 6
-107.384301 1 8
4 6
-69.328464 0
-68.758661 1 10
-68.027826 1 12
-68.419324 1 13
-67.779997 1 17
-68.219533 1 19
5 27
-103.332262 0
-96.603296 1 0
-101.245214 1 1
-68.830905 1 6
-89.612252 1 7
-86.672897 2 0 7
-97.509848 1 9
-94.260593 2 0 9
-67.925736 2 6 9
-87.076859 2 7 9
-102.006175 1 10
-91.705094 1 11
-67.959928 2 6 11
-85.949226 2 7 11
-95.764253 1 12
-87.021683 2 7 12
-93.387784 2 9 12
-90.739649 2 11 12
-102.368667 1 13
-103.174282 1 14
-102.008851 1 15
-102.842955 1 16
-96.778453 1 17
-87.83991 2 7 17
-88.14104 1 18
-66.648676 2 6 18
-82.232397 2 7 18
6 18
-106.41959 0
-100.100631 1 0
-104.425816 1 3
-71.918234 1 5
-77.824372 1 7
-71.898675 2 0 7
-76.690712 2 3 7
-61.199124 2 5 7
-99.27642 1 11
-98.240295 2 0 11
-100.091911 1 12
-99.832351 2 3 12
-77.104735 2 7 12
-98.851888 2 10 12
-98.419429 2 11 12
-105.993978 1 15
-105.611172 1 17
-101.134744 1 18
7 6
-81.450381 0
-67.730371 1 5
-52.855163 1 6
-75.896297 1 11
-80.820809 1 12
-81.351284 1 13
8 5
-80.084088 0
-77.537897 1 3
-60.423455 1 9
-78.192381 1 11
-77.104249 1 18
9 14
-108.532561 0
-102.710147 1 5
-88.871928 1 8
-87.938182 2 5 8
-108.019453 1 10
-107.534965 2 6 10
-100.120953 1 11
-99.772001 2 0 11
-86.473714 2 8 11
-108.257815 1 13
-103.546031 1 15
-103.412825 2 7 15
-102.347788 1 18
-107.860352 1 19
10 10
-81.450381 0
-79.595973 1 0
-80.880577 1 4
-80.124294 1 5
-80.937274 1 9
-77.457316 1 11
-79.996768 1 13
-79.248944 1 15
-79.333944 1 17
-80.551618 1 19
11 42
-102.720295 0
-93.496109 1 0
-91.093127 1 5
-89.727166 2 0 5
-95.577125 1 6
-91.635774 2 0 6
-97.166211 1 7
-91.748336 2 0 7
-100.828588 1 8
-100.472295 2 4 8
-94.308688 1 9
-83.595966 2 0 9
-88.776956 2 5 9
-91.629421 2 6 9
-91.603157 2 7 9
-98.72723 1 10
-92.906699 2 0 10
-91.36833 2 6 10
-95.174081 2 7 10
-98.420411 1 12
-92.560511 2 9 12
-96.934074 2 10 12
-93.896487 1 13
-88.190779 2 0 13
-86.046262 2 5 13
-90.702071 2 6 13
-92.550403 2 7 13
-93.073172 2 8 13
-89.901751 2 9 13
-93.568498 2 10 13
-101.5523 1 14
-95.602724 1 15
-87.7051 2 0 15
-97.780009 1 17
-91.063369 1 18
-95.983586 1 19
-93.230727 2 0 19
-88.499452 2 5 19
-92.8902 2 6 19
-93.082748 2 7 19
-92.693491 2 9 19
-94.645839 2 15 19
12 17
-64.007101 0
-51.135363 1 0
-62.706463 1 4
-56.439092 1 5
-57.679422 1 6
-63.377529 1 7
-55.521065 2 6 10
-59.707217 1 11
-58.774164 1 13
-56.135543 2 5 13
-56.741851 2 6 13
-61.042832 1 15
-50.147689 1 17
-55.903797 1 18
-55.445936 1 19
-52.118031 2 5 19
-52.703113 2 6 19
13 17
-60.187201 0
-53.074291 1 0
-59.27806 1 4
-59.223606 1 5
-60.088104 1 7
-59.912455 1 9
-58.733587 1 10
-51.363392 1 11
-47.768961 2 0 11
-54.954263 1 12
-50.886342 2 11 12
-57.375284 1 15
-54.662365 1 17
-48.573355 1 18
-50.383473 1 19
-48.923325 2 11 19
-47.623673 2 18 19
14 5
-66.989217 0
-62.754955 1 0
-66.831238 1 5
-65.821223 1 11
-66.986446 1 19
15 14
-124.476049 0
-122.134209 1 0
-123.152638 1 5
-124.050437 1 6
-119.48952 1 9
-118.113191 2 7 9
-122.274612 1 10
-117.358478 1 11
-116.3432 2 0 11
-121.51178 1 12
-121.664133 1 13
-112.719026 1 17
-121.412239 1 18
-122.939304 1 19
16 3
-52.675391 0
-52.186084 1 5
-52.02921 1 18
17 13
-115.402201 0
-101.049253 1 0
-113.853733 1 4
-108.848392 1 5
-114.593783 1 6
-113.285764 1 10
-110.461915 1 11
-101.542789 1 12
-109.877365 1 13
-103.645177 1 15
-100.467094 2 0 15
-99.514054 1 18
-111.839863 1 19
18 20
-152.778533 0
-138.310055 1 0
-137.587311 1 5
-133.017101 2 0 5
-147.493687 1 6
-149.798693 1 8
-146.593761 1 9
-136.227675 2 0 9
-141.121607 1 11
-144.675228 1 12
-142.609942 2 9 12
-139.919347 2 11 12
-141.164687 1 13
-132.853529 2 5 13
-136.732626 2 9 13
-149.714722 1 15
-152.132352 1 16
-136.890385 1 17
-147.888685 1 19
-145.566362 2 9 19
19 15
-109.232582 0
-102.629283 1 0
-108.123651 1 4
-108.560374 1 9
-108.333819 1 10
-102.495873 1 11
-102.363901 2 0 11
-100.671417 1 12
-100.467458 2 11 12
-99.428854 1 13
-98.126226 2 12 13
-109.229811 1 14
-107.695837 1 15
-105.670244 1 17
-104.342735 1 18