28
0 13
-144.476120 2 22 23
-150.283234 1 23
-198.856232 3 19 22 25
-201.246414 1 12
-201.324249 1 7
-201.371536 2 22 25
-202.609756 2 22 24
-202.695618 1 20
-202.696182 1 24
-202.830093 1 11
-203.681381 1 22
-204.101593 1 10
-204.569672 0
1 19
-70.385834 3 4 8 11
-71.333549 2 4 14
-71.954926 2 4 16
-72.249832 2 4 11
-72.453484 2 4 17
-72.984276 2 4 26
-73.333084 1 4
-82.799789 2 5 26
-82.914421 2 14 17
-83.072769 1 5
-83.155113 2 14 26
-83.200111 2 17 26
-83.728668 1 14
-83.930878 1 17
-85.052719 1 26
-86.127449 2 16 27
-86.216873 1 3
-86.652740 1 16
-86.710663 0
2 1
-210.962738 0
3 3
-203.649551 1 1
-203.834869 1 9
-204.143402 0
4 49
-163.776550 3 1 11 18
-166.239273 3 1 9 11
-166.942169 3 1 7 11
-167.353210 3 1 9 18
-170.126144 3 1 7 9
-170.315460 3 1 7 18
-171.042267 2 1 18
-171.074997 2 1 9
-171.986496 3 1 11 22
-173.472687 3 1 22 23
-175.280930 3 1 7 22
-175.767014 2 1 11
-176.436508 2 1 7
-178.935364 2 1 22
-180.552399 2 7 11
-180.810684 2 11 18
-181.271317 2 7 9
-182.020981 2 9 18
-182.149277 2 7 22
-182.334778 2 9 22
-182.566391 2 5 9
-182.716034 2 7 18
-184.092331 2 9 11
-184.653656 2 11 22
-184.828705 2 22 23
-184.993988 2 18 22
-185.326096 2 1 23
-185.840820 2 5 18
-185.919205 2 9 23
-185.983078 1 9
-186.073730 2 5 7
-186.909241 2 7 23
-186.952942 1 18
-188.045471 2 5 22
-188.220428 1 7
-188.927795 2 1 5
-188.938797 2 1 16
-190.071030 1 22
-190.765762 1 1
-190.802414 2 5 11
-192.555923 1 11
-197.168015 2 5 23
-197.983902 1 5
-198.513580 1 23
-203.513367 1 20
-203.636627 1 16
-203.996765 1 6
-204.057343 1 21
-204.143402 0
5 7
-177.564774 1 4
-180.086319 1 1
-181.402130 1 14
-182.634262 2 11 25
-183.067505 2 25 26
-183.635239 1 26
-183.724213 0
6 9
-209.373611 1 4
-206.956802 1 12
-203.341644 2 10 12
-209.520111 0
-207.986603 1 23
-201.052444 2 8 22
-202.033920 1 22
-205.305344 1 8
-190.168671 1 7
7 39
-184.362778 2 12 18
-188.850266 2 11 12
-196.136810 2 22 23
-187.855392 2 12 23
-196.266327 2 18 22
-196.344604 1 18
-190.027359 1 12
-183.691544 2 12 22
-184.863190 2 10 12
-180.135101 2 4 12
-172.940964 3 6 9 12
-177.216003 3 4 6 12
-183.460922 3 8 12 22
-182.647980 2 6 18
-179.107239 2 6 12
-187.798889 2 6 11
-187.524124 2 8 18
-187.103073 2 8 12
-186.333435 2 8 9
-179.728943 2 6 9
-179.026337 2 9 12
-207.784393 0
-202.104279 1 23
-204.538940 1 0
-191.861465 1 4
-195.482544 2 9 22
-189.342239 2 8 22
-187.619278 2 6 22
-189.502060 2 4 22
-197.423813 1 22
-196.729538 1 9
-194.661606 1 8
-184.429855 2 6 8
-182.624741 2 4 8
-179.280823 2 4 6
-188.432861 1 6
-196.722366 2 9 23
-190.499924 2 4 23
-187.729950 2 6 23
8 7
-200.201950 2 11 12
-210.916107 0
-204.024612 1 12
-203.502823 2 1 12
-206.725250 1 23
-206.701172 1 6
-197.793243 1 7
9 24
-173.879608 2 15 23
-150.213531 2 18 22
-163.134232 2 16 22
-153.806885 1 18
-171.619293 1 16
-159.778046 2 11 22
-148.874878 2 4 18
-150.929123 2 16 18
-151.389297 2 11 18
-166.300705 2 11 16
-166.997574 2 3 11
-167.169205 1 11
-173.604645 1 10
-162.629929 2 7 17
-163.586243 2 7 16
-159.934296 2 7 11
-174.995697 0
-173.977203 1 23
-174.687332 1 3
-156.835526 1 4
-155.399094 2 4 22
-161.194077 2 7 22
-163.135361 1 22
-163.940948 1 7
10 13
-207.415771 2 12 13
-210.995941 0
-201.749130 2 16 23
-203.475128 1 16
-209.468948 1 13
-199.477982 1 11
-210.156921 2 6 12
-208.607834 2 7 12
-203.990509 1 23
-210.527954 1 0
-210.816391 1 22
-208.759216 1 20
-209.604889 1 9
11 30
-174.106750 2 15 16
-173.705856 2 10 16
-178.597595 2 10 15
-192.479126 2 25 26
-191.497101 3 15 25 26
-181.744827 1 4
-193.332245 0
-180.661591 2 1 4
-170.557068 2 4 16
-181.428268 2 4 15
-180.367004 2 4 14
-189.181931 2 13 20
-192.836121 1 18
-193.111420 1 17
-175.454742 1 16
-191.498627 1 15
-191.146515 1 14
-191.034317 1 13
-191.282822 2 8 12
-170.136154 2 9 16
-179.962540 2 9 10
-187.321930 1 23
-181.574921 2 4 26
-191.592682 1 0
-192.036865 2 5 25
-190.937073 1 20
-181.814178 1 10
-175.302551 2 4 10
-185.505661 1 9
-185.027664 2 9 23
12 15
-205.226425 2 10 14
-205.380585 0
-205.306305 1 14
-185.901886 2 7 11
-201.477112 2 6 11
-193.237579 2 8 11
-204.329010 1 23
-202.057373 1 0
-202.817261 1 6
-202.097641 1 22
-181.857849 2 7 10
-198.584518 2 6 10
-196.495392 2 1 8
-198.489243 1 8
-187.623627 1 7
13 11
-197.789658 2 15 16
-197.513153 2 14 16
-203.519257 2 10 12
-205.674713 3 1 20 25
-206.836517 0
-199.287140 1 16
-205.973846 1 15
-199.255280 1 14
-204.538651 1 11
-206.661148 3 20 25 26
-205.309479 1 10
14 11
-209.886398 2 12 17
-208.985992 2 10 12
-202.901077 1 13
-210.482391 0
-207.500381 1 1
-210.437408 1 16
-210.408035 1 12
-208.296646 1 11
-206.914230 2 5 11
-205.824509 2 1 11
-208.160294 1 5
15 11
-94.030403 2 13 18
-96.554955 1 11
-90.023033 2 11 19
-97.525841 1 13
-97.476349 1 20
-97.172058 1 18
-98.388519 0
-90.951950 1 19
-98.364716 1 21
-96.768456 1 27
-90.125267 3 13 18 19
16 17
-189.728943 2 11 13
-199.414627 2 10 13
-200.234940 1 13
-207.277664 1 4
-207.784393 0
-205.899567 2 1 4
-207.726456 1 1
-203.752106 1 17
-207.739410 1 14
-199.286240 2 10 17
-189.906876 1 11
-199.610825 2 9 13
-189.038376 2 9 11
-207.158356 1 23
-207.354782 2 1 21
-200.263458 1 10
-204.407867 1 9
17 4
-207.166107 0
-204.386368 1 1
-203.133881 1 16
-206.945328 1 11
18 12
-193.505508 1 4
-210.695892 0
-209.479462 1 15
-210.199783 1 11
-189.169083 2 7 9
-185.544846 2 4 9
-184.384399 2 9 22
-192.229172 2 4 22
-197.306259 1 22
-196.148712 2 7 22
-189.507004 1 9
-199.256134 1 7
19 33
-127.870720 4 15 20 25 27
-130.274796 3 15 25 27
-135.571304 3 15 26 27
-133.160141 3 24 25 27
-139.276871 2 24 27
-139.690094 2 26 27
-159.761108 3 15 24 25
-164.728470 2 24 25
-132.239944 3 20 25 27
-139.709808 2 22 27
-167.962540 2 15 24
-134.147888 2 25 27
-139.929581 1 27
-134.805161 2 20 27
-165.086472 2 21 26
-135.776718 2 15 27
-166.264389 3 0 22 25
-160.824249 2 15 25
-155.257446 3 21 24 25
-152.551941 3 15 21 25
-165.487640 1 21
-168.077896 1 25
-168.192825 2 15 26
-175.832016 1 26
-157.923645 2 21 25
-168.596527 1 15
-159.717316 2 15 21
-129.781647 3 15 20 27
-173.376480 1 24
-174.880600 1 22
-163.373535 2 21 24
-176.033051 0
-159.337524 3 15 21 26
20 13
-208.608002 1 15
-208.921204 3 13 25 26
-209.030197 3 1 13 25
-172.613907 1 27
-167.489532 2 19 27
-171.950226 2 0 27
-190.342468 3 17 21 25
-190.453583 1 21
-209.520111 0
-207.646118 1 0
-208.890213 1 4
-207.283356 1 10
-207.125015 1 11
21 7
-117.055634 1 15
-116.993484 1 4
-87.579529 2 19 20
-117.079437 0
-106.533981 1 19
-81.707664 1 27
-98.012848 1 20
22 48
-189.293564 2 12 18
-201.698685 2 0 19
-191.990967 1 18
-205.380585 0
-183.587189 4 0 19 23 25
-186.747330 2 18 23
-190.031982 2 4 18
-190.134308 2 6 18
-202.097610 1 12
-186.718735 3 0 19 23
-196.054886 3 0 19 25
-194.073074 2 19 23
-187.686676 3 7 23 25
-204.219116 2 0 24
-189.031738 2 0 23
-195.140396 3 0 6 25
-191.766693 2 6 23
-191.912689 2 7 18
-192.489777 2 9 12
-202.132736 2 0 25
-194.838898 1 23
-191.549698 2 23 25
-189.412460 3 6 23 25
-204.305557 1 24
-186.989655 3 0 23 25
-180.758514 3 4 23 25
-205.200958 1 10
-192.273209 2 7 9
-190.164795 2 6 9
-189.871872 2 4 9
-193.520187 1 9
-191.908401 2 0 9
-188.948944 2 4 7
-195.020050 1 7
-190.377258 2 4 6
-191.308304 1 4
-204.492310 1 0
-197.894348 1 6
-196.780640 2 0 6
-185.887894 3 0 9 23
-187.715164 2 9 23
-188.871460 2 7 23
-181.154007 2 4 23
-204.228073 1 19
-187.090012 3 9 23 25
-189.644363 2 9 24
-190.782379 4 0 9 19 25
-188.397629 2 9 18
23 43
-192.536423 2 11 12
-186.122574 2 22 25
-189.130478 1 22
-184.444107 2 16 24
-196.538254 2 6 16
-143.180252 2 0 6
-138.712585 2 0 24
-199.046173 1 16
-198.620560 1 12
-181.839859 2 11 24
-188.635712 2 11 22
-193.244202 2 6 11
-193.661880 1 11
-192.469452 2 10 12
-191.997894 2 7 11
-192.206085 2 8 11
-188.354614 2 10 22
-181.462357 2 10 24
-192.595932 2 8 10
-192.666656 1 10
-189.452759 2 7 10
-191.672546 2 4 10
-178.790237 3 22 24 25
-199.672089 0
-179.914993 2 22 24
-198.138611 1 6
-141.223862 2 0 4
-183.682449 3 4 22 25
-145.385773 1 0
-194.042435 1 4
-129.118698 3 0 8 22
-183.839722 2 8 24
-187.843430 2 7 22
-183.984009 2 7 24
-183.888107 2 4 22
-182.173492 2 4 24
-129.925156 2 0 22
-184.750137 1 24
-198.653595 1 9
-193.946274 2 4 8
-195.481430 1 8
-193.992096 1 7
-192.680878 2 4 7
24 6
-199.690292 1 22
-198.618607 2 0 22
-185.843292 1 23
-198.108688 1 19
-198.891846 1 0
-200.765350 0
25 23
-36.306850 0
-34.177151 2 22 23
-32.096954 2 26 27
-26.265211 2 19 26
-32.126804 2 11 26
-34.875175 2 0 22
-32.471298 2 5 26
-32.395210 3 22 23 26
-31.505667 3 11 26 27
-36.137714 2 3 8
-31.954010 3 5 26 27
-28.077637 3 1 11 19
-35.132103 1 27
-33.039051 1 26
-28.351610 1 19
-36.082233 2 17 20
-34.984943 3 17 20 27
-31.673544 3 5 11 26
-25.862818 3 11 19 26
-36.261829 2 5 11
-23.658573 4 0 19 22 26
-24.842846 3 0 19 22
-36.133102 2 12 13
26 9
-9.819913 0
-9.730968 1 5
-8.162000 1 1
-4.194908 2 1 25
-6.552144 1 25
-4.336586 2 11 25
-9.618823 1 19
-7.464811 2 1 19
-4.327578 2 5 25
27 13
-191.228668 2 15 25
-191.712128 1 15
-192.157486 1 25
-193.332245 0
-140.964600 2 20 21
-111.932434 2 19 20
-154.272049 2 20 25
-109.281593 3 19 20 21
-157.960419 1 21
-157.228683 1 19
-156.425934 1 20
-133.322281 2 19 21
-157.853821 2 21 25
