28
0 16
-199.751740 2 12 20
-202.963242 1 22
-204.342987 0
-203.856247 1 8
-200.540512 1 12
-200.591965 1 7
-202.138351 1 11
-203.354843 1 10
-201.963181 1 20
-199.855743 2 7 20
-200.525909 2 22 24
-199.432800 2 11 12
-202.003281 1 24
-149.008057 2 12 23
-143.135773 2 22 23
-149.779953 1 23
1 8
-86.482750 0
-83.964523 1 17
-73.474838 1 4
-72.640137 2 4 14
-82.980759 1 5
-86.196762 1 3
-83.661850 1 14
-73.268341 2 4 16
2 1
-210.736176 0
3 3
-203.246323 1 9
-203.630661 1 1
-203.916595 0
4 56
-189.383408 1 22
-174.555603 3 1 22 23
-179.028656 2 11 18
-170.499252 3 1 9 18
-171.772858 2 1 18
-203.706467 1 21
-186.268967 1 18
-202.897018 1 16
-189.579926 2 1 16
-187.565598 1 7
-203.916595 0
-178.855713 2 7 11
-203.636948 1 12
-191.963669 1 11
-203.258713 1 6
-180.918732 2 5 9
-182.749924 3 11 22 23
-185.428574 1 9
-197.342270 1 5
-190.908737 1 1
-202.769699 1 20
-178.693863 3 7 11 22
-189.664154 2 1 5
-176.704193 2 1 11
-171.919586 2 1 9
-187.485504 2 7 20
-177.200287 2 1 7
-203.089401 2 0 6
-184.234131 2 5 7
-183.950165 2 5 18
-185.194489 2 7 23
-182.697754 2 9 11
-185.463440 2 18 23
-179.634857 3 5 9 22
-183.134552 2 22 23
-182.865387 2 11 22
-195.272675 2 5 23
-197.849167 1 23
-179.700470 2 7 9
-182.988617 2 18 22
-173.128937 3 1 11 22
-186.149628 2 5 22
-180.578384 2 9 22
-180.279144 2 7 22
-184.298355 2 9 23
-176.014343 3 1 7 22
-178.805511 2 1 22
-178.232132 3 7 11 18
-180.467438 2 9 18
-180.803070 2 7 18
-181.560669 3 18 22 23
-166.423187 3 1 11 18
-186.059875 2 1 23
-189.116577 2 5 11
-169.774658 3 1 9 11
-169.582825 3 1 7 11
5 6
-183.497406 0
-179.995529 1 1
-183.458786 1 11
-180.739243 1 14
-176.923080 1 4
-176.498169 2 4 14
6 12
-201.134857 2 10 12
-201.322006 1 22
-209.293549 0
-205.758942 2 12 16
-208.635605 1 4
-204.554489 1 8
-188.533081 2 7 11
-206.223984 1 12
-189.478928 1 7
-204.938171 2 11 12
-207.261276 1 23
-198.857849 2 8 22
7 58
-178.125183 2 6 9
-181.787994 2 12 22
-181.785706 3 10 12 18
-183.005463 2 10 12
-196.735214 1 22
-182.408600 2 12 18
-194.444839 2 0 18
-190.163879 2 4 18
-185.454651 2 8 18
-195.629684 1 18
-195.775726 2 9 17
-193.951218 1 8
-207.557709 0
-177.035202 3 6 12 18
-191.206650 1 4
-203.806686 1 0
-178.305786 2 4 12
-189.374374 1 12
-196.209335 1 9
-185.140228 2 8 12
-190.727493 2 0 4
-177.383698 2 4 6
-187.743088 1 6
-187.068054 2 11 12
-184.790039 2 8 9
-177.505951 2 9 12
-180.701721 2 4 8
-195.313446 2 0 9
-180.631714 2 6 18
-177.238678 2 6 12
-176.957169 3 4 10 12
-177.407303 3 4 9 12
-172.163025 3 4 6 12
-168.648148 3 6 9 12
-178.529785 3 8 12 22
-185.626526 2 6 22
-194.333527 2 22 23
-187.154221 2 0 6
-196.292038 2 17 22
-194.391296 2 18 23
-188.741577 2 4 23
-186.016235 2 12 23
-185.744446 2 6 23
-201.396286 1 23
-194.224579 2 18 22
-187.630981 2 4 22
-193.860245 2 9 22
-180.180283 3 6 8 18
-177.340179 3 6 8 9
-182.385742 2 6 8
-177.212738 3 4 6 8
-195.122574 2 9 23
-187.298401 2 8 22
-176.558716 3 9 10 12
-194.828278 2 9 18
-193.276642 2 8 11
-185.977509 2 6 11
-190.481262 2 4 9
8 9
-210.689423 0
-210.202682 1 0
-203.297226 1 12
-205.950363 1 6
-198.262756 2 11 12
-197.082932 1 7
-203.159546 2 12 23
-205.799866 2 6 23
-206.013107 1 23
9 28
-162.551010 1 22
-161.353134 2 16 22
-155.555481 2 4 7
-174.768890 0
-153.293381 1 18
-156.280869 1 4
-170.996628 1 16
-158.727051 2 7 11
-163.420578 1 7
-166.727463 1 11
-174.098618 1 3
-166.339722 2 11 16
-165.719757 2 3 11
-172.976425 1 10
-147.491882 2 4 18
-149.616241 2 16 18
-161.096039 2 7 17
-152.491913 2 7 18
-162.035919 2 7 16
-173.418503 1 23
-148.907928 2 18 22
-158.590240 2 11 22
-153.745972 2 4 22
-161.748810 2 22 24
-150.509613 2 11 18
-152.932770 2 10 18
-159.675995 2 7 22
-163.142944 2 7 10
10 15
-199.625717 2 16 23
-210.064804 1 22
-210.769379 0
-208.717026 1 13
-210.061584 2 12 14
-209.781296 1 0
-202.741379 1 16
-198.824509 1 11
-205.213501 2 12 13
-206.641510 2 7 12
-208.976913 1 9
-207.921173 2 6 12
-198.498825 2 11 23
-208.000168 1 20
-203.288864 1 23
11 35
-174.028427 2 16 23
-192.806137 1 22
-186.409653 2 17 23
-187.192230 2 13 20
-190.322937 2 13 18
-192.415894 2 12 17
-191.508347 1 15
-193.105560 0
-192.134567 1 18
-192.427902 1 17
-181.152573 1 4
-190.900925 1 0
-171.986359 2 10 16
-170.219421 2 9 16
-184.785110 2 9 14
-174.876389 1 16
-190.445663 1 14
-178.709229 2 4 14
-189.836197 2 0 14
-185.064072 1 9
-189.367889 2 8 12
-190.364853 1 13
-193.066879 1 5
-174.703278 2 15 16
-180.561768 2 4 13
-169.070465 2 4 16
-189.950684 2 12 13
-178.221619 2 10 15
-181.160629 1 10
-190.253098 1 20
-192.096100 2 7 12
-186.655807 1 23
-183.603409 2 9 23
-173.557983 2 4 10
-178.534531 2 9 10
12 22
-205.153900 0
-204.874252 1 4
-201.351486 1 0
-203.669647 2 14 17
-202.960846 2 10 14
-204.554550 1 14
-186.970627 1 7
-196.394012 2 6 10
-202.084396 1 6
-204.168793 2 10 13
-201.316528 2 6 16
-197.761765 1 8
-196.875214 2 1 8
-186.712555 2 7 16
-200.520554 2 0 6
-203.632492 1 23
-201.369492 1 22
-186.422333 2 7 22
-199.441986 2 6 11
-180.010620 2 7 10
-191.315826 2 8 11
-184.127441 2 7 11
13 11
-201.331390 2 10 12
-197.977280 2 16 20
-205.753830 1 15
-195.331238 2 14 16
-206.609955 0
-198.562057 1 16
-198.531113 1 14
-203.869186 1 11
-196.625153 2 15 16
-204.557480 1 10
-203.766174 2 11 20
14 14
-206.707611 2 10 12
-207.638062 2 12 17
-210.255707 0
-209.538849 2 12 16
-207.434860 1 1
-209.680466 1 16
-210.223190 1 17
-202.176987 1 13
-209.656357 1 12
-207.595871 1 11
-207.497543 1 5
-202.067963 2 5 13
-206.170746 2 1 11
-205.002930 2 5 11
15 8
-93.658508 2 13 18
-96.972092 1 18
-97.304794 1 13
-96.563644 1 11
-98.160851 0
-91.606979 1 19
-97.262497 1 20
-96.560226 1 27
16 17
-187.932434 2 11 13
-198.777069 2 13 17
-197.069061 2 10 17
-207.557709 0
-203.014450 1 17
-206.982407 1 14
-197.594513 2 9 13
-197.207245 2 10 13
-199.509872 1 13
-189.328537 1 11
-199.529648 1 10
-203.785385 1 9
-206.538071 1 4
-206.331635 2 1 4
-202.615479 2 17 20
-188.940796 2 9 11
-206.448410 1 23
17 8
-206.939545 0
-204.421310 1 1
-206.250931 2 9 14
-206.906967 1 14
-202.396286 1 16
-206.261887 1 11
-206.022034 2 12 14
-206.053894 2 11 12
18 14
-196.602524 1 22
-210.469330 0
-209.280563 1 15
-198.541306 1 7
-209.498337 1 11
-192.821640 1 4
-188.993759 1 9
-182.959488 2 9 22
-210.438400 1 23
-187.612579 2 7 9
-190.207764 2 4 22
-194.091888 2 7 22
-191.778748 2 4 7
-184.032532 2 4 9
19 17
-136.814056 2 20 27
-163.866547 2 15 21
-166.087692 1 21
-174.288193 1 22
-175.806366 0
-169.252487 1 15
-167.188629 2 24 25
-169.080490 1 25
-166.099091 2 15 25
-165.367828 2 21 24
-172.590485 2 18 24
-172.823349 1 24
-139.361542 2 25 27
-139.858490 2 15 27
-140.391037 1 27
-174.277130 2 22 23
-163.173920 2 21 25
20 12
-206.338074 2 11 13
-209.293549 0
-206.913742 1 0
-208.395187 1 15
-206.441086 1 11
-206.524277 1 10
-208.146591 1 4
-190.187439 2 0 21
-168.491547 2 19 27
-172.068527 1 27
-170.316742 2 0 27
-190.397751 1 21
21 6
-116.852135 0
-116.641953 1 4
-107.133469 1 19
-81.806686 1 27
-97.956345 1 20
-90.206268 2 19 20
22 46
-200.348846 2 0 19
-187.183990 2 12 18
-188.006897 2 4 18
-194.103363 2 7 17
-205.153900 0
-203.774216 1 0
-201.369492 1 12
-194.331467 1 7
-204.854538 1 11
-197.182419 1 6
-204.449326 1 10
-190.620712 1 4
-190.174881 2 0 4
-190.584442 2 9 12
-193.783234 2 7 12
-192.936020 1 9
-190.114990 2 4 12
-190.151093 2 0 9
-203.635788 1 19
-188.052124 2 6 18
-191.287155 1 18
-185.030975 3 0 19 23
-189.882050 2 7 18
-187.551987 2 0 23
-182.123718 3 0 9 23
-193.905914 2 23 25
-190.004486 2 18 24
-203.585068 1 24
-202.107635 2 0 24
-192.322388 2 19 23
-184.883240 2 18 23
-187.133331 2 7 23
-189.916565 2 6 23
-179.481445 2 4 23
-190.586823 2 7 9
-187.761063 2 9 24
-183.994537 3 0 18 23
-188.304352 2 4 6
-186.901764 2 9 18
-188.312561 2 6 9
-194.196091 1 23
-187.044983 2 4 7
-185.962952 3 6 9 23
-186.074966 2 9 23
-194.784348 2 0 6
-188.085754 2 4 9
23 46
-190.529633 2 10 12
-199.445526 0
-198.336227 1 16
-144.882492 1 0
-194.769211 1 8
-189.944214 2 7 11
-197.924057 1 12
-193.284103 1 7
-192.995773 1 11
-197.413254 1 6
-191.964951 1 10
-193.378036 1 4
-139.765457 2 0 4
-190.545715 2 11 12
-191.891052 2 4 8
-198.095078 1 9
-144.054077 2 0 10
-194.382202 2 6 16
-199.414597 1 18
-180.422516 2 4 24
-128.660248 2 0 22
-137.232056 3 0 4 24
-184.166000 1 24
-182.009277 2 8 24
-182.176422 2 7 24
-137.529388 2 0 24
-141.751389 2 0 6
-190.477173 2 8 10
-178.207550 2 22 24
-188.476715 2 19 22
-183.645096 2 9 24
-182.629196 2 16 24
-180.124542 2 11 24
-186.760040 2 11 22
-182.238892 2 4 22
-127.458366 3 0 8 22
-187.281189 2 8 22
-186.391876 2 10 22
-186.086029 2 7 22
-190.913025 2 4 7
-188.487656 1 22
-179.660034 2 10 24
-187.356689 2 7 10
-189.642456 2 4 10
-191.203339 2 6 11
-190.156281 2 8 11
24 9
-197.297699 2 0 19
-200.538666 0
-198.198898 1 0
-198.167496 2 9 22
-197.555588 1 19
-196.532318 2 0 22
-198.969711 1 22
-196.730469 3 0 2 19
-185.259079 1 23
25 3
-36.074791 0
-29.348925 1 19
-35.095261 1 26
26 2
-9.554040 0
-8.574511 1 25
27 8
-158.060104 1 21
-155.880539 1 20
-193.105560 0
-191.504929 1 15
-157.690231 1 19
-114.046844 2 19 20
-137.062347 2 19 21
-141.251984 2 20 21
