27
0 21
-855.816101 2 21 25
-922.958801 1 21
-641.876404 3 2 3 25
-791.300232 2 2 25
-859.735718 1 25
-641.952026 2 3 25
-927.681702 1 9
-708.245361 2 3 8
-887.019653 1 8
-844.193665 1 2
-711.508606 1 3
-933.329346 0
-693.251953 2 2 3
-859.203857 2 9 25
-820.023438 2 8 25
-932.504700 1 10
-710.137207 2 3 10
-855.279785 2 13 25
-921.862549 1 13
-855.169983 2 12 25
-921.686768 1 12
1 46
-709.411011 2 9 20
-981.247375 2 14 23
-933.886047 3 11 14 20
-927.073730 3 4 14 20
-947.008423 2 14 22
-945.292419 2 20 22
-983.280457 1 14
-1036.440063 1 11
-924.631653 3 14 20 22
-957.717102 2 11 22
-953.062317 2 4 14
-940.466187 2 14 20
-971.639709 2 8 22
-981.276428 1 22
-1017.156555 2 8 20
-1035.751099 1 20
-1094.078491 1 17
-718.711975 1 9
-961.565552 2 4 8
-1035.465210 2 2 8
-796.311096 2 4 6
-916.439941 1 7
-840.858032 1 6
-969.619934 1 4
-1098.115967 0
-1017.220825 2 20 23
-1043.260864 1 23
-678.424133 3 2 8 9
-1069.380981 1 8
-818.767456 2 6 22
-897.717407 2 7 20
-818.653076 2 6 20
-927.806274 2 4 20
-1011.402771 3 2 8 20
-665.803528 2 7 9
-663.193176 2 9 22
-655.144897 2 4 9
-617.244690 2 6 9
-701.510498 2 2 9
-999.761169 2 11 20
-940.512390 2 4 11
-942.603516 2 11 14
-653.056152 2 9 14
-970.242981 3 2 8 14
-970.366455 2 8 14
-1034.534302 2 8 11
2 41
-972.310364 3 3 13 21
-1034.049194 2 13 21
-1052.833008 2 12 21
-989.478577 3 3 12 21
-938.289978 3 3 12 13
-915.632385 4 3 12 13 21
-736.490784 4 3 8 12 13
-754.322510 3 8 12 13
-1016.734314 2 12 13
-765.230164 3 3 8 13
-780.221741 3 3 8 21
-797.280945 2 8 21
-1068.844604 1 21
-991.926514 2 3 21
-1032.826538 2 0 21
-1119.451538 1 25
-1013.315552 2 3 25
-787.774414 2 8 9
-1028.523193 1 9
-958.327515 2 3 9
-785.826416 2 3 8
-822.689575 1 8
-788.773132 2 1 8
-799.026611 2 0 8
-773.224182 3 1 3 8
-1019.068665 1 3
-1129.831787 0
-1040.696533 1 0
-1000.812012 2 0 3
-1027.256592 2 9 21
-821.636719 2 8 25
-1011.321777 2 1 9
-1017.004211 2 0 9
-740.408813 3 1 8 9
-969.098328 3 12 13 21
-1011.174133 3 0 12 13
-1030.324707 2 0 13
-988.091248 2 3 13
-1073.452393 1 13
-784.991394 2 8 13
-1128.757812 1 12
3 24
-341.479645 1 15
-315.178680 1 13
-114.964249 2 0 21
-314.528656 2 13 25
-115.057014 2 0 13
-343.707581 1 26
-267.796295 2 8 21
-318.009308 1 21
-317.802246 2 21 25
-329.107605 1 9
-233.113953 1 2
-82.171852 2 0 2
-122.056419 1 0
-343.876709 0
-276.110321 2 8 25
-340.471039 1 25
-97.554001 2 0 8
-276.328247 1 8
-229.817810 2 2 13
-118.592346 2 0 12
-227.681824 2 2 12
-261.324738 2 8 13
-316.445282 1 12
-261.357147 2 8 12
4 35
-479.434540 2 14 17
-468.371613 2 11 14
-475.009491 2 9 14
-479.636963 2 8 14
-436.428711 3 11 14 23
-174.714752 2 14 22
-171.312347 3 6 14 22
-469.678467 2 6 14
-480.955750 1 14
-450.738068 2 1 14
-602.128784 2 6 11
-634.908569 1 11
-656.417297 1 10
-140.799911 4 6 7 14 22
-449.272308 2 14 23
-554.195435 2 11 23
-342.763428 2 7 14
-648.234253 2 8 10
-155.081406 3 7 14 22
-212.858444 1 22
-579.964661 2 6 23
-645.831482 2 8 20
-649.323853 1 20
-643.563782 1 17
-623.265442 1 9
-648.742310 1 8
-386.100800 2 6 7
-392.707031 1 7
-528.601929 1 1
-657.097900 0
-603.257690 1 6
-168.325821 2 7 22
-203.855957 2 1 22
-590.757080 1 23
-316.243408 3 6 7 14
5 3
-1216.157837 1 18
-1199.712891 1 7
-1216.795166 0
6 37
-786.986755 3 7 14 23
-858.331726 3 1 14 23
-716.187988 2 11 14
-679.596436 3 1 11 14
-1029.201904 2 9 14
-836.399109 2 4 11
-591.461243 4 4 7 11 14
-874.643616 2 14 23
-1042.512329 1 14
-900.755371 2 1 14
-1023.727173 2 14 22
-1020.324768 3 4 14 22
-823.641663 2 11 22
-869.179321 1 11
-714.844666 2 1 11
-1031.234497 2 4 14
-757.012329 4 4 7 14 23
-847.757019 2 7 14
-1141.448730 1 22
-1202.903198 1 20
-789.267944 2 7 23
-880.503906 2 1 23
-1008.703735 1 23
-997.910950 2 4 23
-1205.032227 1 17
-1146.680664 1 9
-1211.362427 1 8
-840.323425 2 1 7
-868.533081 2 4 7
-875.138428 1 7
-995.153198 2 22 23
-1160.315552 1 4
-1214.155518 0
-956.897827 1 1
-1133.350342 2 9 22
-821.236816 3 4 7 14
-601.184021 2 7 11
7 35
-950.375488 3 14 17 22
-1054.384521 2 1 17
-1035.419678 2 1 14
-1015.888184 3 1 14 17
-1089.608032 1 14
-1245.435913 1 11
-1070.830322 2 11 14
-913.401428 3 4 14 17
-979.314087 2 14 22
-1008.511047 1 4
-716.727966 2 4 6
-1271.556519 1 8
-961.822693 2 1 4
-1272.901611 0
-1221.808716 1 23
-805.134644 2 6 22
-1056.445312 1 22
-1264.201050 1 20
-1255.819946 1 5
-1091.226196 1 1
-1187.097168 2 17 23
-994.283630 2 4 5
-1055.393311 2 5 22
-1001.740662 2 1 22
-933.884827 1 6
-897.312805 2 6 17
-953.421692 2 4 17
-1188.729980 1 17
-1010.063904 2 17 22
-1087.252319 2 14 23
-1028.615356 2 14 17
-894.851501 2 6 14
-1244.047607 1 9
-951.413879 2 4 14
-877.393250 3 6 14 17
8 39
-673.526062 1 14
-359.775696 2 2 14
-604.756165 2 3 14
-673.630310 1 13
-676.223511 1 11
-659.575378 2 12 13
-670.250244 2 12 22
-604.018677 2 3 22
-670.664124 1 22
-361.824097 2 2 22
-675.108276 1 25
-660.361389 1 21
-658.459229 2 4 21
-357.630859 2 2 9
-598.380188 1 9
-589.503601 2 0 9
-550.360962 2 3 9
-608.846375 2 3 7
-361.026062 2 2 7
-647.956421 1 1
-353.897919 2 2 4
-630.382324 1 0
-580.779297 2 1 3
-287.071899 2 1 2
-598.870728 2 3 4
-676.691650 0
-605.880615 2 0 3
-369.549500 1 2
-609.142883 1 3
-627.099854 2 0 4
-616.924255 2 0 1
-668.335815 1 4
-356.416138 2 2 6
-673.897827 1 6
-675.345459 1 7
-668.164856 2 4 12
-670.527832 1 12
-639.905457 2 12 21
-601.925354 3 3 12 21
9 34
-1281.996582 2 3 14
-1290.520142 1 14
-1277.293579 1 11
-1286.299194 2 14 20
-1227.370361 2 8 14
-1279.366211 1 22
-1203.985718 2 2 22
-1273.439697 2 3 22
-1286.427124 1 20
-1206.740845 2 2 20
-1281.330322 2 3 20
-1273.706421 2 4 20
-1292.196167 1 23
-1201.840942 2 2 6
-1279.834839 1 7
-1241.214233 1 6
-1277.341064 2 3 7
-1195.051392 2 2 4
-1269.206665 2 3 4
-929.285278 1 1
-1207.381104 1 2
-790.949524 2 1 2
-1293.920288 1 3
-1274.857056 1 4
-1308.689209 0
-1303.042480 1 0
-913.798401 2 1 3
-1222.954346 2 8 22
-1223.067017 2 8 20
-1198.769775 2 6 8
-1219.631226 2 4 8
-1230.378296 1 8
-1195.463135 2 2 8
-886.786133 2 1 8
10 9
-17.547701 1 25
-13.989621 1 17
-16.201485 1 19
-17.303005 1 0
-17.861498 1 22
-15.605139 2 18 19
-17.446671 1 4
-9.319081 2 16 17
-18.127201 0
11 20
-1004.011597 2 15 16
-1011.790222 1 14
-539.329163 2 14 23
-978.273499 1 22
-1011.587585 1 20
-660.466431 2 6 22
-543.328369 1 23
-449.740875 2 6 23
-443.333344 3 4 6 23
-506.766724 2 4 23
-981.028625 1 9
-1011.956665 1 8
-666.318787 2 4 6
-984.958008 1 7
-667.447876 1 6
-990.235168 1 4
-396.349823 3 6 22 23
-1012.425049 0
-470.494904 2 22 23
-950.748413 1 1
12 38
-269.024933 2 10 13
-810.094727 1 16
-789.894714 1 15
-586.584717 2 16 21
-579.141541 2 15 21
-249.440552 2 13 21
-184.489517 3 2 13 21
-783.114868 2 3 16
-769.485352 2 3 15
-269.217255 1 13
-571.565002 3 8 16 21
-563.851257 3 8 15 21
-952.974121 1 26
-596.205627 2 8 21
-616.660706 1 21
-913.377502 1 19
-892.576050 2 8 18
-896.933472 1 18
-867.181885 2 8 17
-875.874329 1 17
-805.910217 2 8 16
-953.870178 1 2
-927.512512 1 3
-943.302002 1 0
-954.944092 0
-933.009766 1 24
-909.353394 2 3 24
-600.649902 2 2 21
-886.196167 2 3 19
-872.569092 2 3 18
-848.372742 2 3 17
-948.780396 1 8
-911.105896 2 8 19
-616.563843 2 17 21
-786.109375 2 8 15
-255.162140 2 8 13
-212.499939 2 2 13
-228.538879 3 8 13 21
13 55
-368.268036 2 12 26
-639.415710 2 16 21
-621.511292 2 15 21
-840.868652 1 16
-813.010437 1 15
-350.730835 2 12 19
-815.643311 2 2 16
-814.132446 2 3 16
-795.901367 2 2 15
-793.305908 2 3 15
-259.556580 2 2 12
-371.579559 1 12
-357.653992 3 8 12 24
-254.499146 3 2 12 18
-338.221222 2 12 18
-234.932007 3 2 12 16
-1009.079163 2 0 24
-1009.383789 1 24
-977.416748 2 2 24
-985.102417 2 3 24
-739.068970 2 19 21
-933.848389 2 3 18
-924.934326 2 2 18
-1039.235474 1 26
-998.493042 2 2 26
-1016.788513 2 3 26
-746.055725 1 21
-711.260620 2 2 21
-979.024475 1 19
-964.058228 2 2 19
-953.992554 2 3 19
-1009.211731 2 24 26
-957.900757 1 18
-912.980896 2 2 17
-944.375305 1 17
-919.127625 2 3 17
-1054.245239 1 8
-997.631104 2 2 3
-1000.927063 1 2
-1028.608276 1 3
-1057.306885 0
-740.084045 2 21 24
-1045.840088 1 0
-709.095398 2 18 21
-708.765991 3 2 18 21
-742.988892 2 21 26
-703.315552 3 2 17 21
-705.887817 2 17 21
-918.877808 3 3 17 18
-358.322296 2 12 24
-311.056458 2 12 16
-302.181641 2 12 15
-229.514847 3 2 12 15
-344.115051 2 12 17
-360.627869 2 8 12
14 23
-483.415863 1 11
-349.114807 1 22
-476.205719 1 20
-471.326050 1 17
-465.881042 1 9
-178.827332 2 4 6
-300.756592 1 7
-312.406616 1 6
-307.908081 1 4
-369.214691 1 1
-484.050537 0
-231.393936 2 6 22
-468.016388 1 23
-480.884888 1 8
-291.351135 2 1 4
-250.812088 2 4 7
-273.373291 2 6 7
-347.916656 2 17 22
-471.000000 2 17 20
-271.984100 2 7 22
-314.847168 2 1 22
-307.196411 2 4 17
-464.017242 2 11 23
15 38
-759.884766 1 24
-820.977051 1 26
-869.388489 1 3
-629.066895 2 19 24
-720.170471 2 21 24
-753.578735 2 21 26
-778.151428 1 21
-871.785400 0
-748.146301 2 24 26
-597.587280 1 18
-634.309814 2 19 21
-576.836609 2 18 21
-539.352844 2 17 21
-637.149719 1 19
-545.044312 1 17
-468.247650 2 13 18
-500.173431 2 13 19
-555.604858 2 12 19
-505.444855 2 12 18
-577.700317 2 13 24
-469.014709 3 12 17 18
-596.027893 2 18 24
-589.824829 2 18 19
-515.486328 2 17 18
-608.908936 2 13 26
-484.007172 2 12 17
-706.736328 1 12
-627.489685 1 13
-429.904327 2 13 17
-645.405518 2 12 24
-205.686768 2 16 18
-427.694427 3 13 17 18
-215.649597 1 16
-682.948914 2 12 26
-211.950592 2 16 23
-213.282303 2 13 16
-215.056061 2 12 16
-195.597290 2 11 16
16 37
-701.854492 1 24
-777.005371 1 26
-584.186035 2 19 24
-675.408264 2 21 24
-724.198364 2 21 26
-739.920959 1 21
-820.254639 0
-700.636047 2 24 26
-578.979370 1 18
-574.784119 2 18 21
-598.499817 1 19
-373.875580 3 10 13 17
-480.107513 2 13 18
-566.139771 2 18 19
-496.444672 2 13 19
-538.614380 2 12 19
-516.134338 2 12 18
-577.047913 2 18 24
-465.253296 1 17
-594.773926 2 13 26
-421.665833 2 12 17
-460.582611 2 10 17
-376.979034 2 13 17
-551.362732 2 13 24
-464.556854 2 17 24
-603.816833 1 13
-606.898438 2 12 24
-675.405273 1 12
-660.234558 2 12 26
-164.118332 1 15
-151.138519 3 15 17 23
-154.305038 2 15 23
-162.152023 2 6 15
-153.006653 3 10 15 17
-153.545959 2 15 17
-150.280960 4 10 15 17 23
-137.825592 2 11 15
17 95
-160.400040 2 14 16
-213.053101 2 18 19
-486.286896 2 10 26
-182.518097 3 7 13 19
-433.528168 2 22 24
-246.355148 2 7 18
-435.730469 1 7
-138.505920 3 10 16 19
-464.498108 2 21 22
-515.764954 1 10
-245.651321 2 14 19
-184.052887 2 7 19
-434.414642 2 7 10
-500.044983 1 22
-307.288330 2 18 22
-465.046417 2 14 21
-153.893616 2 16 22
-505.656830 2 4 14
-140.273422 2 16 19
-498.846832 2 14 22
-433.937561 2 14 24
-298.564148 3 10 13 18
-433.406952 2 12 14
-403.800812 2 10 13
-436.513885 2 10 12
-151.239914 3 10 14 16
-505.824860 2 10 14
-437.255829 1 24
-486.764221 1 26
-415.680145 2 7 26
-311.166840 1 18
-506.368530 1 4
-515.865112 1 1
-452.232574 2 21 26
-407.170563 3 7 21 26
-251.269547 1 19
-398.331970 2 13 14
-510.778687 1 6
-484.489960 2 4 26
-392.529572 3 10 13 22
-408.066315 2 7 21
-435.291351 2 21 24
-242.243011 2 19 22
-519.902588 0
-164.901352 1 16
-96.225296 2 7 16
-471.123077 1 21
-498.365875 2 10 22
-307.426239 2 10 18
-367.765503 2 7 24
-245.592606 2 4 19
-440.832977 1 12
-515.418335 2 1 10
-241.332672 2 12 19
-470.652100 2 10 21
-436.594391 2 10 24
-153.556061 2 10 16
-233.321930 2 13 19
-309.399933 2 14 18
-299.186493 2 13 18
-158.140091 2 4 16
-445.282501 3 14 21 26
-169.348450 3 7 18 19
-347.892700 3 7 12 24
-84.018913 3 7 10 16
-335.550385 2 7 13
-436.069427 2 4 12
-144.706284 3 10 16 22
-370.636688 2 7 12
-426.970184 2 12 26
-397.652527 3 4 10 13
-131.810593 2 7 15
-193.161301 1 15
-320.283569 3 7 13 24
-406.557098 2 12 24
-376.639648 2 13 24
-166.295959 2 15 19
-507.178406 1 14
-406.971649 1 13
-395.337097 2 13 22
-405.779816 2 13 26
-430.564728 2 12 22
-148.695663 3 4 10 16
-128.407623 3 7 15 19
-188.375565 2 10 15
-432.928406 3 10 12 14
-504.694977 2 4 10
-400.262878 2 4 13
-435.444763 3 4 10 12
-479.029114 2 22 26
-430.234253 3 10 12 22
-481.136261 2 14 26
-189.509323 2 15 22
-394.870483 3 10 13 14
-129.082733 3 7 10 15
18 22
-210.127609 2 13 19
-464.453278 1 5
-218.925919 2 10 19
-391.004852 1 24
-465.090576 0
-343.716553 2 13 24
-363.615753 2 13 26
-382.652802 2 12 24
-181.305588 2 17 19
-223.815414 1 16
-435.927795 1 26
-409.400787 2 21 26
-256.354858 1 17
-423.194366 1 21
-397.046356 2 12 26
-219.522278 1 19
-407.080048 1 12
-187.161835 2 16 19
-172.196838 2 15 19
-365.685028 1 13
-190.892258 1 15
-185.618729 3 10 16 19
19 21
-757.514771 2 10 16
-742.886108 2 10 15
-937.026489 2 10 12
-758.671387 1 16
-745.790222 1 15
-902.144043 1 13
-938.859375 1 12
-713.425232 3 10 16 18
-726.043396 3 10 15 18
-978.500305 1 10
-955.708984 1 26
-951.912415 1 21
-734.857788 1 18
-711.792786 1 17
-980.426514 0
-928.480469 1 24
-722.016907 2 16 18
-727.094910 2 15 18
-636.743530 2 17 18
-730.580078 2 10 18
-900.664917 2 13 24
20 9
-611.697937 1 14
-597.280090 1 9
-605.023499 1 22
-610.841064 1 7
-608.289673 1 6
-611.768433 1 4
-619.542725 0
-557.177612 1 1
-618.705444 1 11
21 29
-833.088257 2 2 16
-848.587402 1 16
-841.014526 2 3 16
-819.090332 2 2 15
-827.482910 2 3 15
-835.286804 1 15
-608.700867 2 8 13
-868.658447 2 3 18
-898.960815 2 3 24
-917.230469 1 24
-880.310913 2 3 19
-900.407532 1 19
-884.704468 2 8 18
-887.024780 1 18
-879.548828 2 8 17
-868.331726 2 3 17
-880.141418 1 17
-912.590942 1 8
-867.933899 1 2
-903.053528 1 3
-928.921143 0
-918.551025 1 0
-854.627441 2 2 18
-852.970642 2 2 17
-578.267761 2 2 13
-617.670349 1 13
-514.713684 2 2 12
-590.637695 1 12
-560.016296 2 8 12
22 38
-426.413910 3 11 14 23
-433.679504 3 7 11 23
-551.810425 2 14 20
-527.782715 2 11 14
-550.846619 2 9 14
-565.711243 2 6 23
-579.260986 1 23
-540.426025 2 1 23
-215.023499 2 4 23
-674.143005 2 8 20
-674.847290 1 20
-242.397430 2 4 20
-669.508606 1 17
-689.100403 1 10
-660.043030 1 9
-683.338989 1 8
-472.909668 1 7
-233.654236 2 4 6
-616.659058 1 6
-572.526733 1 1
-245.126846 1 4
-689.366455 0
-466.108398 2 7 23
-609.677612 2 6 11
-666.911133 2 17 20
-518.159180 2 1 14
-554.430847 1 14
-444.138672 2 7 14
-653.006226 2 11 20
-535.646240 2 6 14
-476.571869 2 14 23
-196.621078 3 4 11 23
-506.427887 2 11 23
-494.364044 3 1 11 23
-546.099548 2 14 17
-650.446167 2 11 17
-655.215210 1 11
-241.685547 2 4 11
23 15
-879.297363 2 11 14
-1111.392212 2 6 22
-1359.920166 1 24
-1301.452026 1 4
-1162.340454 1 6
-1312.937378 1 1
-1367.793213 0
-1139.046753 2 4 6
-1257.687500 1 22
-1351.299438 1 9
-1316.699097 1 7
-1351.758911 1 14
-749.909241 2 11 22
-898.696655 1 11
-817.983093 2 4 11
24 11
-318.064728 1 23
-314.247101 1 21
-273.992004 1 19
-251.851898 1 18
-243.290894 1 17
-322.581604 1 26
-304.003387 1 12
-325.937744 0
-207.537582 1 16
-214.036789 1 15
-278.015106 1 13
25 7
-116.651634 1 0
-179.864929 1 2
-186.599136 2 3 10
-188.661758 1 8
-190.244873 0
-189.665359 1 10
-186.839203 1 3
26 10
-189.645355 1 3
-160.651703 1 18
-156.676147 1 17
-165.097473 1 19
-139.006027 1 15
-189.814697 0
-186.458466 1 24
-146.565414 1 16
-171.743622 1 13
-187.844681 1 12
