27
0 14
-656.8024 2 3 25
-711.9637 2 2 3
-714.5655 1 3
-808.16095 2 2 25
-827.2016 2 8 25
-842.03925 1 2
-862.837 1 25
-884.80286 2 8 13
-885.7022 1 8
-919.0338 1 13
-919.343 1 12
-920.68066 1 21
-923.5512 1 9
-932.8448 0
1 39
-658.0672 2 6 9
-663.6084 2 9 14
-667.4914 2 4 9
-675.717 2 9 22
-720.7438 2 9 20
-723.2881 1 9
-808.4992 2 4 6
-830.7672 2 6 22
-831.6347 2 6 20
-844.2195 1 6
-918.3761 2 7 20
-922.39825 1 7
-929.5707 2 4 20
-937.24396 3 14 20 22
-940.1553 2 4 11
-940.2292 3 11 14 20
-941.04346 2 14 20
-941.381 2 11 14
-946.92267 2 20 22
-951.752 2 14 22
-956.1893 2 4 14
-957.30994 2 11 22
-962.1415 2 4 8
-969.87524 2 8 14
-970.26086 1 4
-972.2013 2 8 22
-977.21906 2 14 23
-981.8866 1 22
-983.0592 1 14
-997.71826 2 11 20
-1014.7518 2 20 23
-1016.30884 2 8 20
-1030.7739 2 8 11
-1034.5178 1 11
-1035.4679 1 20
-1040.884 1 23
-1055.4299 2 2 8
-1068.6217 1 8
-1097.7727 0
2 26
-790.9856 2 8 13
-798.249 2 3 8
-803.5824 2 8 9
-803.9679 2 8 21
-805.6797 2 0 8
-811.4432 2 1 8
-824.6349 1 8
-974.1178 2 3 9
-1000.28796 2 3 13
-1003.532 2 3 21
-1013.75964 2 0 9
-1019.8441 2 0 3
-1022.4459 1 3
-1024.8146 2 0 13
-1026.3163 2 9 21
-1026.936 1 9
-1028.5146 2 0 21
-1036.2554 2 13 21
-1038.5093 1 0
-1057.7727 2 12 13
-1064.6289 2 12 21
-1067.0139 1 21
-1070.8525 1 13
-1121.6774 1 25
-1127.6484 1 12
-1129.3147 0
3 15
-106.39331 2 0 8
-106.70581 2 0 2
-125.3714 1 0
-236.78181 1 2
-262.71338 2 8 13
-262.9264 2 8 12
-270.4203 2 8 21
-276.3477 1 8
-314.92584 1 13
-316.30853 1 12
-318.40594 1 21
-328.8187 1 9
-341.7676 1 25
-342.51505 1 15
-343.65067 0
4 25
-179.52376 2 14 22
-182.89052 2 7 22
-213.81914 1 22
-352.34787 2 7 14
-394.19687 1 7
-449.06442 2 14 23
-454.03946 2 1 14
-469.27698 2 11 14
-474.57938 2 6 14
-475.27164 2 9 14
-479.5587 2 8 14
-480.9092 1 14
-529.3599 1 1
-562.65717 2 11 23
-572.2259 2 6 23
-588.6949 1 23
-601.7498 1 6
-621.22345 1 9
-632.6985 2 8 11
-633.6226 1 11
-643.8282 2 8 20
-645.55133 1 17
-648.0264 1 8
-648.7017 1 20
-656.8718 0
5 2
-1200.0115 1 7
-1215.9929 0
6 28
-669.5622 2 7 11
-725.8961 2 11 14
-752.1103 2 1 11
-830.33386 2 11 22
-838.417 2 4 11
-849.15643 2 7 23
-870.17645 1 11
-876.01935 2 14 23
-886.9495 1 7
-904.44946 2 1 23
-919.84814 2 1 14
-959.8152 1 1
-987.22595 2 4 23
-987.9163 2 22 23
-1003.69507 1 23
-1026.4924 2 9 14
-1030.0562 2 14 22
-1036.9683 2 4 14
-1043.298 1 14
-1120.7417 2 9 22
-1137.8308 2 4 9
-1139.5809 1 22
-1139.9067 1 9
-1158.2462 1 4
-1200.966 1 20
-1208.8615 1 8
-1213.0115 1 17
-1213.3679 0
7 23
-756.5736 2 4 6
-832.1932 2 6 22
-936.49567 2 6 14
-946.4754 1 6
-963.3539 2 4 14
-984.4145 2 1 4
-990.3312 2 14 22
-1007.9206 2 4 5
-1010.2199 1 4
-1023.0952 2 1 22
-1057.7216 1 22
-1060.5416 2 1 14
-1081.0344 2 11 14
-1091.9156 1 14
-1097.5204 1 1
-1215.6942 1 17
-1221.9218 1 23
-1244.0758 1 9
-1245.8779 1 11
-1256.9135 1 5
-1264.882 1 20
-1271.7145 1 8
-1272.8947 0
8 36
-310.0186 2 1 2
-359.72263 2 2 4
-365.63712 2 2 14
-367.59927 2 2 22
-371.4659 2 2 6
-371.78574 1 2
-548.6698 2 3 9
-580.6024 2 0 9
-584.3566 2 1 3
-596.42267 1 9
-599.77374 2 3 4
-603.86163 2 3 22
-605.898 2 3 14
-609.16266 1 3
-614.7621 2 0 1
-623.8501 2 0 4
-627.68933 2 0 22
-629.32306 1 0
-639.6268 2 12 21
-645.5843 2 1 21
-647.3145 1 1
-654.9131 2 4 21
-658.36053 2 21 22
-659.2458 1 21
-664.5572 2 4 12
-666.49805 2 12 22
-667.6202 1 4
-669.3149 1 12
-669.91583 1 22
-671.95856 1 6
-672.2159 1 13
-673.0103 1 14
-674.87213 1 11
-675.2853 1 7
-675.3189 1 25
-676.4656 0
9 35
-848.03204 2 1 2
-897.07355 2 1 8
-933.29224 1 1
-1182.695 2 6 8
-1190.7428 2 2 4
-1199.2686 2 2 22
-1202.0676 2 2 6
-1202.3677 2 2 20
-1205.3981 1 2
-1211.9316 2 4 8
-1215.0104 2 8 22
-1215.7854 2 8 20
-1217.5001 2 8 11
-1221.008 2 8 14
-1227.734 1 8
-1234.315 1 6
-1265.4438 2 3 4
-1266.2341 2 4 11
-1266.3031 2 4 20
-1269.4155 2 3 22
-1269.684 2 11 22
-1272.1285 1 4
-1272.2458 1 11
-1272.7048 2 20 22
-1276.5175 1 22
-1277.6178 2 3 20
-1278.9578 1 7
-1280.3374 2 14 20
-1281.1548 2 3 14
-1283.7039 1 23
-1283.8903 1 20
-1288.3961 1 14
-1292.945 1 3
-1298.4834 1 0
-1307.7771 0
10 1
-17.881124 0
11 16
-486.3131 2 6 23
-491.73663 2 22 23
-522.0441 2 4 23
-548.08124 1 23
-667.414 2 6 22
-668.7155 1 6
-948.6525 1 1
-969.82764 2 9 22
-976.3764 1 9
-976.66095 1 22
-984.89056 1 7
-988.65826 1 4
-1010.1363 1 20
-1010.314 1 8
-1010.5767 1 14
-1011.9078 0
12 24
-264.22803 2 2 13
-276.2589 2 8 13
-277.30798 1 13
-596.2735 2 15 21
-596.62256 2 8 21
-606.24646 2 16 21
-613.85645 2 2 21
-616.2422 1 21
-788.85406 2 3 15
-794.8423 1 15
-804.6623 2 3 16
-815.1862 1 16
-872.72174 2 3 17
-883.5852 2 3 18
-884.3376 1 17
-898.6914 2 3 19
-900.3927 1 18
-915.3853 1 19
-927.1226 1 3
-940.13055 1 24
-940.963 1 0
-947.314 1 8
-952.7984 1 2
-954.4649 0
13 30
-309.73187 2 2 12
-350.52356 2 12 15
-359.18604 2 12 16
-374.95667 2 12 18
-379.60767 1 12
-647.6895 2 15 21
-665.4481 2 16 21
-713.82324 2 2 21
-728.4814 2 18 21
-739.82196 2 17 21
-744.58203 1 21
-810.12555 2 3 15
-816.3281 1 15
-832.8669 2 3 16
-844.20087 1 16
-942.106 2 3 17
-944.35913 2 3 18
-949.30457 2 2 18
-952.16376 1 17
-961.3331 1 18
-965.3164 2 3 19
-980.59235 1 19
-998.3018 1 2
-1009.4051 2 3 24
-1019.195 1 24
-1028.0397 1 3
-1042.9532 1 0
-1049.7991 1 26
-1052.5143 1 8
-1056.7637 0
14 18
-186.58495 2 4 6
-239.51347 2 6 22
-260.99625 2 4 7
-281.64737 2 7 22
-293.79092 2 1 4
-302.8458 1 7
-307.86234 1 4
-313.75473 1 6
-318.9033 2 1 22
-349.03787 1 22
-369.11142 1 1
-464.44418 1 9
-466.4293 1 23
-474.15488 1 17
-475.8472 1 20
-480.36966 1 8
-482.4942 1 11
-483.82498 0
15 20
-230.99683 1 16
-497.57047 2 13 17
-511.14825 2 13 18
-542.6531 2 12 17
-548.1617 2 12 18
-552.371 2 13 19
-556.82886 1 17
-598.59424 2 12 19
-598.7108 2 18 21
-603.7636 1 18
-630.87665 1 13
-641.95667 1 19
-706.68176 2 12 24
-711.6905 1 12
-760.8391 2 21 24
-772.35376 1 24
-775.78937 1 21
-836.80554 1 26
-870.17737 1 3
-871.3128 0
16 16
-179.54305 1 15
-448.20328 2 13 17
-478.05835 1 17
-514.3875 2 13 18
-543.0082 2 13 19
-547.76764 2 12 18
-578.8511 2 12 19
-582.52826 1 18
-603.1427 1 19
-607.2956 1 13
-669.2716 2 12 24
-680.5811 1 12
-714.8176 1 24
-737.8597 1 21
-789.6122 1 26
-819.8592 0
17 15
-178.823 1 16
-206.13972 1 15
-269.95813 1 19
-317.7978 1 18
-416.0241 1 13
-448.09595 1 24
-450.49664 1 12
-463.42365 1 7
-476.11847 1 21
-499.5116 1 26
-503.05017 1 22
-509.30383 1 4
-510.95374 1 14
-520.2676 1 6
-520.62384 0
18 10
-197.37402 1 15
-227.59245 1 16
-227.92192 1 19
-262.09732 1 17
-369.49255 1 13
-393.17105 1 24
-410.85132 1 12
-423.3369 1 21
-440.34695 1 26
-464.92337 0
19 11
-719.5726 2 17 18
-729.39136 1 17
-743.0556 1 18
-750.70074 1 15
-763.3406 1 16
-903.8852 1 13
-930.91284 1 24
-940.9776 1 12
-950.1136 1 21
-966.22986 1 26
-980.05743 0
20 9
-557.0118 1 1
-595.43 1 9
-604.367 1 22
-606.91364 1 6
-611.14655 1 4
-611.30383 1 7
-611.3389 1 14
-617.5455 1 11
-619.31665 0
21 25
-527.2148 2 2 12
-560.54663 2 8 12
-581.6782 2 2 13
-590.2346 1 12
-606.5558 2 8 13
-616.2748 1 13
-817.4853 2 2 15
-831.9349 2 2 16
-832.9336 1 15
-845.08905 2 3 16
-846.4577 1 16
-858.4491 2 2 18
-866.1569 1 2
-873.3435 2 3 18
-880.88336 2 3 17
-881.9988 2 8 18
-883.95184 1 17
-886.67725 2 3 19
-886.8712 1 18
-898.5142 1 19
-903.21295 1 3
-911.23785 1 8
-916.2931 1 0
-919.13153 1 24
-928.4571 0
22 33
-222.68071 2 4 23
-241.98045 2 4 6
-245.94258 2 4 20
-246.08794 1 4
-452.76974 2 7 14
-467.72864 3 11 14 23
-467.7313 2 7 23
-473.96738 1 7
-478.00143 2 14 23
-520.9721 2 11 23
-523.0468 2 1 14
-529.90247 2 11 14
-540.23425 2 1 23
-541.11163 2 6 14
-550.7194 2 9 14
-551.4339 2 14 20
-554.3536 1 14
-561.5384 2 6 23
-573.25446 1 1
-577.1393 2 20 23
-577.31696 1 23
-614.0513 2 6 11
-615.3531 1 6
-649.3813 2 11 20
-651.33276 2 9 11
-653.8941 1 11
-657.88116 1 9
-670.79895 2 17 20
-671.56696 1 17
-672.0396 2 8 20
-674.191 1 20
-682.5909 1 8
-689.14087 0
23 14
-770.0658 2 11 22
-832.02246 2 4 11
-893.37415 2 11 14
-902.9875 1 11
-1103.3258 2 6 22
-1127.6167 2 4 6
-1157.1401 1 6
-1254.9901 1 22
-1298.6368 1 4
-1309.925 1 1
-1315.8406 1 7
-1342.7407 1 9
-1349.4181 1 14
-1366.8137 0
24 9
-221.40503 1 16
-227.48738 1 15
-253.9187 1 17
-254.69427 1 18
-277.30237 1 19
-288.87762 1 13
-312.11237 1 12
-317.12042 1 21
-326.4466 0
25 5
-120.01056 1 0
-182.38094 1 2
-188.1353 1 3
-188.87163 1 8
-190.01833 0
26 7
-156.39656 1 15
-160.65698 1 16
-166.32758 1 18
-169.79175 1 17
-177.07678 1 19
-183.93915 1 13
-190.90411 0
