27
0 6
-79.502953 2 3 25
-85.232613 1 3
-92.931137 2 8 25
-96.701111 1 8
-95.457321 1 25
-101.204033 0
1 15
-108.866035 1 24
-98.634033 1 14
-76.416031 2 9 14
-106.233253 2 4 20
-110.449814 1 8
-99.996918 1 7
-112.175468 2 17 25
-79.752815 1 9
-106.742279 1 4
-110.541359 1 20
-85.395477 1 6
-106.786118 1 22
-112.811195 0
-79.238258 2 8 9
-98.372421 2 14 24
2 4
-96.722137 1 8
-113.508064 1 4
-107.356239 1 3
-113.687355 0
3 5
-28.711027 1 2
-19.070721 1 0
-29.069273 1 8
-35.042141 0
-34.680008 3 12 18 20
4 17
-60.510250 1 8
-59.241131 1 6
-34.202339 2 14 19
-32.817902 2 7 14
-43.403191 1 7
-18.622690 3 14 19 22
-15.572903 2 7 22
-57.354359 1 23
-61.647324 1 2
-55.757710 1 1
-60.410542 1 17
-24.745762 1 22
-12.515217 3 7 14 22
-18.894630 2 14 22
-36.485493 2 14 17
-36.643158 1 14
-61.826626 0
5 1
-133.297180 0
6 13
-107.576836 1 7
-133.463257 0
-128.575256 1 9
-127.764130 1 22
-130.877777 1 4
-106.047531 1 1
-82.022339 2 1 11
-125.420570 1 23
-117.845306 1 14
-110.956680 2 14 23
-100.783150 1 11
-83.734756 2 11 14
-93.986084 2 7 11
7 7
-115.256691 1 4
-120.865829 1 1
-107.793694 1 6
-126.954231 1 17
-126.228668 1 22
-133.680115 0
-120.990295 1 14
8 16
-69.464218 1 1
-64.990723 2 1 3
-70.509232 1 4
-64.222610 2 3 14
-65.467026 2 0 14
-71.825615 0
-54.860382 1 2
-54.375816 2 2 4
-54.262882 2 2 14
-67.322693 1 0
-65.852730 1 3
-65.316689 2 3 4
-71.623230 1 22
-65.511169 2 0 4
-53.326424 2 1 2
-69.394119 1 14
9 6
-137.431473 1 14
-140.077850 0
-107.019455 1 1
-135.189850 1 6
-105.891731 2 1 2
-138.441864 1 20
10 1
-0.000000 0
11 7
-69.394501 1 23
-101.824425 0
-69.144341 1 6
-69.080780 2 22 23
-54.097313 2 6 23
-101.797623 1 25
-52.389145 3 6 22 23
12 12
-91.608307 1 17
-90.102081 3 3 16 20
-69.406601 2 16 21
-37.500702 2 13 21
-38.426159 3 8 13 20
-70.972260 1 21
-94.545494 1 18
-101.818565 0
-90.365822 1 16
-88.284721 1 15
-38.990849 1 13
-36.880066 2 2 13
13 15
-82.640167 2 16 21
-80.595757 2 15 16
-85.134262 1 17
-79.942268 2 17 21
-42.566494 2 12 16
-38.740265 2 2 12
-102.348030 1 24
-85.997299 1 21
-99.005547 1 18
-107.524773 0
-84.875343 1 16
-81.175842 2 15 17
-82.524239 1 15
-44.697014 1 12
-39.818207 2 12 17
14 16
-27.407961 2 1 22
-29.184568 3 20 22 25
-22.937334 1 4
-45.689312 1 8
-35.430977 1 7
-47.394825 1 17
-29.817661 1 22
-32.502842 1 6
-23.480492 2 6 22
-19.664501 2 1 4
-21.334705 2 4 19
-13.520145 2 4 6
-33.943630 1 1
-45.474430 1 9
-48.120754 0
-44.647720 2 20 25
15 20
-60.940884 2 13 19
-100.464066 1 26
-80.145691 1 19
-89.790321 1 12
-95.619568 1 21
-84.155029 2 18 24
-93.611748 1 24
-61.076435 1 17
-85.716560 1 18
-37.205669 2 16 21
-60.289120 2 17 18
-38.695179 1 16
-103.324181 0
-76.462753 2 12 19
-37.770309 2 12 16
-57.117981 2 13 17
-78.323669 1 13
-75.598198 2 13 18
-60.134480 2 12 17
-34.415600 2 13 16
16 16
-31.428043 2 15 17
-97.666092 1 26
-59.406990 2 13 19
-97.874664 1 21
-75.781616 1 19
-88.345695 1 12
-86.530609 2 18 24
-91.013206 1 24
-48.440998 1 17
-86.758324 1 18
-35.169460 1 15
-99.798454 0
-33.240982 2 13 15
-77.149048 1 13
-71.699600 2 12 19
-76.130974 2 13 18
17 41
-74.625900 1 26
-29.661148 2 13 19
-70.851524 1 7
-72.733353 1 21
-76.161316 1 4
-67.367119 1 12
-45.017460 1 19
-68.064919 1 24
-67.346497 2 7 24
-60.450802 2 7 18
-65.989540 1 18
-65.829041 2 14 18
-62.233616 2 11 18
-67.170113 2 7 12
-35.329647 1 15
-72.710709 2 4 21
-66.657661 2 12 20
-44.545635 3 0 3 19
-51.039021 2 7 13
-26.178495 3 4 16 25
-77.577385 0
-33.981247 2 13 15
-24.244303 2 15 23
-65.985146 2 4 18
-76.851425 1 14
-26.219931 1 16
-42.069881 2 7 19
-20.243675 2 7 16
-29.811279 2 15 19
-25.337013 2 16 19
-43.852612 2 18 19
-42.584076 2 12 19
-33.766956 2 0 15
-29.846596 2 7 15
-43.482231 3 1 18 19
-55.186909 1 13
-39.354008 3 12 19 20
-44.264423 3 3 19 26
-61.818089 3 1 18 24
-75.806381 2 1 25
-28.019350 2 11 15
18 11
-55.999802 2 3 21
-45.613590 1 17
-56.250706 1 21
-40.012959 1 19
-56.153938 1 24
-39.593826 1 15
-57.201412 0
-38.848110 2 17 19
-48.682240 1 13
-49.928352 1 12
-44.161304 1 16
19 7
-90.346107 1 18
-74.974655 1 17
-83.517754 1 16
-84.356102 1 15
-68.209183 2 17 18
-106.909737 1 24
-107.534599 0
20 4
-53.586460 1 9
-55.222408 0
-52.952610 1 1
-51.811211 2 14 25
21 11
-83.237488 1 17
-86.157722 1 16
-85.208138 2 3 24
-83.418076 2 24 26
-82.982475 3 3 24 26
-86.247154 1 24
-88.081505 0
-87.130791 1 18
-80.376900 1 15
-66.554062 1 13
-57.235207 1 12
22 11
-62.727444 1 6
-31.345720 1 4
-68.224197 1 8
-68.426567 0
-59.861744 1 23
-59.547989 2 11 23
-60.975132 1 7
-62.401493 1 1
-31.279982 2 4 23
-50.123444 1 14
-49.922165 2 14 23
23 9
-97.639580 2 11 22
-131.891876 2 4 6
-140.078308 0
-135.606049 1 4
-132.035629 1 6
-131.513474 1 22
-104.612770 2 4 11
-107.648384 1 11
-105.833572 2 11 14
24 18
-40.975681 1 16
-47.554333 1 26
-40.386124 2 21 26
-49.760921 0
-47.497093 2 22 26
-46.960098 2 3 21
-49.136082 1 19
-48.713417 1 18
-45.815784 1 1
-44.537193 3 3 13 26
-38.615353 3 3 21 26
-40.048508 1 15
-39.810307 2 1 17
-44.584217 1 13
-47.926563 1 21
-46.885975 3 3 12 26
-40.248463 1 17
-47.406139 2 5 26
25 4
-22.389462 0
-20.545517 2 14 20
-16.642788 1 0
-22.362679 1 11
26 8
-26.305717 2 21 24
-29.134741 1 24
-27.594631 2 20 24
-28.389833 1 17
-31.341335 0
-27.073450 2 3 24
-29.208944 1 16
-28.481197 1 15
