27
0 4
-95.453720 1 8
-86.657700 1 3
-96.977890 1 25
-100.697884 0
1 9
-84.827255 1 9
-110.398216 1 8
-105.786415 1 7
-106.765923 1 4
-91.461082 1 6
-106.723793 1 22
-99.497917 1 14
-111.783592 1 20
-112.458229 0
2 3
-97.196434 1 8
-109.426537 1 3
-113.314644 0
3 4
-29.399605 1 8
-30.922789 1 2
-20.770700 1 0
-34.810886 0
4 11
-22.973097 2 14 22
-43.669937 1 7
-57.917725 1 6
-60.233196 1 17
-25.132378 1 22
-55.905609 1 1
-59.894112 1 8
-24.449001 2 7 22
-55.740005 1 23
-37.072121 1 14
-61.597935 0
5 1
-132.429367 0
6 10
-112.538704 1 7
-128.930740 1 4
-111.613792 1 1
-127.095200 1 9
-124.152985 1 23
-101.393585 2 11 14
-126.623085 1 22
-103.857193 1 11
-117.949333 1 14
-132.610977 0
7 8
-112.751076 1 6
-129.961578 1 17
-125.108009 1 22
-126.151512 1 1
-114.895348 1 4
-132.173294 1 23
-120.942253 1 14
-132.823349 0
8 12
-64.788719 2 0 14
-65.722763 2 3 14
-70.908806 1 22
-66.353157 1 0
-55.479126 1 2
-69.537292 1 1
-66.186043 1 3
-69.893501 1 4
-71.527908 1 23
-69.036110 1 14
-64.465736 2 0 4
-71.597321 0
9 6
-138.072815 1 22
-111.508690 1 1
-133.623932 1 6
-136.845856 1 14
-136.585190 1 20
-139.139694 0
10 1
-0.000000 0
11 3
-72.565506 1 6
-71.219177 1 23
-101.319252 0
12 7
-91.779472 1 17
-91.351212 1 16
-42.435947 1 13
-89.117554 1 15
-97.243919 1 18
-71.502129 1 21
-101.318489 0
13 7
-86.886955 1 17
-87.722000 1 16
-85.369812 1 15
-101.859154 1 18
-48.111431 1 12
-85.125816 1 21
-106.993965 0
14 12
-33.229584 1 6
-36.010117 1 7
-30.129875 1 22
-34.930908 1 1
-45.597404 1 9
-47.844040 2 20 25
-45.329994 1 8
-23.365425 1 4
-47.822006 1 23
-47.368542 1 17
-23.188023 2 4 6
-47.891209 0
15 8
-65.004120 1 17
-87.046761 1 19
-49.435505 1 16
-90.549179 1 12
-90.091492 1 18
-94.879547 1 21
-81.125961 1 13
-102.750099 0
16 8
-55.314423 1 17
-82.916908 1 19
-45.970016 1 15
-89.317337 1 12
-89.915588 1 18
-95.898956 1 21
-80.012650 1 13
-99.284584 0
17 12
-51.438656 1 19
-71.903801 1 21
-74.371368 1 7
-74.583282 1 24
-75.868393 1 4
-33.262947 1 16
-57.126133 1 13
-67.694130 1 12
-76.710434 1 14
-67.171989 1 18
-39.487156 1 15
-77.233131 0
18 7
-46.910114 1 17
-46.323421 1 19
-51.836460 1 13
-44.312656 1 15
-52.896709 1 12
-47.602242 1 16
-56.971260 0
19 5
-81.429047 1 17
-90.855835 1 16
-91.520187 1 15
-96.575684 1 18
-107.223518 0
20 4
-54.956039 2 14 25
-54.318726 1 1
-52.438896 1 9
-54.993382 0
21 6
-82.351402 1 17
-84.295090 1 16
-65.812599 1 13
-79.810181 1 15
-57.864388 1 12
-87.680733 0
22 9
-60.482834 1 7
-62.210297 1 6
-31.732613 1 4
-62.463715 1 1
-67.509651 1 8
-58.255997 1 23
-50.436806 1 14
-67.131310 1 9
-68.198151 0
23 9
-138.479507 1 7
-130.671585 1 6
-133.271622 1 4
-139.060135 1 8
-107.752014 2 11 22
-129.187378 1 22
-139.060333 1 14
-109.029465 1 11
-139.129562 0
24 2
-47.315430 1 17
-49.965282 0
25 2
-18.434122 1 0
-22.154118 0
26 1
-32.033886 0
