17
0 263
-65277.00468 0
-65130.549712 1 1
-64702.781767 1 3
-65255.532647 1 4
-64855.411138 1 5
-62406.085891 1 6
-62369.176574 2 1 6
-61841.511036 2 3 6
-62280.036481 2 5 6
-59065.714875 1 7
-59028.190584 2 1 7
-58571.944544 2 3 7
-58771.417574 2 5 7
-57026.738384 2 6 7
-61343.639506 1 8
-61340.396114 2 1 8
-60740.636087 2 3 8
-60948.91162 2 5 8
-58134.106938 2 6 8
-55110.305889 2 7 8
-54059.802598 3 6 7 8
-60938.717927 1 9
-60498.118618 2 3 9
-60820.855524 2 5 9
-58087.099792 2 6 9
-55029.755731 2 7 9
-54381.510813 3 6 7 9
-56704.248302 2 8 9
-54710.543949 3 6 8 9
-51935.935564 3 7 8 9
-61514.588721 1 10
-61317.243364 2 1 10
-60946.593289 2 3 10
-61484.78264 2 5 10
-58186.598961 2 6 10
-55690.110665 2 7 10
-54973.194639 3 6 7 10
-57946.066194 2 8 10
-55610.013553 3 6 8 10
-53265.662029 3 7 8 10
-57317.393144 2 9 10
-55145.10915 3 6 9 10
-53031.493573 3 7 9 10
-54424.303871 3 8 9 10
-59505.443589 1 11
-59248.103264 2 1 11
-58783.874479 2 3 11
-59198.884175 2 5 11
-56865.340239 2 6 11
-54885.860783 2 7 11
-54108.610827 3 6 7 11
-55674.606802 2 8 11
-53852.465914 3 6 8 11
-52691.148258 3 7 8 11
-55224.023417 2 9 11
-53611.167865 3 6 9 11
-52056.854797 3 7 9 11
-52077.983533 3 8 9 11
-55255.692128 2 10 11
-54438.099004 3 6 10 11
-52234.366496 3 7 10 11
-52860.774647 3 8 10 11
-52076.465555 3 9 10 11
-59993.89279 1 12
-59835.302002 2 1 12
-59628.6825 2 3 12
-59830.814364 2 5 12
-57451.872401 2 6 12
-54450.675062 2 7 12
-54073.347705 3 6 7 12
-56364.93726 2 8 12
-54886.886365 3 6 8 12
-51970.642893 3 7 8 12
-55924.429242 2 9 12
-54547.426613 3 6 9 12
-51772.081454 3 7 9 12
-53139.139046 3 8 9 12
-56241.138304 2 10 12
-54498.863281 3 6 10 12
-52412.703669 3 7 10 12
-54199.270614 3 8 10 12
-53552.211239 3 9 10 12
-54217.527355 2 11 12
-53166.651573 3 6 11 12
-51574.128882 3 7 11 12
-51514.124747 3 8 11 12
-51218.00773 3 9 11 12
-51180.798817 3 10 11 12
-61780.550129 1 13
-61774.637683 2 5 13
-59210.58752 2 6 13
-55889.866174 2 7 13
-55210.005396 3 6 7 13
-58063.279046 2 8 13
-56241.842301 3 6 8 13
-53187.121749 3 7 8 13
-58549.406966 2 9 13
-56993.583434 3 6 9 13
-54056.685059 3 7 9 13
-55452.114132 3 8 9 13
-58702.700228 2 10 13
-56689.974106 3 6 10 13
-54227.498719 3 7 10 13
-56377.618443 3 8 10 13
-56503.706315 3 9 10 13
-56372.575759 2 11 13
-55094.165515 3 6 11 13
-53108.254787 3 7 11 13
-53884.275462 3 8 11 13
-54267.300386 3 9 11 13
-53906.342738 3 10 11 13
-56993.618483 2 12 13
-55859.574171 3 6 12 13
-52795.392227 3 7 12 13
-54588.090575 3 8 12 13
-54992.915847 3 9 12 13
-54888.264074 3 10 12 13
-52654.944496 3 11 12 13
-62230.464421 1 14
-61967.824334 2 3 14
-61997.694573 2 5 14
-59911.441403 2 6 14
-57123.383361 2 7 14
-56545.760351 3 6 7 14
-58879.200872 2 8 14
-57218.751376 3 6 8 14
-54663.918077 3 7 8 14
-58365.639855 2 9 14
-57017.336705 3 6 9 14
-54585.275595 3 7 9 14
-55707.772523 3 8 9 14
-58754.537171 2 10 14
-57043.959882 3 6 10 14
-55149.187108 3 7 10 14
-56766.880961 3 8 10 14
-56036.787697 3 9 10 14
-57530.135148 2 11 14
-56296.639537 3 6 11 14
-54695.964741 3 7 11 14
-55346.479203 3 8 11 14
-54809.283974 3 9 11 14
-54536.952478 3 10 11 14
-57230.015723 2 12 14
-56238.741804 3 6 12 14
-53737.789976 3 7 12 14
-55198.822153 3 8 12 14
-54640.135236 3 9 12 14
-54886.806087 3 10 12 14
-53628.476651 3 11 12 14
-59367.968219 2 13 14
-58406.171115 3 6 13 14
-55732.94448 3 7 13 14
-57296.976843 3 8 13 14
-57517.409026 3 9 13 14
-57577.465407 3 10 13 14
-56201.415466 3 11 13 14
-55881.836299 3 12 13 14
-62811.241605 1 15
-62631.691369 2 1 15
-62125.749558 2 3 15
-62225.292433 2 5 15
-60238.533654 2 6 15
-56799.952474 2 7 15
-56136.118409 3 6 7 15
-58620.441548 2 8 15
-56872.278664 3 6 8 15
-53736.492152 3 7 8 15
-58528.237803 2 9 15
-56896.175706 3 6 9 15
-53754.819441 3 7 9 15
-54944.008679 3 8 9 15
-58720.476048 2 10 15
-56818.247979 3 6 10 15
-54126.695537 3 7 10 15
-56060.523601 3 8 10 15
-55615.474797 3 9 10 15
-57237.36312 2 11 15
-55934.873118 3 6 11 15
-54003.685856 3 7 11 15
-54087.883723 3 8 11 15
-53939.269508 3 9 11 15
-53734.865522 3 10 11 15
-57529.293324 2 12 15
-56460.239601 3 6 12 15
-53150.326931 3 7 12 15
-54836.411624 3 8 12 15
-54414.886404 3 9 12 15
-54516.550361 3 10 12 15
-52893.808304 3 11 12 15
-59114.920652 2 13 15
-57901.563647 3 6 13 15
-54443.047905 3 7 13 15
-56124.963986 3 8 13 15
-56930.559614 3 9 13 15
-56715.504778 3 10 13 15
-55085.949377 3 11 13 15
-55361.486359 3 12 13 15
-59980.451968 2 14 15
-58971.391276 3 6 14 15
-56114.077086 3 7 14 15
-57381.77692 3 8 14 15
-57196.225013 3 9 14 15
-57165.07248 3 10 14 15
-56475.430937 3 11 14 15
-55961.974223 3 12 14 15
-57993.179922 3 13 14 15
-63564.564226 1 16
-63311.59593 2 3 16
-63322.014079 2 5 16
-60680.049383 2 6 16
-57574.863124 2 7 16
-56569.52876 3 6 7 16
-59666.336182 2 8 16
-57615.183827 3 6 8 16
-54816.129269 3 7 8 16
-59274.678801 2 9 16
-57675.580204 3 6 9 16
-54778.500221 3 7 9 16
-56133.857613 3 8 9 16
-59477.761509 2 10 16
-57426.917326 3 6 10 16
-55108.39085 3 7 10 16
-56958.209432 3 8 10 16
-56351.710272 3 9 10 16
-57722.939459 2 11 16
-56224.979031 3 6 11 16
-54571.87181 3 7 11 16
-54980.193236 3 8 11 16
-54557.667141 3 9 11 16
-54501.932233 3 10 11 16
-58405.117588 2 12 16
-56934.582389 3 6 12 16
-53992.812385 3 7 12 16
-55813.031966 3 8 12 16
-55503.202481 3 9 12 16
-55656.697334 3 10 12 16
-53881.274656 3 11 12 16
-60310.344972 2 13 16
-58774.272485 3 6 13 16
-55672.81612 3 7 13 16
-57626.671723 3 8 13 16
-58081.803823 3 9 13 16
-57917.735894 3 10 13 16
-55813.063227 3 11 13 16
-56660.416911 3 12 13 16
-60987.659321 2 14 16
-59540.325957 3 6 14 16
-56977.538945 3 7 14 16
-58618.24719 3 8 14 16
-58202.207767 3 9 14 16
-58305.895591 3 10 14 16
-57143.42988 3 11 14 16
-57161.707561 3 12 14 16
-61030.191825 2 15 16
-59535.330529 3 6 15 16
-56439.255241 3 7 15 16
-57981.895791 3 8 15 16
-57931.891852 3 9 15 16
-57697.179137 3 10 15 16
-56423.848854 3 11 15 16
-56914.376151 3 12 15 16
-58721.983592 3 13 15 16
-59733.209751 3 14 15 16
1 143
-10249.011309 0
-10102.556341 1 0
-7646.659661 1 2
-7262.357667 1 3
-6215.315576 2 2 3
-8779.849134 1 4
-7467.810814 2 2 4
-7030.780976 2 3 4
-9601.754193 1 5
-7314.506896 2 2 5
-8621.176994 2 4 5
-7314.083109 3 2 4 5
-10237.136041 1 6
-7216.001749 2 3 6
-9551.221096 2 5 6
-10178.092504 2 6 7
-10141.549299 1 8
-7569.814739 2 2 8
-8633.119983 2 4 8
-9542.953957 2 5 8
-8600.340813 3 4 5 8
-10234.491252 1 9
-8766.611863 2 4 9
-10071.459496 1 10
-9874.114139 2 0 10
-7579.138062 2 2 10
-7084.539634 2 3 10
-8606.856242 2 4 10
-6944.198927 3 3 4 10
-9287.9 2 5 10
-7270.407572 3 2 5 10
-8454.09077 3 4 5 10
-10004.647313 2 8 10
-8583.863189 3 4 8 10
-10071.387535 2 9 10
-10228.565011 1 11
-9971.224686 2 0 11
-9590.50368 2 5 11
-9992.109007 2 6 11
-7620.03677 3 2 6 11
-8645.745589 3 4 6 11
-9430.034858 3 5 6 11
-10180.506907 2 7 11
-9990.539384 3 6 7 11
-10120.652485 2 8 11
-10046.622109 2 10 11
-9991.783453 3 6 10 11
-9995.343315 3 7 10 11
-10091.245847 2 0 12
-9598.467082 2 5 12
-10162.726168 2 6 12
-10143.750359 3 6 7 12
-10137.126771 2 8 12
-10048.050132 3 6 10 12
-10205.991798 2 11 12
-9977.925217 3 6 11 12
-9721.889853 1 13
-7312.771437 2 2 13
-7257.139245 2 3 13
-8438.933799 2 4 13
-7258.095069 3 2 4 13
-9374.729762 2 5 13
-7238.267423 3 2 5 13
-9691.767716 2 6 13
-9633.063226 2 8 13
-8390.044434 3 4 8 13
-9701.24065 2 9 13
-9402.923484 2 10 13
-7282.909589 3 2 10 13
-8224.992788 3 4 10 13
-9048.670497 3 5 10 13
-9596.115157 2 11 13
-8438.773045 3 4 11 13
-9331.99397 3 5 11 13
-9481.784255 3 6 11 13
-9390.892226 3 10 11 13
-9703.34508 2 12 13
-10096.612371 1 14
-7553.554894 2 2 14
-7227.508312 2 3 14
-8653.58721 2 4 14
-9497.918373 2 5 14
-8594.362859 3 4 5 14
-9991.95299 2 8 14
-8627.065432 3 4 8 14
-9934.197672 2 10 14
-8565.778405 3 4 10 14
-9276.175753 3 5 10 14
-9964.242389 2 11 14
-9442.595707 3 5 11 14
-9846.664263 3 6 11 14
-9950.130095 3 8 11 14
-9868.189209 3 10 11 14
-10083.580192 2 12 14
-10078.813541 3 6 12 14
-9681.840671 2 13 14
-9554.963564 3 11 13 14
-10138.753161 1 15
-9959.202926 2 0 15
-7249.391002 2 3 15
-9591.498923 2 5 15
-10087.386389 2 6 15
-10112.242285 2 7 15
-10079.348986 3 6 7 15
-10068.218017 2 8 15
-10102.208256 2 9 15
-9900.33131 2 10 15
-9285.598494 3 5 10 15
-10067.399547 2 11 15
-9585.723706 3 5 11 15
-9912.774543 3 6 11 15
-10030.141424 3 8 11 15
-10058.112189 3 6 12 15
-9662.440759 2 13 15
-9355.459138 3 10 13 15
-9591.160575 3 11 13 15
-9989.134868 2 14 15
-9832.46991 3 10 14 15
-9891.721841 3 11 14 15
-10066.600746 1 16
-7594.591625 2 2 16
-7243.430197 2 3 16
-8710.644738 2 4 16
-9499.696865 2 5 16
-10042.250005 2 6 16
-10049.750487 2 7 16
-10041.067699 3 6 7 16
-9987.870576 2 8 16
-9929.328439 2 10 16
-10040.723318 2 11 16
-9932.83966 3 6 11 16
-10027.964921 3 7 11 16
-9582.565951 2 13 16
-9345.697859 3 5 13 16
-9398.037134 3 10 13 16
-9511.121669 3 11 13 16
-9966.228438 2 14 16
-9960.629145 3 8 14 16
-9893.328724 3 10 14 16
-9889.732911 3 11 14 16
-10003.670034 2 15 16
-9873.27823 3 10 15 16
-9997.560032 3 11 15 16
2 133
-19166.944233 0
-16564.592586 1 1
-16462.652852 1 3
-15415.610761 2 1 3
-14982.694301 1 4
-13670.655981 2 1 4
-14197.33129 2 3 4
-13447.763788 3 1 3 4
-18146.981828 1 5
-15859.734531 2 1 5
-16280.751818 2 3 5
-15320.642596 3 1 3 5
-14797.172845 2 4 5
-13490.07896 3 1 4 5
-14177.679113 3 3 4 5
-19146.257526 1 6
-16458.688567 2 3 6
-18110.924818 2 5 6
-19120.304963 1 7
-16527.187644 2 1 7
-16410.950017 2 3 7
-14971.228027 2 4 7
-18103.252212 2 5 7
-19152.678283 1 8
-16435.486775 2 3 8
-14859.202984 2 4 8
-18137.674058 2 5 8
-14754.645359 3 4 5 8
-19134.537601 2 6 8
-19111.01462 2 7 8
-14967.41338 2 4 9
-18101.647372 2 5 9
-19066.658201 1 10
-16346.03182 2 3 10
-14822.648976 2 4 10
-14112.97496 3 3 4 10
-17972.074886 2 5 10
-16250.849472 3 3 5 10
-14724.418333 3 4 5 10
-19052.274391 2 6 10
-19014.716908 2 7 10
-19052.590169 2 8 10
-14819.060912 3 4 8 10
-18990.368674 3 7 8 10
-19054.118236 1 11
-16518.182383 2 1 11
-16413.923482 2 3 11
-14919.610963 2 4 11
-18027.00793 2 5 11
-19021.582896 2 6 11
-19002.741959 2 7 11
-18944.629779 2 10 11
-17939.257121 3 5 10 11
-18915.776327 3 7 10 11
-19161.885594 1 12
-16440.590921 2 3 12
-18137.599734 2 5 12
-19061.465116 2 6 12
-19041.105758 2 11 12
-18949.184616 1 13
-16540.0662 2 1 13
-14974.393683 2 4 13
-18136.102707 2 5 13
-18880.639859 2 7 13
-18937.83724 2 8 13
-18916.331457 2 9 13
-18776.882818 2 10 13
-18778.704435 2 11 13
-18701.883648 3 10 11 13
-18932.582334 2 12 13
-19141.004729 1 14
-14982.007303 2 4 14
-19090.018489 2 7 14
-19081.222931 2 8 14
-19042.434571 2 10 14
-18958.269244 2 11 14
-18923.964513 3 10 11 14
-19109.766301 2 12 14
-18930.793251 2 13 14
-18864.313784 1 15
-16376.114699 2 1 15
-16322.195658 2 3 15
-14934.274415 2 4 15
-18070.5105 2 5 15
-16270.101708 3 3 5 15
-18823.092668 2 6 15
-18816.795753 2 7 15
-18854.643632 2 9 15
-18669.422855 2 10 15
-16212.293232 3 3 10 15
-14794.554913 3 4 10 15
-17885.837764 3 5 10 15
-18717.889744 2 11 15
-16317.051639 3 3 11 15
-17999.740661 3 5 11 15
-18636.221414 3 10 11 15
-18861.779243 2 12 15
-18799.589944 3 6 12 15
-18671.5807 2 13 15
-18474.258959 3 10 13 15
-18557.294225 3 11 13 15
-18849.247325 2 14 15
-18695.291074 3 11 14 15
-18963.267502 1 16
-16491.258381 2 1 16
-16400.196607 2 3 16
-14901.286931 2 4 16
-18025.020499 2 5 16
-18927.436056 2 6 16
-18871.758357 2 7 16
-18925.600427 2 8 16
-18846.833486 2 10 16
-16345.930699 3 3 10 16
-14800.518599 3 4 10 16
-17925.042874 3 5 10 16
-18864.483211 2 11 16
-17997.403132 3 5 11 16
-18849.046937 3 7 11 16
-18840.283198 3 10 11 16
-18933.328642 2 12 16
-18906.124164 3 6 12 16
-18784.684984 2 13 16
-18749.050865 3 7 13 16
-18676.623896 3 10 13 16
-18694.038137 3 11 13 16
-18936.337509 2 14 16
-18833.592108 3 11 14 16
-18919.004476 3 12 14 16
-18750.140976 2 15 16
-18741.650502 3 7 15 16
-18647.772782 3 10 15 16
-18680.464184 3 11 15 16
-18662.278011 3 13 15 16
3 157
-14209.578618 0
-13635.355705 1 0
-11222.924976 1 1
-11505.287236 1 2
-11077.523136 2 0 2
-10073.943151 2 1 2
-11539.512759 1 4
-11118.960962 2 0 4
-9790.444601 2 1 4
-10754.149748 2 2 4
-9567.552408 3 1 2 4
-11830.888282 1 5
-9499.52139 2 1 5
-9964.658272 2 2 5
-8960.429455 3 1 2 5
-10353.750613 2 4 5
-8865.716424 3 1 4 5
-9734.256882 3 2 4 5
-11197.451768 2 1 6
-14187.44793 1 7
-11206.056181 2 1 7
-11478.092984 2 2 7
-14135.461512 2 6 7
-14034.108575 1 8
-13431.105156 2 0 8
-11168.465739 2 1 8
-11316.917068 2 2 8
-10064.294728 3 1 2 8
-11202.849616 2 4 8
-9703.211821 3 1 4 8
-10568.929243 3 2 4 8
-11739.638174 2 5 8
-9954.33401 3 2 5 8
-10219.33977 3 4 5 8
-14023.482207 2 6 8
-13990.270462 2 7 8
-13944.979085 3 6 7 8
-14203.198511 1 9
-11497.366925 2 2 9
-11523.100507 2 4 9
-11806.665145 2 5 9
-14202.340278 1 10
-13634.344846 2 0 10
-11215.420417 2 1 10
-11481.713897 2 2 10
-11514.759943 2 4 10
-11775.326885 2 5 10
-14171.024491 2 6 10
-14164.047441 2 7 10
-13967.693814 3 7 8 10
-14177.439113 2 9 10
-14176.053089 1 11
-13454.483978 2 0 11
-11527.277883 2 4 11
-11795.493629 2 5 11
-14025.759749 2 6 11
-11450.099153 3 4 6 11
-11776.33803 3 5 6 11
-14098.608616 2 7 11
-13985.167579 3 6 7 11
-14015.472437 2 8 11
-13961.888912 3 6 8 11
-14174.182748 2 9 11
-14132.330124 2 10 11
-14063.368585 3 7 10 11
-14205.18814 1 12
-11483.893467 2 2 12
-11529.765807 2 4 12
-14100.928494 2 6 12
-14088.056848 3 6 7 12
-14189.859163 2 10 12
-14118.220752 2 11 12
-13960.930988 3 6 11 12
-14108.781978 3 10 11 12
-13105.388385 1 13
-10640.637777 2 1 13
-10662.777389 2 2 13
-9648.22232 3 1 2 13
-10704.318669 2 4 13
-9387.770279 3 1 4 13
-10080.279673 3 2 4 13
-11491.809089 2 5 13
-9494.03192 3 1 5 13
-9759.626012 3 2 5 13
-10085.558313 3 4 5 13
-12887.855285 2 8 13
-10526.824965 3 2 8 13
-10398.349688 3 4 8 13
-11453.218811 3 5 8 13
-13038.547921 2 9 13
-11477.753685 3 5 9 13
-13049.414712 2 10 13
-11446.520949 3 5 10 13
-12993.340909 2 11 13
-11462.644911 3 5 11 13
-12970.513035 3 6 11 13
-14089.802357 1 14
-11220.698297 2 1 14
-11440.203332 2 2 14
-11435.026185 2 4 14
-11795.716231 2 5 14
-14048.711007 2 7 14
-13889.498324 2 8 14
-14086.410999 2 9 14
-14080.353319 2 10 14
-13954.717191 2 11 14
-11772.29434 3 5 11 14
-13898.5408 3 6 11 14
-13899.295187 3 7 11 14
-13885.214891 3 8 11 14
-14080.661945 3 6 12 14
-13071.738024 2 13 14
-14017.444699 1 15
-13331.952652 2 0 15
-11128.08254 2 1 15
-11475.326572 2 2 15
-11822.245451 2 5 15
-13984.095224 2 7 15
-13893.288972 2 8 15
-13876.415372 2 9 15
-11450.765586 3 2 9 15
-13850.91554 3 8 9 15
-14011.976694 2 11 15
-13958.02624 3 6 11 15
-13943.733441 3 6 12 15
-12947.324305 2 13 15
-10639.29362 3 1 13 15
-12866.760095 3 8 13 15
-12834.622981 3 9 13 15
-12938.949093 3 11 13 15
-13887.132516 2 14 15
-13827.041284 3 8 14 15
-13826.299018 3 9 14 15
-13876.782108 3 11 14 15
-14017.697133 1 16
-11194.526583 2 1 16
-11454.626237 2 2 16
-11464.138355 2 4 16
-11782.253347 2 5 16
-13987.823346 2 6 16
-13963.170485 2 7 16
-13839.796666 2 8 16
-13993.127451 2 10 16
-14007.153494 2 11 16
-13948.990794 3 6 11 16
-13957.537144 3 7 11 16
-13978.10136 2 12 16
-13899.933101 3 6 12 16
-12963.07604 2 13 16
-12832.259786 3 8 13 16
-12933.994159 3 11 13 16
-13897.990395 2 14 16
-13789.273552 3 8 14 16
-13837.032931 3 11 14 16
-13898.301587 2 15 16
-13841.433797 3 9 15 16
-13868.266148 3 14 15 16
4 103
-14574.419343 0
-14552.947309 1 0
-13105.257168 1 1
-10390.16941 1 2
-10211.320563 2 1 2
-11904.353484 1 3
-11672.776792 2 1 3
-9639.031922 2 2 3
-13015.13195 1 5
-12034.554751 2 1 5
-9665.322966 2 2 5
-9664.899179 3 1 2 5
-11537.994281 2 3 5
-11400.749784 3 1 3 5
-9434.921577 3 2 3 5
-14570.084919 1 6
-13008.460948 2 5 6
-14570.660004 1 7
-14548.591492 1 8
-13040.162176 2 1 8
-10255.116193 2 2 8
-10172.266521 3 1 2 8
-11717.332533 2 3 8
-11574.908259 3 1 3 8
-9507.128367 3 2 3 8
-12963.237076 2 5 8
-12020.623931 3 1 5 8
-9580.208377 3 2 5 8
-11442.938672 3 3 5 8
-14541.408639 2 6 8
-14476.501056 1 9
-13008.621668 2 1 9
-10263.243054 2 2 9
-10190.666505 3 1 2 9
-11796.403052 2 3 9
-9620.847445 3 2 3 9
-12881.890398 2 5 9
-11990.060587 3 1 5 9
-9609.190127 3 2 5 9
-11513.909009 3 3 5 9
-14444.22846 2 8 9
-13005.622907 3 1 8 9
-10124.287367 3 2 8 9
-11680.863891 3 3 8 9
-14562.539809 1 10
-13097.936555 2 1 10
-10318.530584 2 2 10
-11874.959473 2 3 10
-12938.654062 2 5 10
-14561.274349 2 6 10
-14557.398768 2 7 10
-14542.481621 2 8 10
-14564.230212 1 11
-12993.477075 2 5 11
-14558.787251 2 7 11
-14470.793832 2 9 11
-14536.674591 2 10 11
-14561.626004 1 12
-11886.20367 2 3 12
-12980.320809 2 5 12
-14556.2729 2 6 12
-14559.988451 2 10 12
-14544.088173 2 11 12
-14348.918567 1 13
-13065.962513 2 1 13
-10374.127633 2 2 13
-14341.246482 2 8 13
-14232.163853 2 9 13
-14347.148295 2 11 13
-14524.308895 2 8 14
-14538.34915 2 11 14
-14318.219079 2 13 14
-14037.004778 1 15
-12710.770586 2 1 15
-10106.965409 2 2 15
-10059.614302 3 1 2 15
-11575.003338 2 3 15
-11497.129512 3 1 3 15
-9497.146289 3 2 3 15
-12847.4331 2 5 15
-12003.555809 3 1 5 15
-9621.284611 3 2 5 15
-11440.462522 3 3 5 15
-10079.99212 3 2 8 15
-11484.815146 3 3 8 15
-13964.999156 2 9 15
-10102.035682 3 2 9 15
-13997.516768 2 10 15
-12819.951813 3 5 10 15
-14005.299477 2 11 15
-14026.301307 2 12 15
-13857.341667 2 13 15
-14432.078503 1 16
-13076.122495 2 1 16
-10370.097932 2 2 16
-11878.519726 2 3 16
-12983.10575 2 5 16
-14425.560183 2 8 16
-14350.523469 2 9 16
-14418.295535 2 12 16
-14242.136808 2 13 16
-14226.258214 3 9 13 16
-13990.937015 2 15 16
5 272
-9632.05181 0
-9210.458268 1 0
-8984.794695 1 1
-8612.089405 1 2
-8406.1813 2 0 2
-8279.93664 2 1 2
-7253.361475 1 3
-7071.460441 2 2 3
-8072.764418 1 4
-7917.202857 2 0 4
-7914.092278 2 1 4
-7887.242961 2 2 4
-7733.515256 3 1 2 4
-6887.002272 2 3 4
-6867.350095 3 2 3 4
-9467.068949 1 6
-8781.154004 2 1 6
-8431.736241 2 2 6
-8131.917628 3 1 2 6
-7101.860905 2 3 6
-7009.851262 3 2 3 6
-7905.444978 2 4 6
-7811.199645 3 1 4 6
-7812.363428 3 2 4 6
-6840.651285 3 3 4 6
-9481.833812 1 7
-9187.53651 2 0 7
-8850.180186 2 1 7
-8464.781061 2 2 7
-8219.011332 3 1 2 7
-7173.664907 2 3 7
-7935.203986 2 4 7
-7877.902037 3 1 4 7
-7855.446496 3 2 4 7
-9402.432525 2 6 7
-9579.757653 1 8
-9185.029767 2 0 8
-8981.162312 2 1 8
-8564.753429 2 2 8
-7994.403238 2 4 8
-9390.99278 2 6 8
-8409.151475 3 2 6 8
-7863.346504 3 4 6 8
-9407.714067 2 7 8
-7900.586835 3 4 7 8
-9363.957264 3 6 7 8
-9394.670639 1 9
-8772.247955 2 1 9
-8315.646627 2 2 9
-8101.42676 3 1 2 9
-6998.137272 2 3 9
-6851.00805 3 2 3 9
-7800.05998 2 4 9
-7753.686874 3 1 4 9
-7661.593701 3 2 4 9
-6715.643229 3 3 4 9
-9266.735256 2 6 9
-8686.445195 3 1 6 9
-8252.74269 3 2 6 9
-6967.924757 3 3 6 9
-7749.605048 3 4 6 9
-9211.356839 2 7 9
-8671.004583 3 1 7 9
-8196.642569 3 2 7 9
-6951.48697 3 3 7 9
-7688.770303 3 4 7 9
-9347.208648 2 8 9
-7789.201324 3 4 8 9
-9208.135375 3 7 8 9
-9278.006857 1 10
-8494.447362 2 1 10
-8183.423542 2 2 10
-7874.693052 3 1 2 10
-6850.993464 2 3 10
-6755.811116 3 2 3 10
-7654.121111 2 4 10
-7501.355639 3 1 4 10
-7555.890467 3 2 4 10
-6550.799872 3 3 4 10
-9211.187152 2 6 10
-8479.068757 3 1 6 10
-9212.330217 2 7 10
-9208.806248 2 8 10
-8181.296056 3 2 8 10
-7629.980412 3 4 8 10
-9196.704015 3 6 8 10
-9145.745027 3 7 8 10
-9113.424802 2 9 10
-8452.120398 3 1 9 10
-8042.487557 3 2 9 10
-6794.3039 3 3 9 10
-7532.594239 3 4 9 10
-9431.906558 1 11
-9125.347144 2 0 11
-8793.845227 2 1 11
-8404.796252 2 2 11
-8144.432016 3 1 2 11
-7051.347098 2 3 11
-6962.447794 3 2 3 11
-7861.153422 2 4 11
-7795.001647 3 1 4 11
-7758.909137 3 2 4 11
-6767.565465 3 3 4 11
-9299.940047 2 6 11
-8737.865898 3 1 6 11
-8354.020593 3 2 6 11
-7050.518328 3 3 6 11
-7820.192356 3 4 6 11
-9315.044296 2 7 11
-8772.455734 3 1 7 11
-8395.55239 3 2 7 11
-7856.131582 3 4 7 11
-9414.327055 2 8 11
-9179.147348 2 9 11
-8641.457296 3 1 9 11
-8183.409756 3 2 9 11
-6888.874526 3 3 9 11
-7665.906475 3 4 9 11
-9168.00566 3 6 9 11
-9137.325622 3 7 9 11
-9087.996771 2 10 11
-8413.434304 3 1 10 11
-8082.624113 3 2 10 11
-6785.284673 3 3 10 11
-7544.880386 3 4 10 11
-9000.786446 3 9 10 11
-9545.802547 1 12
-8894.432994 2 1 12
-8521.516687 2 2 12
-8262.862822 3 1 2 12
-7205.499783 2 3 12
-7964.497352 2 4 12
-7890.144101 3 1 4 12
-7876.450901 3 2 4 12
-9424.560548 2 6 12
-9432.648464 2 7 12
-9509.713491 2 8 12
-9349.243249 2 9 12
-9252.349607 2 10 12
-9303.022575 2 11 12
-8740.139143 3 1 11 12
-8349.225909 3 2 11 12
-7789.951846 3 4 11 12
-9162.952056 3 9 11 12
-8277.048434 1 13
-8271.135988 2 0 13
-7929.888343 2 1 13
-7463.966525 2 2 13
-7389.462511 3 1 2 13
-6663.469139 2 3 13
-6560.815148 3 2 3 13
-6957.857911 2 4 13
-6873.784762 3 2 4 13
-6339.097555 3 3 4 13
-8174.677258 2 6 13
-7891.855926 3 1 6 13
-7432.957664 3 2 6 13
-6650.54572 3 3 6 13
-6938.140291 3 4 6 13
-8192.387607 2 7 13
-7460.805299 3 2 7 13
-8184.54901 2 8 13
-7462.963974 3 2 8 13
-6920.243187 3 4 8 13
-8149.228068 3 6 8 13
-8162.421949 3 7 8 13
-8128.858482 2 10 13
-7774.605495 3 1 10 13
-7356.783112 3 2 10 13
-6525.964719 3 3 10 13
-6821.451316 3 4 10 13
-8193.309467 2 11 13
-7929.18828 3 1 11 13
-7461.118457 3 2 11 13
-6662.61347 3 3 11 13
-6953.569955 3 4 11 13
-9584.831448 1 14
-8597.230627 2 2 14
-8059.649669 2 4 14
-9421.58499 2 6 14
-9398.796094 2 7 14
-8463.022228 3 2 7 14
-9543.457926 2 8 14
-9372.080976 2 9 14
-9260.410915 2 10 14
-9364.297678 2 11 14
-9288.403466 3 6 11 14
-9250.512368 3 7 11 14
-9519.204582 2 12 14
-8674.5877 1 15
-8088.638528 2 0 15
-8127.333462 2 1 15
-7880.784416 2 2 15
-7646.875841 3 1 2 15
-6479.388452 2 3 15
-6427.294502 3 2 3 15
-7485.016022 2 4 15
-7420.118685 3 1 4 15
-7395.103618 3 2 4 15
-6344.847636 3 3 4 15
-8657.652267 2 6 15
-8647.401204 2 7 15
-8334.587797 2 9 15
-7901.56361 3 1 9 15
-7611.444535 3 2 9 15
-6327.30766 3 3 9 15
-7218.898977 3 4 9 15
-8446.845296 2 10 15
-7832.112479 3 1 10 15
-7663.260205 3 2 10 15
-6240.520917 3 3 10 15
-7269.280341 3 4 10 15
-8210.116952 3 9 10 15
-8627.492285 2 11 15
-8668.904385 2 12 15
-7256.824451 2 13 15
-7039.313783 3 1 13 15
-6724.554872 3 2 13 15
-5918.412077 3 3 13 15
-6372.2505 3 4 13 15
-7240.556889 3 9 13 15
-8564.963078 2 14 15
-9456.622416 1 16
-8889.718535 2 1 16
-8518.375413 2 2 16
-7221.178631 2 3 16
-8007.649662 2 4 16
-9196.115333 2 6 16
-8683.347064 3 1 6 16
-8346.783447 3 2 6 16
-7099.899339 3 3 6 16
-7846.271297 3 4 6 16
-9293.855254 2 7 16
-8792.445447 3 1 7 16
-8447.445652 3 2 7 16
-9428.497585 2 8 16
-9146.951603 2 9 16
-8669.627259 3 1 9 16
-8246.428435 3 2 9 16
-6997.194051 3 3 9 16
-7755.616769 3 4 9 16
-9091.053079 3 6 9 16
-9067.302383 3 7 9 16
-9031.398461 2 10 16
-8410.072242 3 1 10 16
-8109.607848 3 2 10 16
-7613.477924 3 4 10 16
-8987.304979 3 6 10 16
-8943.719444 3 9 10 16
-9276.399257 2 11 16
-8774.134123 3 1 11 16
-9160.889663 3 6 11 16
-9199.125196 3 7 11 16
-9065.899854 3 9 11 16
-8962.555211 3 10 11 16
-9316.930285 2 12 16
-8846.449274 3 1 12 16
-8472.222722 3 2 12 16
-7955.149557 3 4 12 16
-9141.128068 3 9 12 16
-9169.919686 3 11 12 16
-8143.138479 2 13 16
-7906.270387 3 1 13 16
-8095.174832 3 6 13 16
-8056.123196 3 10 13 16
-8138.672596 3 11 13 16
-9377.63682 2 14 16
-9282.594813 3 7 14 16
-9263.015835 3 11 14 16
-8589.662495 2 15 16
-8330.856336 3 9 15 16
-8434.118494 3 10 15 16
6 269
-12808.556059 0
-9937.63727 1 0
-12796.680791 1 1
-12787.869352 1 2
-12771.207583 2 1 3
-12804.221636 1 4
-12643.573198 1 5
-12593.0401 2 1 5
-12607.516188 2 2 5
-12636.902195 2 4 5
-11244.850666 1 7
-9205.874175 2 0 7
-11157.670264 2 1 7
-11192.864248 2 3 7
-11165.449379 2 5 7
-11131.515322 3 1 5 7
-12686.361513 1 8
-9476.828944 2 0 8
-12668.220831 2 2 8
-12675.735144 2 3 8
-12679.17866 2 4 8
-12497.596639 2 5 8
-11080.757448 2 7 8
-11051.556616 3 1 7 8
-11035.466071 3 3 7 8
-11037.000645 3 5 7 8
-12632.60607 1 9
-9780.987935 2 0 9
-12504.670688 2 5 9
-10846.501483 2 7 9
-10836.672001 3 1 7 9
-12408.241284 2 8 9
-12331.510782 3 5 8 9
-10690.964213 3 7 8 9
-12325.733126 1 10
-8997.743366 2 0 10
-12311.349316 2 2 10
-12294.417339 2 3 10
-12324.467666 2 4 10
-12258.913421 2 5 10
-9989.950261 2 7 10
-9981.916982 3 1 7 10
-12007.106027 2 8 10
-11998.437346 3 3 8 10
-11995.003794 3 5 8 10
-9856.214543 3 7 8 10
-12021.16119 2 9 10
-9794.90399 3 7 9 10
-11733.639299 3 8 9 10
-11986.532349 1 11
-9346.428998 2 0 11
-11750.076344 2 1 11
-11953.997009 2 2 11
-11836.239009 2 3 11
-11854.565837 2 5 11
-11694.097016 3 1 5 11
-11835.410238 3 3 5 11
-10687.912833 2 7 11
-10497.94531 3 1 7 11
-10574.471796 3 3 7 11
-11694.117788 2 8 11
-11609.190309 3 1 8 11
-11640.534263 3 3 8 11
-11621.319436 3 5 8 11
-10471.849437 3 7 8 11
-11779.678414 2 9 11
-11641.3282 3 1 9 11
-11721.654428 3 3 9 11
-11768.536726 3 5 9 11
-10218.753622 3 7 9 11
-11430.047402 3 8 9 11
-10314.883121 2 10 11
-10260.044465 3 1 10 11
-10280.07052 3 3 10 11
-9113.568154 3 7 10 11
-9959.036909 3 8 10 11
-10130.524268 3 9 10 11
-11973.783737 1 12
-9431.763348 2 0 12
-11886.673269 2 1 12
-11873.363259 2 2 12
-11869.52409 2 3 12
-11968.430632 2 4 12
-11852.541738 2 5 12
-11812.001116 3 1 5 12
-11835.399212 3 2 5 12
-11849.869278 3 3 5 12
-10187.744624 2 7 12
-10054.683954 3 1 7 12
-10167.943516 3 2 7 12
-10079.981824 3 3 7 12
-11675.930553 2 8 12
-11625.586562 3 2 8 12
-11632.448549 3 5 8 12
-9977.565017 3 7 8 12
-11736.4188 2 9 12
-11709.152369 3 1 9 12
-11707.926519 3 2 9 12
-11703.663246 3 3 9 12
-11710.781539 3 5 9 12
-9948.698043 3 7 9 12
-11406.291628 3 8 9 12
-11378.250804 2 10 12
-11338.768196 3 1 10 12
-11370.051071 3 2 10 12
-11300.669992 3 3 10 12
-9030.266913 3 7 10 12
-11119.685435 3 8 10 12
-10977.38759 3 9 10 12
-10944.536508 4 8 9 10 12
-10954.578787 2 11 12
-10726.512206 3 1 11 12
-10943.544978 3 2 11 12
-10797.289023 3 3 11 12
-9636.484568 3 7 11 12
-10603.363786 3 8 11 12
-10756.769424 3 9 11 12
-9567.154788 4 7 9 11 12
-10551.661852 4 8 9 11 12
-9388.753503 3 10 11 12
-8640.274479 4 7 10 11 12
-12785.755933 1 13
-12755.633796 2 1 13
-11241.77176 2 7 13
-12612.840416 2 8 13
-12323.049095 2 10 13
-11915.457168 2 11 13
-10685.152176 3 7 11 13
-11656.317644 3 8 11 13
-11943.73827 2 12 13
-10933.935487 3 11 12 13
-12602.183951 1 14
-12438.937492 2 5 14
-11170.712604 2 7 14
-12496.983494 2 8 14
-12389.646398 3 5 8 14
-12466.486561 2 9 14
-12416.19123 3 5 9 14
-12320.667746 3 8 9 14
-12023.045986 2 10 14
-11721.327604 3 8 10 14
-11831.424767 3 9 10 14
-11896.552105 2 11 14
-11820.657892 3 5 11 14
-11772.175981 3 9 11 14
-10293.589853 3 10 11 14
-11762.146089 2 12 14
-11757.379437 3 1 12 14
-11742.227363 3 2 12 14
-11743.741722 3 3 12 14
-11726.107511 3 5 12 14
-11551.822203 3 8 12 14
-11611.537208 3 9 12 14
-11087.912622 3 10 12 14
-10922.900388 3 11 12 14
-12550.322017 2 13 14
-11868.626872 3 11 13 14
-12458.106709 1 15
-9885.398759 2 0 15
-12406.739938 2 1 15
-12416.885593 2 2 15
-12441.171277 2 5 15
-11058.913565 2 7 15
-11026.020265 3 1 7 15
-12298.087389 2 8 15
-10922.184927 3 7 8 15
-12270.249562 2 9 15
-10711.918556 3 7 9 15
-12084.398238 3 8 9 15
-11999.581607 2 10 15
-9893.976818 3 7 10 15
-11760.994907 3 8 10 15
-11698.112693 3 9 10 15
-11699.687781 2 11 15
-11545.062777 3 1 11 15
-11645.737327 3 3 11 15
-10587.339021 3 7 11 15
-11452.775434 3 8 11 15
-11471.621024 3 9 11 15
-11402.571187 4 8 9 11 15
-10171.043128 3 10 11 15
-11578.543797 2 12 15
-11492.499313 3 1 12 15
-11516.354497 3 2 12 15
-11487.395825 3 3 12 15
-10019.97775 3 7 12 15
-11344.107804 3 8 12 15
-11349.608926 3 9 12 15
-11285.728978 4 8 9 12 15
-11089.718762 3 10 12 15
-10892.306017 4 9 10 12 15
-10709.132163 3 11 12 15
-10689.830411 4 9 11 12 15
-12291.473798 2 14 15
-12226.660816 3 8 14 15
-12225.057434 3 9 14 15
-11794.2955 3 10 14 15
-11490.210455 3 12 14 15
-12467.18404 1 16
-9582.669198 2 0 16
-12442.8333 2 1 16
-12431.352594 2 2 16
-12437.310254 2 3 16
-12206.676958 2 5 16
-11013.151943 2 7 16
-11004.469155 3 1 7 16
-10931.688817 3 5 7 16
-12199.251748 2 8 16
-12019.200081 3 5 8 16
-10839.966826 3 7 8 16
-12049.347027 2 9 16
-11993.448504 3 5 9 16
-10410.854615 3 7 9 16
-11742.525749 3 8 9 16
-11933.005553 2 10 16
-11888.912071 3 5 10 16
-9903.198212 3 7 10 16
-11605.0754 3 8 10 16
-11478.50467 3 9 10 16
-11372.229552 4 8 9 10 16
-11670.265321 2 11 16
-11562.381663 3 1 11 16
-11612.10262 3 3 11 16
-11554.755727 3 5 11 16
-10450.817183 3 7 11 16
-11394.461078 3 8 11 16
-11291.127197 3 9 11 16
-10196.993185 4 7 9 11 16
-11218.860064 4 8 9 11 16
-10195.368655 3 10 11 16
-10107.112407 4 9 10 11 16
-11700.31557 2 12 16
-11657.490255 3 1 12 16
-11673.111092 3 2 12 16
-11622.147311 3 3 12 16
-11587.055883 3 5 12 16
-10002.088288 3 7 12 16
-11280.363069 3 8 12 16
-11229.276627 3 9 12 16
-9826.254506 4 7 9 12 16
-11003.485728 4 8 9 12 16
-11116.715539 3 10 12 16
-11015.216413 4 8 10 12 16
-10761.587131 4 9 10 12 16
-10783.666215 3 11 12 16
-10562.480241 4 9 11 12 16
-12377.118794 2 13 16
-12147.657525 3 8 13 16
-11631.261233 3 11 13 16
-11686.246347 3 12 13 16
-12346.205025 2 14 16
-12182.069756 3 5 14 16
-12189.994191 3 8 14 16
-12004.330485 3 9 14 16
-11826.888147 3 10 14 16
-11580.255237 3 12 14 16
-12300.777277 3 13 14 16
-12008.872243 2 15 16
-10783.203252 3 7 15 16
-11828.833308 3 8 15 16
-11751.393102 3 9 15 16
-11638.380015 3 10 15 16
-11461.117155 4 9 10 15 16
-11357.080855 3 11 15 16
-11170.153449 3 12 15 16
-9988.909908 4 7 12 15 16
-11126.236329 4 8 12 15 16
-11098.8535 4 9 12 15 16
-10986.712807 4 10 12 15 16
7 289
-14486.783221 0
-8275.493416 1 0
-14440.14395 1 2
-8275.360768 2 0 2
-14464.652533 1 3
-14412.949698 2 2 3
-14483.023882 1 4
-14336.565222 1 5
-8252.571658 2 0 5
-14292.835606 2 2 5
-12923.077828 1 6
-7543.730321 2 0 6
-12864.03429 2 1 6
-12899.475399 2 2 6
-12839.95328 2 3 6
-12858.441404 2 5 6
-14157.580296 1 8
-7924.246678 2 0 8
-14115.916633 2 2 8
-14113.742182 2 3 8
-13985.536709 2 5 8
-12551.976231 2 6 8
-12543.694852 3 1 6 8
-12473.473109 3 3 6 8
-12524.940715 3 5 6 8
-14228.250198 1 9
-14215.491466 2 2 9
-14223.60819 2 3 9
-14044.936398 2 5 9
-12442.145611 2 6 9
-12438.639132 3 3 6 9
-12438.8121 3 5 6 9
-13813.835849 2 8 9
-13674.762576 3 5 8 9
-12096.558777 3 6 8 9
-13997.09121 1 10
-8172.613154 2 0 10
-13945.149917 2 2 10
-13958.798373 2 3 10
-13991.95017 2 4 10
-13931.414569 2 5 10
-11661.308345 2 6 10
-13458.922308 2 8 10
-13396.700814 3 2 8 10
-13385.562675 3 3 8 10
-13395.861087 3 5 8 10
-11308.030824 3 6 8 10
-13400.713423 2 9 10
-11174.456224 3 6 9 10
-12906.861248 3 8 9 10
-11076.645017 4 6 8 9 10
-12148.363064 1 11
-7528.780258 2 0 11
-12100.30496 2 1 11
-12096.986787 2 2 11
-12070.918591 2 3 11
-12142.920103 2 4 11
-12031.500802 2 5 11
-10849.743549 2 6 11
-10848.173926 3 1 6 11
-10842.040357 3 2 6 11
-10809.151378 3 3 6 11
-11367.753949 2 8 11
-11344.685982 3 3 8 11
-11309.336088 3 5 8 11
-10145.485599 3 6 8 11
-11841.349547 2 9 11
-11803.950127 3 3 9 11
-11799.527821 3 5 9 11
-10280.424755 3 6 9 11
-11093.154027 3 8 9 11
-9935.361831 4 6 8 9 11
-11353.095835 2 10 11
-11301.817041 3 1 10 11
-11324.242383 3 2 10 11
-11284.134296 3 3 10 11
-10151.780868 3 6 10 11
-10495.87775 3 8 10 11
-9786.925036 4 6 8 10 11
-10706.986936 3 9 10 11
-9720.034839 4 6 9 10 11
-10172.712552 4 8 9 10 11
-13894.332932 1 12
-13852.952204 2 2 12
-13884.964439 2 3 12
-13781.178849 2 5 12
-12108.293819 2 6 12
-12089.31801 3 1 6 12
-12095.422173 3 3 6 12
-13480.612886 2 8 12
-13413.267018 3 5 8 12
-11782.24735 3 6 8 12
-13554.14592 2 9 12
-13488.102221 3 5 9 12
-11766.425163 3 6 9 12
-13007.61134 3 8 9 12
-11652.735066 4 6 8 9 12
-13028.220782 2 10 12
-13028.083825 3 2 10 12
-10680.236891 3 6 10 12
-12544.926173 3 8 10 12
-10616.933999 4 6 8 10 12
-12412.112494 3 9 10 12
-10663.411818 4 6 9 10 12
-12164.216923 4 8 9 10 12
-11152.226698 2 11 12
-9834.132479 3 6 11 12
-10258.599212 3 8 11 12
-9364.660342 4 6 8 11 12
-10787.359414 3 9 11 12
-9597.744777 4 6 9 11 12
-10063.677687 4 8 9 11 12
-10188.229731 3 10 11 12
-9439.750707 4 6 10 11 12
-9533.970923 4 8 10 11 12
-9891.813631 4 9 10 11 12
-14402.249697 1 13
-14333.70494 2 2 13
-14317.58887 2 5 13
-12858.265524 2 6 13
-14052.982292 2 8 13
-14034.29963 3 2 8 13
-12533.73758 3 6 8 13
-14068.952478 2 9 13
-12386.659931 3 6 9 13
-13714.266017 3 8 9 13
-13938.233413 2 10 13
-13434.121584 3 8 10 13
-12121.772869 2 11 13
-11344.947211 3 10 11 13
-13820.931291 2 12 13
-13453.383034 3 8 12 13
-13505.959601 3 9 12 13
-13373.859047 1 14
-8266.777986 2 0 14
-13322.872806 2 2 14
-13332.767697 2 3 14
-13365.713081 2 4 14
-13187.823692 2 5 14
-11942.3877 2 6 14
-11931.420575 3 3 6 14
-13175.598678 2 8 14
-13047.552276 3 5 8 14
-11777.365657 3 6 8 14
-13125.168151 2 9 14
-12991.577328 3 5 9 14
-11550.647858 3 6 9 14
-12922.3657 3 8 9 14
-12843.940531 2 10 14
-12841.374699 3 5 10 14
-10863.934782 3 6 10 14
-12457.585053 3 8 10 14
-12349.004207 3 9 10 14
-10701.321761 4 6 9 10 14
-12255.276461 4 8 9 10 14
-11420.11814 2 11 14
-11364.696137 3 3 11 14
-11306.33283 3 5 11 14
-10229.944375 3 6 11 14
-10929.807805 3 8 11 14
-10037.602725 4 6 8 11 14
-11247.341577 3 9 11 14
-10019.722721 4 6 9 11 14
-10628.249877 3 10 11 14
-9868.76636 4 6 10 11 14
-10247.113452 4 8 10 11 14
-10378.097453 4 9 10 11 14
-12857.041603 2 12 14
-12795.573951 3 5 12 14
-11295.314178 3 6 12 14
-12661.662372 3 8 12 14
-12634.139237 3 9 12 14
-11293.190234 4 6 9 12 14
-12580.177858 4 8 9 12 14
-12106.903822 3 10 12 14
-10367.628398 4 6 10 12 14
-12039.061472 4 8 10 12 14
-11866.906333 4 9 10 12 14
-10580.74694 3 11 12 14
-9670.267302 4 6 11 12 14
-10199.70453 4 8 11 12 14
-9920.387607 4 10 11 12 14
-13166.235143 2 13 14
-13159.786653 3 5 13 14
-11885.183069 3 6 13 14
-13039.165521 3 8 13 14
-12886.560451 3 9 13 14
-12805.928467 3 10 13 14
-11391.344919 3 11 13 14
-12776.122161 3 12 13 14
-14129.80761 1 15
-8118.51848 2 0 15
-14103.296735 2 1 15
-14082.28958 2 2 15
-14096.458136 2 3 15
-14102.621115 2 5 15
-12730.614466 2 6 15
-12722.577062 3 1 6 15
-12700.662316 3 3 6 15
-13793.744739 2 8 15
-12417.842278 3 6 8 15
-13905.790384 2 9 15
-12347.459378 3 6 9 15
-13562.595691 3 8 9 15
-13666.275186 2 10 15
-11560.670397 3 6 10 15
-13109.434282 3 8 10 15
-13110.531497 3 9 10 15
-12872.347865 4 8 9 10 15
-11847.474551 2 11 15
-11838.625026 3 3 11 15
-10735.12579 3 6 11 15
-11143.512223 3 8 11 15
-11650.725447 3 9 11 15
-11216.596202 3 10 11 15
-13618.822235 2 12 15
-12060.256188 3 6 12 15
-13213.620614 3 8 12 15
-13380.448558 3 9 12 15
-12763.362191 3 10 12 15
-12449.663343 4 8 10 12 15
-11020.073176 3 11 12 15
-14080.414041 2 13 15
-13856.893244 3 9 13 15
-13097.867838 2 14 15
-13090.549516 3 2 14 15
-11881.925947 3 6 14 15
-12978.535475 3 8 14 15
-12968.317381 3 9 14 15
-12658.585764 3 10 14 15
-11214.353862 3 11 14 15
-12730.693969 3 12 14 15
-12997.52731 3 13 14 15
-14334.921815 1 16
-14318.071556 2 1 16
-14243.41267 2 2 16
-14280.395168 2 3 16
-14172.154653 2 5 16
-12880.889718 2 6 16
-13952.405869 2 8 16
-13845.50055 3 5 8 16
-13893.853707 2 9 16
-13814.204487 3 5 9 16
-12255.361295 3 6 9 16
-13554.437602 3 8 9 16
-13590.557513 2 10 16
-11560.750171 3 6 10 16
-13022.948674 3 8 10 16
-12897.630042 3 9 10 16
-12655.724111 4 8 9 10 16
-11902.889589 2 11 16
-11890.131191 3 1 11 16
-11887.453314 3 2 11 16
-11853.273238 3 3 11 16
-11825.615527 3 5 11 16
-10683.44145 3 6 11 16
-11241.791457 3 8 11 16
-11395.164699 3 9 11 16
-11046.014804 4 8 9 11 16
-11091.575338 3 10 11 16
-10611.190475 4 9 10 11 16
-13790.793354 2 12 16
-13770.938127 3 5 12 16
-12092.566071 3 6 12 16
-13261.346563 3 8 12 16
-13381.17071 3 9 12 16
-12876.927102 3 10 12 16
-12514.985918 4 8 10 12 16
-11088.870857 3 11 12 16
-14232.581157 2 13 16
-14196.947039 3 2 13 16
-13906.406955 3 8 13 16
-13827.790142 3 9 13 16
-11900.68245 3 11 13 16
-13352.143686 2 14 16
-13160.786054 3 8 14 16
-13061.872326 3 9 14 16
-12668.450821 3 10 14 16
-11373.158197 3 11 14 16
-13883.539751 2 15 16
-13875.049277 3 2 15 16
-12657.87076 3 6 15 16
-13605.17035 3 8 15 16
-13618.825244 3 9 15 16
-13293.103212 3 10 15 16
-13009.156763 4 8 10 15 16
-11634.180421 3 11 15 16
-13519.667336 3 12 15 16
-13069.568276 3 14 15 16
8 348
-14675.060614 0
-10741.69544 1 0
-14567.598604 1 1
-14660.794663 1 2
-14499.590571 1 3
-10537.444892 2 0 3
-14472.424495 2 2 3
-14649.232763 1 4
-14502.503613 2 1 4
-14525.741445 2 2 4
-14312.56962 2 3 4
-14622.766457 1 5
-10716.266939 2 0 5
-14563.966221 2 1 5
-14613.458687 2 2 5
-14570.871583 2 4 5
-14552.866067 1 6
-10280.887114 2 0 6
-14471.177712 2 1 6
-14541.146142 2 2 6
-14357.762214 2 3 6
-14524.189787 2 4 6
-14468.844806 3 1 4 6
-14449.47791 3 2 4 6
-14224.971065 3 3 4 6
-14476.789898 2 5 6
-14345.857689 1 7
-10390.448702 2 0 7
-14256.951922 2 1 7
-14336.567346 2 2 7
-14148.680221 2 3 7
-14302.025631 3 2 4 7
-14050.841221 3 3 4 7
-14271.737944 2 5 7
-14181.764471 2 6 7
-14150.838274 3 1 6 7
-13991.282043 3 3 6 7
-14143.289209 3 5 6 7
-14422.469988 1 9
-10188.000362 2 0 9
-14338.152485 2 1 9
-14269.451399 2 3 9
-14390.197392 2 4 9
-14335.153723 3 1 4 9
-14288.834582 3 2 4 9
-14153.912238 3 3 4 9
-14375.007997 2 5 9
-14198.105202 2 6 9
-14193.403278 3 1 6 9
-14067.289225 3 3 6 9
-14008.055639 2 7 9
-13895.828077 3 3 7 9
-14004.834174 3 5 7 9
-13852.518368 3 6 7 9
-14091.747201 1 10
-10523.224674 2 0 10
-14024.935018 2 1 10
-14077.679169 2 2 10
-13930.460371 2 3 10
-14071.689014 2 4 10
-14068.100949 3 2 4 10
-13842.482773 3 3 4 10
-14022.546592 2 5 10
-13773.120103 2 6 10
-13727.587841 3 1 6 10
-13634.480377 3 3 6 10
-13758.636965 3 5 6 10
-13553.578299 2 7 10
-13473.216933 3 1 7 10
-13529.230066 3 2 7 10
-13357.224672 3 3 7 10
-13486.99311 3 5 7 10
-13419.842581 3 6 7 10
-13808.657692 2 9 10
-13807.459864 3 1 9 10
-13721.755065 3 3 9 10
-13521.135801 3 6 9 10
-13314.805517 3 7 9 10
-14128.394863 1 11
-10297.558075 2 0 11
-14020.482336 2 1 11
-13967.81421 2 3 11
-14119.278022 2 4 11
-14064.198552 3 2 4 11
-13848.292641 3 3 4 11
-14110.81536 2 5 11
-13835.980302 2 6 11
-13772.109465 3 3 6 11
-13347.785748 2 7 11
-13333.186724 3 1 7 11
-13241.581601 3 3 7 11
-13131.722352 3 6 7 11
-13849.738435 2 9 11
-13825.664612 3 1 9 11
-13767.614634 3 3 9 11
-13500.107423 3 6 9 11
-13101.542916 3 7 9 11
-13429.347019 2 10 11
-13345.432714 3 3 10 11
-13073.500806 3 6 10 11
-12572.128934 3 7 10 11
-13166.798782 3 9 10 11
-13048.01814 4 6 9 10 11
-14148.193922 1 12
-10519.238391 2 0 12
-14035.484058 2 1 12
-14142.421913 2 2 12
-14007.377349 2 3 12
-14139.492339 2 4 12
-14083.710022 3 2 4 12
-13926.789217 3 3 4 12
-14112.104867 2 5 12
-13850.340738 2 6 12
-13815.772705 3 3 6 12
-13734.473877 2 7 12
-13702.398861 3 1 7 12
-13631.484343 3 3 7 12
-13524.29427 3 6 7 12
-13841.232445 2 9 12
-13806.098704 3 1 9 12
-13784.665872 3 3 9 12
-13511.105273 3 6 9 12
-13294.697865 3 7 9 12
-13406.021578 2 10 12
-13366.812775 3 1 10 12
-13347.844075 3 3 10 12
-13147.456208 3 6 10 12
-12922.726968 3 7 10 12
-13172.081888 3 9 10 12
-13139.230806 4 6 9 10 12
-13707.423168 2 11 12
-13658.831906 3 1 11 12
-13665.514455 3 3 11 12
-13356.208167 3 6 11 12
-12813.795683 3 7 11 12
-13439.534011 3 9 11 12
-13234.426439 4 6 9 11 12
-12715.852285 4 7 9 11 12
-12880.288716 3 10 11 12
-12226.029908 4 7 10 11 12
-14520.116392 1 13
-14431.289765 2 1 13
-14508.769015 2 2 13
-14302.583292 2 3 13
-14512.444307 2 4 13
-14452.63495 3 2 4 13
-14206.475325 3 3 4 13
-14427.616968 2 5 13
-14347.200875 2 6 13
-14212.457106 3 3 6 13
-14321.751685 3 5 6 13
-14170.848987 2 7 13
-14012.497508 3 3 7 13
-14140.883329 3 5 7 13
-14022.672931 3 6 7 13
-14345.492353 2 9 13
-14247.576029 3 3 9 13
-14340.937202 3 5 9 13
-14142.175846 3 6 9 13
-13990.805891 3 7 9 13
-13881.099668 2 10 13
-13779.535991 3 3 10 13
-13575.836219 3 6 10 13
-13376.987838 3 7 10 13
-13791.756829 3 9 10 13
-13882.064084 2 11 13
-13807.59255 3 3 11 13
-13622.924559 3 6 11 13
-13192.107122 3 7 11 13
-13772.323586 3 9 11 13
-13223.65563 3 10 11 13
-14052.204825 2 12 13
-13947.942228 3 3 12 13
-14051.790295 3 5 12 13
-13824.807071 3 6 12 13
-13684.656569 3 7 12 13
-13326.126906 3 10 12 13
-13612.04227 3 11 12 13
-14352.567734 1 14
-14247.908353 2 1 14
-14292.785936 2 2 14
-14152.263701 2 3 14
-14297.859141 2 4 14
-14263.784411 3 2 4 14
-14078.597395 3 3 4 14
-14311.194212 2 5 14
-14247.367278 2 6 14
-14221.795264 3 1 6 14
-14094.484407 3 3 6 14
-14154.307366 2 7 14
-14150.691733 3 1 7 14
-14025.394392 3 3 7 14
-14082.345235 3 6 7 14
-14121.159629 2 9 14
-14033.223725 3 3 9 14
-13975.340814 3 6 9 14
-13918.357179 3 7 9 14
-13733.985469 2 10 14
-13637.148948 3 3 10 14
-13432.267086 3 6 10 14
-13347.62999 3 7 10 14
-13539.801124 3 9 10 14
-13768.253616 2 11 14
-13754.141323 3 1 11 14
-13698.751317 3 3 11 14
-13584.22932 3 6 11 14
-13277.943281 3 7 11 14
-13592.972359 3 9 11 14
-13118.538353 3 10 11 14
-13850.375181 2 12 14
-13829.525603 3 1 12 14
-13760.335964 3 3 12 14
-13640.051295 3 6 12 14
-13654.995949 3 7 12 14
-13569.947524 3 9 12 14
-13141.815624 3 10 12 14
-13435.741901 3 11 12 14
-13433.325899 4 9 11 12 14
-12854.642083 4 10 11 12 14
-14168.756335 2 13 14
-14147.893745 3 1 13 14
-13988.720728 3 3 13 14
-14138.212909 3 5 13 14
-14132.493223 3 6 13 14
-14041.686713 3 7 13 14
-14089.462945 3 9 13 14
-13568.045698 3 10 13 14
-13622.574572 3 11 13 14
-13792.594691 3 12 13 14
-14437.823676 1 15
-10247.023619 2 0 15
-14367.288532 2 1 15
-14313.667949 2 3 15
-14427.026549 3 2 4 15
-14223.479758 3 3 4 15
-14277.804355 2 6 15
-14219.996094 3 3 6 15
-14101.760804 2 7 15
-14034.180792 3 3 7 15
-13965.032167 3 6 7 15
-14203.07321 2 9 15
-14177.573379 3 3 9 15
-14017.221886 3 6 9 15
-13859.878517 3 7 9 15
-13839.041587 2 10 15
-13810.33352 3 3 10 15
-13600.454886 3 6 10 15
-13282.200683 3 7 10 15
-13651.40716 3 9 10 15
-13954.681547 2 11 15
-13917.423424 3 1 11 15
-13895.710101 3 3 11 15
-13707.7692 3 6 11 15
-13250.71922 3 7 11 15
-13778.675214 3 9 11 15
-13259.538412 3 10 11 15
-13844.777356 2 12 15
-13831.765434 3 3 12 15
-13610.341363 3 6 12 15
-13439.575736 3 7 12 15
-13588.681962 3 9 12 15
-13294.130998 4 7 9 12 15
-13172.838028 3 10 12 15
-12859.139181 4 7 10 12 15
-13548.915122 3 11 12 15
-14288.918066 2 13 15
-14208.353856 3 3 13 15
-14145.083927 3 6 13 15
-14017.196278 3 7 13 15
-13738.480188 3 10 13 15
-13816.090021 3 11 13 15
-13822.052321 3 12 13 15
-14138.556382 2 14 15
-14078.46515 3 3 14 15
-14073.7434 3 6 14 15
-14019.224019 3 7 14 15
-14000.675341 3 9 14 15
-13574.045828 3 10 14 15
-13698.621601 3 11 14 15
-13633.378334 3 12 14 15
-14024.04392 3 13 14 15
-14420.56747 1 16
-10522.339426 2 0 16
-14341.8373 2 1 16
-14382.900395 2 2 16
-14242.667003 2 3 16
-14414.049149 2 4 16
-14373.17018 3 2 4 16
-14182.404534 3 3 4 16
-14392.442639 2 5 16
-14152.635178 2 6 16
-14093.145021 3 3 6 16
-14038.051523 2 7 16
-13943.905187 3 3 7 16
-13864.866406 3 6 7 16
-14168.307752 2 9 16
-14099.01683 3 3 9 16
-13861.486474 3 6 9 16
-13828.891648 3 7 9 16
-13867.577828 2 10 16
-13799.43837 3 3 10 16
-13539.647674 3 6 10 16
-13299.968989 3 7 10 16
-13673.317912 3 9 10 16
-13883.19639 2 11 16
-13797.356105 3 3 11 16
-13607.392147 3 6 11 16
-13222.098258 3 7 11 16
-13637.160561 3 9 11 16
-13306.624291 3 10 11 16
-13902.115227 2 12 16
-13898.07178 3 1 12 16
-13849.13367 3 3 12 16
-13482.162726 3 6 12 16
-13372.668437 3 7 12 16
-13662.250986 3 9 12 16
-13436.460088 4 6 9 12 16
-13274.121624 3 10 12 16
-12912.18044 4 7 10 12 16
-13545.403167 3 11 12 16
-14277.974055 2 13 16
-14147.157801 3 3 13 16
-14048.512786 3 6 13 16
-13951.799853 3 7 13 16
-13760.429826 3 10 13 16
-13723.268442 3 11 13 16
-13889.642749 3 12 13 16
-14165.297309 2 14 16
-14159.698016 3 1 14 16
-14165.114368 3 2 14 16
-14056.580466 3 3 14 16
-14009.086476 3 6 14 16
-13973.939677 3 7 14 16
-14000.462464 3 9 14 16
-13601.450226 3 10 14 16
-13678.633947 3 11 14 16
-13730.226774 3 12 14 16
-14074.223058 3 13 14 16
-14230.491099 2 15 16
-14176.867602 3 3 15 16
-14050.452164 3 6 15 16
-13952.121698 3 7 15 16
-14050.341219 3 9 15 16
-13745.036169 3 10 15 16
-13770.280211 3 11 15 16
-13739.46997 3 12 15 16
-14192.71554 3 13 15 16
-14083.898743 3 14 15 16
9 283
-15016.772076 0
-10678.485323 1 0
-15002.252019 1 1
-15010.391969 1 3
-14918.853789 1 4
-14905.616519 2 1 4
-14903.572868 2 2 4
-14902.441537 2 3 4
-14779.390904 1 5
-14734.056447 2 2 5
-14755.167767 2 3 5
-14646.149352 2 4 5
-14840.822087 1 6
-10521.835987 2 0 6
-14774.915894 2 4 6
-14640.488394 2 5 6
-14619.075964 3 4 5 6
-14758.239053 1 7
-14695.588556 2 4 7
-14487.76208 2 5 7
-14449.154873 3 4 5 7
-14359.88987 2 6 7
-14220.85909 3 5 6 7
-14764.181449 1 8
-10124.790245 2 0 8
-14659.818418 2 4 8
-14531.632444 2 5 8
-14454.616505 3 4 5 8
-14486.061221 2 6 8
-14365.546587 3 5 6 8
-14420.437003 2 7 8
-14416.386329 3 4 7 8
-14220.858311 3 5 7 8
-14030.643768 3 6 7 8
-14667.28888 1 10
-10470.093303 2 0 10
-14667.216919 2 1 10
-14642.387715 2 3 10
-14588.654311 2 4 10
-14502.706825 2 5 10
-14467.127439 3 4 5 10
-14362.716944 2 6 10
-14327.68146 3 5 6 10
-14070.911093 2 7 10
-13986.450518 3 5 7 10
-13875.864823 3 6 7 10
-14384.199371 2 8 10
-14367.989157 3 4 8 10
-14295.755405 3 5 8 10
-14110.732643 3 6 8 10
-13832.138312 3 7 8 10
-14958.821382 1 11
-10677.401209 2 0 11
-14956.951041 2 3 11
-14865.385001 2 4 11
-14706.062171 2 5 11
-14751.967447 2 6 11
-14620.03306 3 5 6 11
-14651.807864 2 7 11
-14474.08919 3 5 7 11
-14182.648653 3 6 7 11
-14680.164954 2 8 11
-14639.708756 3 4 8 11
-14508.790664 3 5 8 11
-14416.094567 3 6 8 11
-14405.565032 3 7 8 11
-14512.124457 2 10 11
-14424.914131 3 5 10 11
-14327.765604 3 6 10 11
-13866.015557 3 7 10 11
-14249.57622 3 8 10 11
-14828.427205 1 12
-14743.952603 2 4 12
-14631.867907 2 5 12
-14605.515215 3 4 5 12
-14591.062268 2 6 12
-14490.107708 3 5 6 12
-14488.240193 2 7 12
-14338.791279 3 5 7 12
-14249.193612 3 6 7 12
-14521.465728 2 8 12
-14502.577415 3 4 8 12
-14405.27698 3 5 8 12
-14251.826803 3 6 8 12
-14048.464181 3 7 8 12
-14243.934773 2 10 12
-14233.963355 3 4 10 12
-14194.154218 3 5 10 12
-13843.071559 3 6 10 12
-13627.826485 3 7 10 12
-14009.995084 3 8 10 12
-13834.846157 4 6 8 10 12
-14697.098742 2 11 12
-14693.293661 3 4 11 12
-14557.028223 3 5 11 12
-14499.289379 3 6 11 12
-14332.231458 3 7 11 12
-14429.209585 3 8 11 12
-14063.412705 3 10 11 12
-14162.697771 1 13
-14142.048568 2 1 13
-14129.844612 2 2 13
-14095.857307 2 3 13
-14045.943057 2 4 13
-14014.014268 2 6 13
-14006.332099 3 4 6 13
-13829.400552 2 7 13
-13815.623901 3 4 7 13
-13542.408675 3 6 7 13
-13988.073732 2 8 13
-13945.600888 3 4 8 13
-13808.989239 3 6 8 13
-13649.357456 3 7 8 13
-13961.491944 2 10 13
-13938.122056 3 4 10 13
-13783.95212 3 6 10 13
-13430.296313 3 7 10 13
-13872.149105 3 8 10 13
-14051.355632 2 11 13
-14027.967014 3 4 11 13
-13972.231758 3 6 11 13
-13807.489511 3 7 11 13
-13941.615135 3 8 11 13
-13860.539529 3 10 11 13
-14029.189143 2 12 13
-14012.163512 3 4 12 13
-13874.932911 3 6 12 13
-13714.217454 3 7 12 13
-13864.763662 3 8 12 13
-13638.543839 4 7 8 12 13
-13676.617169 3 10 12 13
-13626.009585 4 6 10 12 13
-13340.717305 4 7 10 12 13
-13937.643447 3 11 12 13
-14869.637553 1 14
-14866.246195 2 3 14
-14787.197567 2 4 14
-14656.88708 2 5 14
-14627.84527 3 4 5 14
-14733.940162 2 6 14
-14634.140818 3 5 6 14
-14620.946657 2 7 14
-14460.640716 3 5 7 14
-14342.200321 3 6 7 14
-14638.229448 2 8 14
-14630.939998 3 4 8 14
-14506.652892 3 5 8 14
-14461.913699 3 6 8 14
-14384.996469 3 7 8 14
-14521.04149 2 10 14
-14463.249832 3 5 10 14
-14329.42027 3 6 10 14
-14026.105166 3 7 10 14
-14326.857145 3 8 10 14
-14767.091788 2 11 14
-14756.58274 3 4 11 14
-14639.845026 3 5 11 14
-14642.715664 3 6 11 14
-14594.315225 3 7 11 14
-14591.810531 3 8 11 14
-14328.879231 3 10 11 14
-14656.537468 2 12 14
-14653.297471 3 4 12 14
-14563.682763 3 5 12 14
-14505.928588 3 6 12 14
-14433.635102 3 7 12 14
-14376.109811 3 8 12 14
-14166.872476 3 10 12 14
-14475.256198 3 11 12 14
-14148.282652 2 13 14
-14743.128681 1 15
-10460.124879 2 0 15
-14706.583777 2 1 15
-14733.45853 2 2 15
-14602.099355 2 3 15
-14671.12306 2 4 15
-14403.128779 2 5 15
-14555.271534 2 6 15
-14537.991385 3 3 6 15
-14338.192292 3 5 6 15
-14519.111455 2 7 15
-14469.185439 3 3 7 15
-14248.815967 3 5 7 15
-14172.116446 3 6 7 15
-14508.378216 2 8 15
-14466.004785 3 3 8 15
-14502.455155 3 4 8 15
-14273.652178 3 5 8 15
-14294.689066 3 6 8 15
-14277.229167 3 7 8 15
-14417.064508 2 10 15
-14300.928215 3 3 10 15
-14180.336164 3 5 10 15
-14115.595593 3 6 10 15
-13861.320819 3 7 10 15
-14229.430081 3 8 10 15
-14736.410404 2 11 15
-14508.343647 3 6 11 15
-14320.581198 3 10 11 15
-14583.112369 2 12 15
-14541.570042 3 3 12 15
-14346.313304 3 5 12 15
-14354.177498 3 6 12 15
-14344.738693 3 7 12 15
-14327.016975 3 8 12 15
-14043.537259 3 10 12 15
-14551.106907 3 11 12 15
-13909.251511 2 13 15
-13796.550187 3 3 13 15
-13892.98395 3 5 13 15
-13827.018007 3 6 13 15
-13685.730714 3 7 13 15
-13827.671245 3 8 13 15
-13803.980537 3 10 13 15
-13880.935963 3 12 13 15
-14602.217127 2 14 15
-14541.38363 3 3 14 15
-14377.209412 3 5 14 15
-14535.800763 3 6 14 15
-14472.66667 3 7 14 15
-14464.336087 3 8 14 15
-14365.906027 3 10 14 15
-14492.646715 3 12 14 15
-14948.818451 1 16
-10658.933025 2 0 16
-14867.263416 2 4 16
-14639.147637 2 5 16
-14615.230523 3 4 5 16
-14530.981438 2 6 16
-14425.919183 3 5 6 16
-14507.750342 2 7 16
-14281.197471 3 5 7 16
-13905.453014 3 6 7 16
-14696.558733 2 8 16
-14485.833407 3 5 8 16
-14239.832734 3 6 8 16
-14298.590467 3 7 8 16
-14565.492849 2 10 16
-14477.813833 3 5 10 16
-14110.991966 3 6 10 16
-13872.565379 3 7 10 16
-13828.741029 4 6 7 10 16
-14371.232934 3 8 10 16
-14815.353444 2 11 16
-14604.854041 3 5 11 16
-14436.21532 3 6 11 16
-14307.628554 3 7 11 16
-14569.317615 3 8 11 16
-14463.500421 3 10 11 16
-14643.701894 2 12 16
-14467.899678 3 5 12 16
-14172.662951 3 6 12 16
-14234.07925 3 7 12 16
-14403.837653 3 8 12 16
-14126.960313 4 6 8 12 16
-14034.132509 3 10 12 16
-13679.004101 4 6 10 12 16
-14537.159637 3 11 12 16
-14095.713594 2 13 16
-13823.346653 3 6 13 16
-13690.922579 3 7 13 16
-13438.373252 4 6 7 13 16
-14012.815247 3 11 13 16
-13926.889979 3 12 13 16
-13795.18594 4 6 12 13 16
-14733.285938 2 14 16
-14548.757365 3 5 14 16
-14391.411398 3 6 14 16
-14443.014577 3 7 14 16
-14568.451093 3 8 14 16
-14487.119495 3 10 14 16
-14589.616772 3 11 14 16
-14534.2178 3 12 14 16
-14514.91151 2 15 16
-14458.043719 3 3 15 16
-14256.10535 3 5 15 16
-14257.432369 3 6 15 16
-14250.197002 3 7 15 16
-14334.761629 3 8 15 16
-14310.070861 3 10 15 16
-14327.215892 3 12 15 16
-13791.049543 3 13 15 16
-14397.378178 3 14 15 16
10 384
-14936.296184 0
-11173.880225 1 0
-14758.744371 1 1
-10945.438023 2 0 1
-14836.010152 1 2
-11121.340437 2 0 2
-14929.057844 1 3
-11172.869367 2 0 3
-14751.239812 2 1 3
-14812.436813 2 2 3
-14924.41665 1 4
-14751.423759 2 1 4
-14764.371325 2 2 4
-14899.663834 2 3 4
-14582.251231 1 5
-14268.397038 2 1 5
-14407.344289 2 2 5
-14526.689834 2 3 5
-14505.773344 2 4 5
-14453.473251 1 6
-10233.986321 2 0 6
-14289.199013 2 1 6
-14359.490116 2 2 6
-14405.911682 2 3 6
-14444.66268 2 4 6
-14325.825907 3 2 4 6
-14197.591454 2 5 6
-13987.113766 3 1 5 6
-14118.797246 3 2 5 6
-14174.32101 3 3 5 6
-14446.604173 1 7
-11070.999963 2 0 7
-14274.131285 2 1 7
-14341.016118 2 2 7
-14423.203684 2 3 7
-14433.342937 2 4 7
-14313.18296 3 2 4 7
-14177.100578 2 5 7
-13950.83059 3 1 5 7
-14091.58607 3 2 5 7
-14176.844668 3 3 5 7
-13191.703768 2 6 7
-13098.378003 3 1 6 7
-13142.14183 3 2 6 7
-13071.907702 3 5 6 7
-14352.982771 1 8
-10955.409459 2 0 8
-14216.080785 2 1 8
-14252.894658 2 2 8
-14346.872901 2 4 8
-13982.031366 2 5 8
-13784.425942 3 1 5 8
-13869.437285 3 2 5 8
-13673.727286 2 6 8
-13545.609141 3 1 6 8
-13603.892651 3 2 6 8
-13479.438521 3 5 6 8
-13654.324784 2 7 8
-13490.396296 3 1 7 8
-13533.678838 3 2 7 8
-13631.748136 3 3 7 8
-13392.355744 3 5 7 8
-12429.781879 3 6 7 8
-14586.812989 1 9
-10965.488205 2 0 9
-14423.709272 2 1 9
-14507.190625 2 2 9
-14561.053591 2 3 9
-14493.636015 3 2 3 9
-14305.567152 2 5 9
-14103.581714 3 1 5 9
-14234.031555 3 2 5 9
-13975.368108 2 6 9
-13857.695148 3 1 6 9
-13948.071447 3 2 6 9
-13884.78452 3 5 6 9
-13759.276214 2 7 9
-13608.141648 3 1 7 9
-13712.111324 3 2 7 9
-13675.789015 3 5 7 9
-12707.678721 3 6 7 9
-13973.000693 2 8 9
-13893.016651 3 1 8 9
-13941.093588 3 2 8 9
-13746.154327 3 5 8 9
-13298.398707 3 6 8 9
-13066.026092 3 7 8 9
-12278.484947 4 6 7 8 9
-14873.061797 1 11
-10623.310335 2 0 11
-14691.118894 2 1 11
-14763.57334 2 2 11
-14829.338832 2 3 11
-14845.506176 2 4 11
-14529.152009 2 5 11
-13201.412569 2 6 11
-13201.087015 3 1 6 11
-13033.943155 3 5 6 11
-14077.794568 2 7 11
-13892.630975 3 1 7 11
-13990.828936 3 2 7 11
-14042.554537 3 3 7 11
-13863.853066 3 5 7 11
-12503.449888 3 6 7 11
-14174.013953 2 8 11
-14117.093677 3 1 8 11
-14107.61806 3 2 8 11
-13873.062037 3 5 8 11
-12438.933073 3 6 8 11
-13302.137754 3 7 8 11
-12080.372511 4 6 7 8 11
-14426.364872 2 9 11
-14326.960153 3 1 9 11
-14408.188581 3 2 9 11
-14417.534106 3 3 9 11
-14248.003969 3 5 9 11
-12777.210726 3 6 9 11
-13292.002261 3 7 9 11
-12216.82081 4 6 7 9 11
-13743.425219 3 8 9 11
-12325.121444 4 6 8 9 11
-12822.983744 4 7 8 9 11
-14362.322247 1 12
-10609.56776 2 0 12
-14200.018351 2 1 12
-14267.724506 2 2 12
-14346.993269 2 3 12
-14360.684693 2 4 12
-14068.869307 2 5 12
-13863.637497 3 1 5 12
-13990.711737 3 2 5 12
-13766.789313 2 6 12
-13652.113278 3 1 6 12
-13764.412317 3 2 6 12
-13622.527305 3 5 6 12
-13496.210097 2 7 12
-13393.711679 3 1 7 12
-13442.856126 3 2 7 12
-13348.688137 3 5 7 12
-12338.732386 3 6 7 12
-13620.149902 2 8 12
-13531.347068 3 1 8 12
-13565.641375 3 2 8 12
-13397.199067 3 5 8 12
-13063.904784 3 6 8 12
-12684.463188 3 7 8 12
-11898.591432 4 6 7 8 12
-13777.829815 2 9 12
-13685.508959 3 1 9 12
-13762.455889 3 2 9 12
-13631.155618 3 5 9 12
-13018.798604 3 6 9 12
-12635.796389 3 7 9 12
-11915.785259 4 6 7 9 12
-13108.679257 3 8 9 12
-12646.924137 4 6 8 9 12
-12265.284841 4 7 8 9 12
-14171.91945 2 11 12
-14035.401094 3 1 11 12
-14114.919307 3 2 11 12
-14162.480675 3 3 11 12
-13982.763094 3 5 11 12
-12606.094165 3 6 11 12
-13207.922483 3 7 11 12
-12211.712393 4 6 7 11 12
-13344.784997 3 8 11 12
-12136.20207 4 6 8 11 12
-12620.156708 4 7 8 11 12
-13538.233413 3 9 11 12
-12207.17601 4 6 9 11 12
-13022.98379 4 8 9 11 12
-14545.224321 1 13
-14226.257952 2 1 13
-14372.922522 2 2 13
-14489.250648 2 3 13
-14397.034369 2 5 13
-14070.975104 3 1 5 13
-14265.73911 3 2 5 13
-14351.746228 3 3 5 13
-14082.517483 2 6 13
-13859.15587 3 1 6 13
-13986.891954 3 2 6 13
-14069.115707 3 3 6 13
-14081.208037 2 7 13
-13858.639453 3 1 7 13
-13990.101742 3 2 7 13
-14070.777415 3 3 7 13
-14063.335664 3 5 7 13
-12923.67757 3 6 7 13
-13906.207597 2 8 13
-13701.443293 3 1 8 13
-13787.900618 3 2 8 13
-13865.815699 3 5 8 13
-13311.152827 3 6 8 13
-13287.346888 3 7 8 13
-12400.370185 4 6 7 8 13
-14344.018495 2 9 13
-14129.409318 3 1 9 13
-14268.013465 3 2 9 13
-14293.19395 3 5 9 13
-13852.455335 3 6 9 13
-13682.103798 3 7 9 13
-13790.28297 3 8 9 13
-14425.531998 2 11 13
-14220.309067 3 1 11 13
-14348.711212 3 2 11 13
-14362.756414 3 5 11 13
-12882.417685 3 6 11 13
-13648.706341 3 7 11 13
-12470.962446 4 6 7 11 13
-13767.123544 3 8 11 13
-12384.750996 4 6 8 11 13
-13088.753615 4 7 8 11 13
-14234.715895 3 9 11 13
-14071.218354 2 12 13
-13886.778853 3 1 12 13
-13994.60626 3 2 12 13
-14012.17744 3 5 12 13
-13510.999574 3 6 12 13
-13308.607938 3 7 12 13
-13345.140435 3 8 12 13
-13718.646379 3 9 12 13
-13878.146069 3 11 12 13
-14910.278464 1 14
-14747.863765 2 1 14
-14811.708305 2 2 14
-14900.829427 2 3 14
-14331.1405 2 6 14
-14235.562058 3 1 6 14
-14303.431939 3 2 6 14
-14180.922841 3 5 6 14
-14380.359949 2 7 14
-14291.696199 2 8 14
-13516.040308 3 6 8 14
-13573.682573 3 7 8 14
-14561.682401 2 9 14
-13926.620607 3 6 9 14
-14826.7562 2 11 14
-14034.887937 3 7 11 14
-14388.543642 3 9 11 14
-14241.806403 2 12 14
-14168.434211 3 1 12 14
-14213.486095 3 2 12 14
-13567.572937 3 6 12 14
-13491.668622 3 7 12 14
-13533.246846 3 8 12 14
-13752.141411 3 9 12 14
-14133.253604 3 11 12 14
-14533.728072 2 13 14
-14044.0278 3 6 13 14
-14410.979092 3 11 13 14
-14761.188932 1 15
-10670.423375 2 0 15
-14522.767081 2 1 15
-14566.298003 2 2 15
-14721.700921 2 4 15
-14533.446528 2 5 15
-14227.546098 3 1 5 15
-14348.773792 3 2 5 15
-14525.710429 3 3 5 15
-14302.663829 2 6 15
-14143.263719 3 1 6 15
-14211.860866 3 2 6 15
-14175.649229 3 5 6 15
-14297.656507 2 7 15
-14177.596371 3 1 7 15
-14211.656066 3 2 7 15
-14175.515839 3 5 7 15
-13132.71976 3 6 7 15
-14162.406843 2 8 15
-14032.655706 3 1 8 15
-14031.894187 3 2 8 15
-13625.314361 3 6 8 15
-13478.096386 3 7 8 15
-14435.124758 2 9 15
-14288.573504 3 1 9 15
-14332.975354 3 2 9 15
-13862.987889 3 6 9 15
-13639.865871 3 7 9 15
-13883.458708 3 8 9 15
-14626.443534 2 11 15
-14474.294545 3 1 11 15
-14544.775204 3 2 11 15
-14491.863866 3 5 11 15
-13097.798881 3 6 11 15
-13995.565185 3 7 11 15
-13931.300399 3 8 11 15
-14210.614327 3 9 11 15
-14256.577564 2 12 15
-14116.515075 3 1 12 15
-14143.65241 3 2 12 15
-13401.11752 3 7 12 15
-13584.638236 3 8 12 15
-13717.002454 3 9 12 15
-14102.183361 3 11 12 15
-14402.473242 2 13 15
-14095.491621 3 1 13 15
-14205.151502 3 2 13 15
-13993.610353 3 6 13 15
-13996.86898 3 7 13 15
-13852.035363 3 8 13 15
-14297.202267 3 9 13 15
-14254.128994 3 11 13 15
-14063.050372 3 12 13 15
-14760.325027 2 14 15
-14263.146729 3 6 14 15
-14229.597853 3 12 14 15
-14807.410982 1 16
-10720.608264 2 0 16
-14670.138675 2 1 16
-14690.976966 2 2 16
-14782.8413 2 3 16
-14382.187027 2 5 16
-14190.492382 3 1 5 16
-14282.209401 3 2 5 16
-14273.232495 2 6 16
-14208.537451 3 1 6 16
-14254.820447 3 2 6 16
-14064.42214 3 5 6 16
-14063.046679 2 7 16
-14025.373626 3 1 7 16
-14042.561514 3 2 7 16
-13832.804318 3 5 7 16
-12953.092949 3 6 7 16
-14254.42134 2 8 16
-14236.491667 3 2 8 16
-13892.287384 3 5 8 16
-13660.244992 3 6 8 16
-13324.964145 3 7 8 16
-14424.085381 2 9 16
-14375.74835 3 1 9 16
-14406.001845 3 2 9 16
-14220.853222 3 5 9 16
-13853.243024 3 6 9 16
-13427.861716 3 7 9 16
-13929.09554 3 8 9 16
-13030.382049 4 7 8 9 16
-14496.734162 2 11 16
-14450.411772 3 1 11 16
-14472.534148 3 2 11 16
-14182.890116 3 5 11 16
-13021.837496 3 6 11 16
-13685.419912 3 7 11 16
-13920.162063 3 8 11 16
-13259.857733 4 7 8 11 16
-14144.881139 3 9 11 16
-14305.926922 2 12 16
-14265.633822 3 2 12 16
-14058.789189 3 5 12 16
-13722.32689 3 6 12 16
-13392.060671 3 7 12 16
-13696.357537 3 9 12 16
-13989.440992 3 11 12 16
-14386.402407 2 13 16
-14201.87359 3 1 13 16
-14278.341319 3 2 13 16
-14299.387124 3 5 13 16
-13973.076454 3 6 13 16
-13796.397315 3 7 13 16
-13868.858178 3 8 13 16
-14272.763842 3 9 13 16
-14111.173255 3 11 13 16
-13631.078719 4 7 11 13 16
-14652.481208 2 14 16
-14579.581494 3 1 14 16
-14610.836107 3 2 14 16
-14373.582471 3 5 14 16
-14133.164331 3 6 14 16
-13968.788343 3 7 14 16
-14088.634125 3 8 14 16
-14406.314765 3 9 14 16
-14453.026167 3 11 14 16
-14360.177559 3 13 14 16
-14579.88141 2 15 16
-14449.489606 3 1 15 16
-14477.513216 3 2 15 16
-14209.389182 3 6 15 16
-13989.44487 3 7 15 16
-14094.426481 3 8 15 16
-14375.040761 3 9 15 16
-14323.043692 3 11 15 16
-14227.230034 3 12 15 16
-14291.736495 3 13 15 16
-14531.959799 3 14 15 16
11 429
-17651.577778 0
-11880.016687 1 0
-17631.131481 1 1
-11748.685032 2 0 1
-17538.751781 1 2
-11731.479645 2 0 2
-17618.052249 1 3
-11699.144961 2 0 3
-17641.388647 1 4
-17451.432526 1 5
-11794.905563 2 0 5
-17440.182013 2 1 5
-17331.458628 2 2 5
-17416.037873 2 3 5
-17429.777651 2 4 5
-16829.554067 1 6
-11288.808415 2 0 6
-16584.527033 2 1 6
-16704.879438 2 2 6
-16636.727756 2 3 6
-16662.425166 2 5 6
-16541.238928 3 1 5 6
-16627.163789 3 2 5 6
-16585.385179 3 3 5 6
-15313.157621 1 7
-11133.303529 2 0 7
-15228.391622 2 1 7
-15195.594617 2 2 7
-15224.318307 2 3 7
-15301.284868 2 4 7
-15146.368106 2 5 7
-15126.365946 3 2 5 7
-14756.219788 2 6 7
-14568.666669 3 1 6 7
-14647.444396 3 2 6 7
-14605.925855 3 3 6 7
-14696.916191 3 5 6 7
-17104.912027 1 8
-11435.879322 2 0 8
-17084.015212 2 1 8
-17021.920598 2 2 8
-17086.275888 2 3 8
-16939.481429 2 5 8
-16912.997196 3 2 5 8
-16112.668302 2 6 8
-15992.945621 3 1 6 8
-16066.77301 3 2 6 8
-16051.075007 3 3 6 8
-16063.204226 3 5 6 8
-14315.08568 2 7 8
-14304.626424 3 1 7 8
-14308.416131 3 2 7 8
-14263.280808 3 5 7 8
-13706.17767 3 6 7 8
-17593.627084 1 9
-11878.932574 2 0 9
-17497.01821 2 2 9
-17564.611321 2 3 9
-17587.919859 2 4 9
-17378.103793 2 5 9
-16740.699428 2 6 9
-16700.11028 3 2 6 9
-16618.197052 3 3 6 9
-16641.969831 3 5 6 9
-15206.726433 2 7 9
-15190.758573 3 1 7 9
-15173.629239 3 2 7 9
-15144.953257 3 3 7 9
-15132.695216 3 5 7 9
-14578.978572 3 6 7 9
-17020.895531 2 8 9
-16996.453389 3 2 8 9
-16916.639649 3 5 8 9
-16042.701648 3 6 8 9
-14300.213709 3 7 8 9
-17588.34339 1 10
-11329.446797 2 0 10
-17563.506004 2 1 10
-17466.314969 2 2 10
-17518.333237 2 3 10
-17562.478173 2 4 10
-17398.333304 2 5 10
-15577.493386 2 6 10
-15496.415036 3 1 6 10
-15555.199804 3 2 6 10
-15503.986417 3 3 6 10
-15498.776866 3 5 6 10
-14944.348015 2 7 10
-14846.891313 3 1 7 10
-14845.407435 3 2 7 10
-14843.66916 3 3 7 10
-14833.120594 3 5 7 10
-14067.965908 3 6 7 10
-16925.943208 2 8 10
-16876.644001 3 2 8 10
-16830.512099 3 5 8 10
-14877.874089 3 6 8 10
-13962.89865 3 7 8 10
-13356.768302 4 6 7 8 10
-17433.178967 2 9 10
-17398.016165 3 2 9 10
-17421.091836 3 3 9 10
-17320.54061 3 5 9 10
-15542.542045 3 6 9 10
-14739.45248 3 7 9 10
-16791.320057 3 8 9 10
-17418.548006 1 12
-11642.18257 2 0 12
-17374.703168 2 1 12
-17297.76817 2 2 12
-17331.580617 2 3 12
-17401.010174 2 4 12
-17175.768034 2 5 12
-17125.477392 3 2 5 12
-16399.343056 2 6 12
-16214.542106 3 1 6 12
-16367.949889 3 2 6 12
-16259.345551 3 3 6 12
-16293.945209 3 5 6 12
-14676.441772 2 7 12
-14642.329378 3 1 7 12
-14632.697447 3 2 7 12
-14612.956902 3 3 7 12
-14547.663622 3 5 7 12
-14125.181716 3 6 7 12
-16977.777252 2 8 12
-16936.3809 3 2 8 12
-16855.321353 3 5 8 12
-15905.210485 3 6 8 12
-13755.763577 3 7 8 12
-13487.623476 4 6 7 8 12
-17287.219543 2 9 12
-17252.634197 3 2 9 12
-17263.394645 3 3 9 12
-17100.92835 3 5 9 12
-16307.570167 3 6 9 12
-14520.433036 3 7 9 12
-16885.521109 3 8 9 12
-17228.145209 2 10 12
-17210.085912 3 1 10 12
-17144.962971 3 2 10 12
-17147.068024 3 3 10 12
-17089.661821 3 5 10 12
-15238.647908 3 6 10 12
-14388.154157 3 7 10 12
-13998.161724 4 6 7 10 12
-16702.412347 3 8 10 12
-13691.457098 4 7 8 10 12
-17047.623141 3 9 10 12
-17396.240698 1 13
-17270.466003 2 1 13
-17225.760517 2 2 13
-17284.193222 2 3 13
-17394.470427 2 4 13
-17312.501732 2 5 13
-17269.76594 3 1 5 13
-17222.912449 3 2 5 13
-17283.337553 3 3 5 13
-16525.941933 2 6 13
-16315.958473 3 1 6 13
-16440.980553 3 2 6 13
-16371.72453 3 3 6 13
-15115.763871 2 7 13
-15029.008017 3 1 7 13
-15049.117872 3 2 7 13
-15043.721997 3 3 7 13
-14559.144287 3 6 7 13
-16758.18839 2 8 13
-16739.751504 3 1 8 13
-16699.038372 3 2 8 13
-15801.665618 3 6 8 13
-14137.022006 3 7 8 13
-17284.898559 2 9 13
-17220.534584 3 2 9 13
-17271.354958 3 5 9 13
-16484.159423 3 6 9 13
-15093.85283 3 7 9 13
-16711.729793 3 8 9 13
-17276.548376 2 10 13
-17264.517118 3 1 10 13
-17201.549206 3 2 10 13
-17248.084445 3 3 10 13
-15325.842135 3 6 10 13
-14683.262174 3 7 10 13
-16619.104338 3 8 10 13
-14875.263787 4 6 8 10 13
-13938.428733 4 7 8 10 13
-17175.59596 3 9 10 13
-17092.326107 2 12 13
-17032.261308 3 1 12 13
-16992.727286 3 2 12 13
-17035.735816 3 3 12 13
-17056.467011 3 5 12 13
-16082.523324 3 6 12 13
-14440.874863 3 7 12 13
-16652.163551 3 8 12 13
-17000.780411 3 9 12 13
-16899.253822 3 10 12 13
-14354.906604 4 7 10 12 13
-16753.039286 1 14
-16620.669303 2 1 14
-16570.303801 2 2 14
-16617.95412 2 3 14
-16712.370948 2 4 14
-16532.505515 2 5 14
-16477.182849 3 1 5 14
-16424.443437 3 2 5 14
-16509.083625 3 3 5 14
-16047.40744 2 6 14
-15788.000246 3 1 6 14
-15929.237035 3 2 6 14
-15829.81137 3 3 6 14
-15914.225916 3 5 6 14
-14799.29838 2 7 14
-14677.737409 3 1 7 14
-14674.58255 3 2 7 14
-14649.882559 3 3 7 14
-14651.014653 3 5 7 14
-14334.964115 3 6 7 14
-16168.725168 2 8 14
-16126.902272 3 1 8 14
-16120.06179 3 2 8 14
-16164.441735 3 3 8 14
-16081.148794 3 5 8 14
-15384.269482 3 6 8 14
-13922.934294 3 7 8 14
-13644.50655 4 6 7 8 14
-16650.493522 2 9 14
-16547.17788 3 2 9 14
-16594.967892 3 3 9 14
-16515.463461 3 5 9 14
-15956.182942 3 6 9 14
-14772.666947 3 7 9 14
-16122.306251 3 8 9 14
-16669.517022 2 10 14
-16603.508559 3 1 10 14
-16551.046964 3 2 10 14
-16559.967164 3 3 10 14
-16514.231741 3 5 10 14
-14940.060888 3 6 10 14
-14453.826368 3 7 10 14
-13944.892466 4 6 7 10 14
-16054.069906 3 8 10 14
-14582.996452 4 6 8 10 14
-13843.598305 4 7 8 10 14
-16477.354763 3 9 10 14
-16420.741884 2 12 14
-16385.208874 3 1 12 14
-16348.48884 3 2 12 14
-16301.860593 3 3 12 14
-16204.770757 3 5 12 14
-15581.496183 3 6 12 14
-14144.44722 3 7 12 14
-13956.449306 4 6 7 12 14
-16006.108604 3 8 12 14
-15381.708505 4 6 8 12 14
-13544.150762 4 7 8 12 14
-16239.460614 3 9 12 14
-16312.189084 3 10 12 14
-14870.863632 4 6 10 12 14
-14125.672869 4 7 10 12 14
-16357.337426 2 13 14
-16230.460319 3 1 13 14
-16238.365813 3 2 13 14
-16292.594487 3 3 13 14
-16354.566611 3 5 13 14
-15675.64228 3 6 13 14
-14582.447202 3 7 13 14
-15811.155662 3 8 13 14
-15283.096132 4 6 8 13 14
-16326.333551 3 9 13 14
-16234.588446 3 10 13 14
-14835.626854 4 6 10 13 14
-14427.739446 4 7 10 13 14
-15955.614913 3 12 13 14
-15395.085198 4 6 12 13 14
-14120.753207 4 7 12 13 14
-17207.027792 1 15
-11633.149307 2 0 15
-17135.674178 2 1 15
-17060.603752 2 2 15
-17201.559787 2 3 15
-17175.32249 2 4 15
-17159.932377 2 5 15
-16448.608864 2 6 15
-16273.997017 3 1 6 15
-16375.057778 3 2 6 15
-16384.60938 3 3 6 15
-14924.694732 2 7 15
-14894.481014 3 1 7 15
-14867.900002 3 2 7 15
-14453.120188 3 6 7 15
-16723.885664 2 8 15
-16685.80907 3 1 8 15
-16630.537501 3 2 8 15
-15878.573709 3 6 8 15
-14073.653148 3 7 8 15
-17200.309515 2 9 15
-16401.680977 3 6 9 15
-17072.282394 2 10 15
-17039.080952 3 2 10 15
-15243.743915 3 6 10 15
-14622.60341 3 7 10 15
-16492.779219 3 8 10 15
-16975.799084 3 9 10 15
-16899.675268 2 12 15
-16898.762883 3 1 12 15
-16820.390673 3 2 12 15
-16030.263634 3 6 12 15
-14300.92621 3 7 12 15
-14092.299324 4 6 7 12 15
-16603.813034 3 8 12 15
-16867.669806 3 9 12 15
-16745.281065 3 10 12 15
-15142.793113 4 6 10 12 15
-16931.178277 2 13 15
-16859.898093 3 1 13 15
-16816.891803 3 2 13 15
-16922.803065 3 3 13 15
-16192.491381 3 6 13 15
-14792.2562 3 7 13 15
-16458.350232 3 8 13 15
-16782.834029 3 10 13 15
-16454.296311 4 8 10 13 15
-16598.907183 3 12 13 15
-15981.499456 4 6 12 13 15
-16383.629537 2 14 15
-16286.216511 3 1 14 15
-16229.673286 3 2 14 15
-16373.27913 3 3 14 15
-15794.106679 3 6 14 15
-14500.115561 3 7 14 15
-15943.694757 3 8 14 15
-16287.025935 3 10 14 15
-14452.818117 4 7 10 14 15
-16042.042314 3 12 14 15
-15553.178245 4 6 12 14 15
-14090.928302 4 7 12 14 15
-16042.90141 3 13 14 15
-15835.778475 4 12 13 14 15
-17285.77969 1 16
-11444.154923 2 0 16
-17259.902262 2 1 16
-17186.995399 2 2 16
-17275.236052 2 3 16
-17105.556531 2 5 16
-17077.939164 3 2 5 16
-16488.86097 2 6 16
-16379.450625 3 1 6 16
-16476.659737 3 2 6 16
-16450.028418 3 3 6 16
-16453.6353 3 5 6 16
-14853.747463 2 7 16
-14831.961897 3 1 7 16
-14831.036043 3 2 7 16
-14848.114121 3 3 7 16
-14759.017405 3 5 7 16
-14291.412703 3 6 7 16
-16748.40861 2 8 16
-16746.115576 3 2 8 16
-16667.524331 3 5 8 16
-15943.617939 3 6 8 16
-14037.794198 3 7 8 16
-17152.314683 2 9 16
-17138.610725 3 2 9 16
-17071.262935 3 5 9 16
-16394.094853 3 6 9 16
-14653.625675 3 7 9 16
-16621.167492 3 8 9 16
-16975.10287 2 10 16
-16968.552581 3 2 10 16
-16906.25962 3 5 10 16
-15237.465972 3 6 10 16
-14476.120695 3 7 10 16
-13969.757148 4 6 7 10 16
-16414.149333 3 8 10 16
-16873.110441 3 9 10 16
-16924.62293 2 12 16
-16918.158423 3 2 12 16
-16777.612332 3 5 12 16
-16007.973574 3 6 12 16
-14222.700433 3 7 12 16
-13949.234148 4 6 7 12 16
-16567.910869 3 8 12 16
-16818.080673 3 9 12 16
-16608.137 3 10 12 16
-15093.10117 4 6 10 12 16
-14177.601656 4 7 10 12 16
-17059.248966 2 13 16
-16987.804684 3 1 13 16
-16968.602119 3 2 13 16
-17030.167086 3 3 13 16
-17054.783084 3 5 13 16
-16313.391406 3 6 13 16
-14727.350259 3 7 13 16
-16504.543353 3 8 13 16
-16976.350619 3 9 13 16
-16784.019814 3 10 13 16
-16692.865579 3 12 13 16
-16434.11211 2 14 16
-16357.616583 3 1 14 16
-16331.366709 3 2 14 16
-16373.154647 3 3 14 16
-16319.491126 3 5 14 16
-15802.863343 3 6 14 16
-14455.126621 3 7 14 16
-14215.031637 4 6 7 14 16
-15947.448749 3 8 14 16
-16290.442944 3 9 14 16
-16234.65707 3 10 14 16
-14328.851584 4 7 10 14 16
-16091.32139 3 12 14 16
-15561.487202 4 6 12 14 16
-14060.489098 4 7 12 14 16
-16071.96948 3 13 14 16
-15931.966355 4 12 13 14 16
-16841.615034 2 15 16
-16835.505033 3 1 15 16
-16771.938242 3 2 15 16
-16189.823646 3 6 15 16
-14592.255705 3 7 15 16
-16381.404147 3 8 15 16
-16584.777317 3 10 15 16
-16299.374722 4 8 10 15 16
-16472.98903 3 12 15 16
-16453.851887 4 10 12 15 16
-16660.618836 3 13 15 16
-16149.754321 3 14 15 16
-16017.113377 4 12 14 15 16
12 251
-13446.625235 0
-8163.513345 1 0
-8152.202851 2 0 1
-13441.566595 1 2
-13442.234757 1 3
-13420.172826 2 2 3
-13433.831896 1 4
-13424.084944 2 3 4
-13360.375971 1 5
-13357.08886 2 1 5
-13350.993877 2 2 5
-13325.564831 2 4 5
-12611.852912 1 6
-7657.639422 2 0 6
-12537.443039 2 1 6
-12527.060503 2 2 6
-12494.195346 2 3 6
-12598.040893 2 4 6
-12569.344511 2 5 6
-12854.174946 1 7
-12804.989598 2 5 7
-11797.068904 2 6 7
-11762.726759 3 1 6 7
-11775.117565 3 2 6 7
-11749.664239 3 3 6 7
-12919.758543 1 8
-7941.056296 2 0 8
-12915.336015 2 1 8
-12849.714381 2 5 8
-11909.327583 2 6 8
-11880.559576 3 2 6 8
-12242.791134 2 7 8
-11139.598703 3 6 7 8
-13258.280364 1 9
-13212.852974 2 5 9
-12362.093094 2 6 9
-12349.395518 3 1 6 9
-12336.310918 3 2 6 9
-12322.050818 3 3 6 9
-12584.176086 2 7 9
-11686.372645 3 6 7 9
-12677.042822 2 8 9
-11675.093165 3 6 8 9
-11870.818312 3 7 8 9
-12872.651297 1 10
-7599.20088 2 0 10
-12860.170182 2 3 10
-12870.099939 2 4 10
-12846.994047 2 5 10
-11925.168975 2 6 10
-11900.357305 3 1 6 10
-11866.422835 3 3 6 10
-11903.780869 2 7 10
-10944.097521 3 6 7 10
-12186.925673 2 8 10
-11299.505081 3 6 8 10
-11272.929538 3 7 8 10
-10608.408256 4 6 7 8 10
-12449.29719 2 9 10
-11405.52359 3 6 9 10
-11460.696261 3 7 9 10
-10894.479184 4 6 7 9 10
-11812.721386 3 8 9 10
-11023.618595 4 6 8 9 10
-11070.077061 4 7 8 9 10
-13213.595462 1 11
-7925.679228 2 0 11
-13191.022249 2 1 11
-13200.582985 2 2 11
-13155.763125 2 3 11
-13193.453424 2 4 11
-13084.711479 2 5 11
-12181.641901 2 6 11
-12167.458111 3 1 6 11
-12116.81314 3 3 6 11
-12217.459096 2 7 11
-12206.285115 3 5 7 11
-11166.030831 3 6 7 11
-12792.623768 2 8 11
-12765.554306 3 5 8 11
-11701.869766 3 6 8 11
-11683.469031 3 7 8 11
-10921.044509 4 6 7 8 11
-12951.872823 2 9 11
-12935.677531 3 5 9 11
-11928.963833 3 6 9 11
-11897.88269 3 7 9 11
-12541.6684 3 8 9 11
-11663.28285 4 6 8 9 11
-11512.19206 4 7 8 9 11
-12512.453115 2 10 11
-12488.904969 3 3 10 11
-11586.323497 3 6 10 11
-11347.587011 3 7 10 11
-10874.293336 4 6 7 10 11
-11963.394812 3 8 10 11
-11001.487985 4 7 8 10 11
-12063.741364 3 9 10 11
-11358.929117 4 6 9 10 11
-11248.568059 4 7 9 10 11
-13203.432085 1 13
-13184.887312 2 1 13
-13186.829804 2 2 13
-12361.414422 2 6 13
-12360.042336 3 2 6 13
-12622.113679 2 7 13
-11653.177936 3 6 7 13
-12735.520519 2 8 13
-11839.020618 3 6 8 13
-12135.921261 3 7 8 13
-13069.923458 2 9 13
-12222.333065 3 6 9 13
-12506.930581 3 7 9 13
-12612.210449 3 8 9 13
-12729.426118 2 10 13
-11789.896513 3 6 10 13
-11849.513579 3 7 10 13
-12174.453357 3 8 10 13
-12444.551342 3 9 10 13
-12899.517493 2 11 13
-11917.995813 3 6 11 13
-11947.224672 3 7 11 13
-12629.49568 3 8 11 13
-12785.805309 3 9 11 13
-12352.131565 3 10 11 13
-13357.251803 1 14
-13344.219624 2 1 14
-13326.013375 2 2 14
-13354.496565 2 4 14
-13291.624937 2 5 14
-12517.213941 2 6 14
-12489.956025 3 1 6 14
-12463.447029 3 2 6 14
-12481.739016 3 3 6 14
-12840.43436 2 7 14
-12855.05925 2 8 14
-13144.151719 2 9 14
-12289.202367 3 6 9 14
-12592.939613 3 8 9 14
-12688.779742 2 10 14
-11753.646378 3 6 10 14
-12096.609897 3 8 10 14
-12334.610729 3 9 10 14
-13024.954401 2 11 14
-12963.890178 3 5 11 14
-12051.302684 3 6 11 14
-12185.583201 3 7 11 14
-12692.442686 3 8 11 14
-12733.118811 3 9 11 14
-12331.451805 3 10 11 14
-13121.670092 2 13 14
-13040.491312 3 9 13 14
-12678.187013 3 10 13 14
-12719.947579 3 11 13 14
-13311.783565 1 15
-8029.835285 2 0 15
-13309.249025 2 2 15
-13301.080094 2 4 15
-13306.10025 2 5 15
-12432.220653 2 6 15
-12402.946453 3 1 6 15
-12408.717929 3 2 6 15
-12353.92837 3 3 6 15
-12800.798189 2 7 15
-11761.862375 3 6 7 15
-12718.737246 2 8 15
-11764.757661 3 6 8 15
-12138.613121 3 7 8 15
-13151.767253 2 9 15
-12231.126617 3 6 9 15
-12537.376005 3 8 9 15
-12807.172197 2 10 15
-11897.309352 3 6 10 15
-12140.968639 3 8 10 15
-12433.644949 3 9 10 15
-13004.431041 2 11 15
-12013.875423 3 6 11 15
-12177.029667 3 7 11 15
-12598.664616 3 8 11 15
-12819.127543 3 9 11 15
-12480.170868 3 10 11 15
-13116.287603 2 13 15
-12295.03473 3 6 13 15
-12649.421858 3 8 13 15
-12784.016509 3 11 13 15
-13261.230288 2 14 15
-12919.643064 3 11 14 15
-13052.493274 1 16
-7893.046636 2 0 16
-13022.554414 2 2 16
-13012.897501 2 3 16
-13038.710306 2 4 16
-12912.801143 2 5 16
-12285.624804 2 6 16
-12264.312912 3 2 6 16
-12197.734559 3 3 6 16
-12508.364812 2 7 16
-11497.301157 3 6 7 16
-12534.041032 2 8 16
-12501.694768 3 5 8 16
-11615.152352 3 6 8 16
-11842.981726 3 7 8 16
-11031.814829 4 6 7 8 16
-12747.376717 2 9 16
-12741.553183 3 5 9 16
-11927.306317 3 6 9 16
-12234.69372 3 7 9 16
-12241.319951 3 8 9 16
-11502.279931 4 6 8 9 16
-11737.886166 4 7 8 9 16
-12551.009214 2 10 16
-11734.719199 3 6 10 16
-11837.378803 3 7 10 16
-11957.55301 3 8 10 16
-12019.648874 3 9 10 16
-11302.731334 4 6 9 10 16
-11733.753574 4 8 9 10 16
-12691.336514 2 11 16
-12584.856943 3 5 11 16
-11804.737408 3 6 11 16
-11877.317782 3 7 11 16
-11155.122602 4 6 7 11 16
-12353.543291 3 8 11 16
-11594.976796 4 6 8 11 16
-11654.732261 4 7 8 11 16
-12413.142707 3 9 11 16
-11684.495751 4 6 9 11 16
-12184.043344 3 10 11 16
-11920.164883 4 9 10 11 16
-12808.346486 2 13 16
-12117.47404 3 6 13 16
-12380.890484 3 7 13 16
-12420.01518 3 8 13 16
-12639.522871 3 9 13 16
-12514.940399 3 10 13 16
-12441.963099 3 11 13 16
-12948.252124 2 14 16
-12930.91909 3 2 14 16
-12182.302336 3 6 14 16
-12467.036955 3 7 14 16
-12513.181588 3 8 14 16
-12541.157852 3 10 14 16
-12605.461404 3 11 14 16
-12869.753473 2 15 16
-12031.034679 3 6 15 16
-12505.881058 3 7 15 16
-12378.732344 3 8 15 16
-12682.057856 3 9 15 16
-12517.102097 3 10 15 16
-12501.127469 3 11 15 16
-12773.728186 3 13 15 16
13 241
-9243.004212 0
-5746.549661 1 0
-8715.882756 1 1
-9025.244595 1 2
-5676.286961 2 0 2
-8691.35637 2 1 2
-8138.813979 1 3
-5466.464064 2 0 3
-8133.595557 2 1 3
-9017.503436 1 4
-5681.756761 2 0 4
-8676.588101 2 1 4
-9009.202818 2 2 4
-7888.000836 1 5
-4807.227381 2 0 5
-7660.976404 2 1 5
-7877.121714 2 2 5
-7548.921643 2 3 5
-9220.204086 1 6
-8674.835761 2 1 6
-8126.348464 2 3 6
-9158.470688 1 7
-8653.211787 2 1 7
-8918.805585 2 2 7
-8096.110241 2 3 7
-8944.510635 2 4 7
-7869.024484 2 5 7
-9155.391782 2 6 7
-9088.05999 1 8
-8579.573917 2 1 8
-8873.218947 2 2 8
-7941.8067 2 3 8
-8880.71498 2 4 8
-7692.851346 2 5 8
-7538.30424 3 1 5 8
-7406.431982 3 3 5 8
-9014.538893 2 6 8
-8578.61507 3 1 6 8
-8983.461986 2 7 8
-8572.777327 3 1 7 8
-8791.601944 3 2 7 8
-8847.954151 3 4 7 8
-8388.929907 1 9
-7855.679306 2 1 9
-8124.589981 2 2 9
-7224.279317 2 3 9
-8144.592704 2 4 9
-7274.572626 2 5 9
-7117.492421 3 1 5 9
-6945.661166 3 3 5 9
-8229.632187 2 7 9
-7780.475289 3 1 7 9
-8004.976305 3 2 7 9
-7176.543871 3 3 7 9
-8064.54598 3 4 7 9
-8311.952272 2 8 9
-7202.403947 3 3 8 9
-7240.50183 3 5 8 9
-8212.38244 3 7 8 9
-8851.932349 1 10
-8183.396337 2 1 10
-8562.156965 2 2 10
-7699.006783 2 3 10
-8646.403977 2 4 10
-7702.783973 2 5 10
-7463.55447 3 1 5 10
-7373.978037 3 3 5 10
-8849.248318 2 6 10
-8793.074552 2 7 10
-8641.284815 2 8 10
-8064.936425 3 1 8 10
-8408.224908 3 2 8 10
-7548.082403 3 3 8 10
-8504.413561 3 4 8 10
-7576.635679 3 5 8 10
-8616.484091 3 7 8 10
-8146.135413 2 9 10
-7561.379352 3 1 9 10
-7885.412821 3 2 9 10
-7035.964572 3 3 9 10
-7995.871723 3 4 9 10
-7262.199423 3 5 9 10
-8129.234549 3 8 9 10
-8987.667133 1 11
-8355.217278 2 1 11
-8712.253331 2 2 11
-7804.954952 2 3 11
-8770.585216 2 4 11
-7749.070041 2 5 11
-7490.560332 3 1 5 11
-7416.221324 3 3 5 11
-8916.591952 2 6 11
-8961.076937 2 7 11
-8741.336353 2 8 11
-8235.310208 3 1 8 11
-8550.33672 3 2 8 11
-7644.733292 3 3 8 11
-8616.352338 3 4 8 11
-7558.97908 3 5 8 11
-8703.536209 3 6 8 11
-8080.201383 2 9 11
-7530.110913 3 1 9 11
-7848.106355 3 2 9 11
-6946.477371 3 3 9 11
-7933.167228 3 4 9 11
-7167.823791 3 5 9 11
-8002.786534 3 8 9 11
-8540.137334 2 10 11
-7884.407451 3 1 10 11
-8297.391203 3 2 10 11
-7428.757991 3 3 10 11
-8444.161885 3 4 10 11
-7582.674446 3 5 10 11
-8531.98871 3 7 10 11
-8334.445945 3 8 10 11
-7888.552406 3 9 10 11
-8999.811063 1 12
-8453.319507 2 1 12
-8770.507803 2 2 12
-7921.506526 2 3 12
-8787.605511 2 4 12
-7744.133083 2 5 12
-7585.294536 3 1 5 12
-7498.75674 3 3 5 12
-8969.765596 2 6 12
-8926.409421 2 7 12
-8753.630161 3 2 7 12
-8903.821965 2 8 12
-8763.459907 3 2 8 12
-7862.071404 3 3 8 12
-7683.818511 3 5 8 12
-8876.592113 3 7 8 12
-8200.573001 2 9 12
-7709.987438 3 1 9 12
-8012.533843 3 2 9 12
-7136.314162 3 3 9 12
-8055.81642 3 4 9 12
-7257.255611 3 5 9 12
-8152.386682 3 7 9 12
-8708.70717 2 10 12
-8140.080008 3 1 10 12
-8497.389557 3 2 10 12
-7686.528763 3 3 10 12
-8601.548111 3 4 10 12
-7687.441217 3 5 10 12
-8628.812498 3 8 10 12
-8141.389565 3 9 10 12
-8673.589163 2 11 12
-8110.877647 3 1 11 12
-8465.466919 3 2 11 12
-7625.661724 3 3 11 12
-8554.661396 3 4 11 12
-7624.832061 3 5 11 12
-8652.945864 3 6 11 12
-8578.208265 3 8 11 12
-7914.133868 3 9 11 12
-8379.815783 3 10 11 12
-8743.427061 1 14
-8328.65536 2 1 14
-8533.215582 2 2 14
-7725.362728 2 3 14
-8482.628652 2 4 14
-8327.419733 3 1 4 14
-7441.417187 2 5 14
-7370.149725 3 1 5 14
-7233.632575 3 3 5 14
-8691.565127 2 6 14
-8535.803157 2 7 14
-8226.408424 3 1 7 14
-8387.485341 3 2 7 14
-7655.222634 3 3 7 14
-8381.278811 3 4 7 14
-7413.380148 3 5 7 14
-8559.615662 2 8 14
-8228.640753 3 1 8 14
-8432.366392 3 2 8 14
-7561.819755 3 3 8 14
-8407.831133 3 4 8 14
-7268.435884 3 5 8 14
-8423.182504 3 7 8 14
-8022.07216 2 9 14
-7668.27924 3 1 9 14
-7856.263617 3 2 9 14
-7032.03312 3 3 9 14
-7838.098075 3 4 9 14
-7029.734652 3 5 9 14
-7783.46446 3 7 9 14
-7990.375476 3 8 9 14
-8366.876669 2 10 14
-7903.143515 3 1 10 14
-8166.538274 3 2 10 14
-7376.187033 3 3 10 14
-8204.618527 3 4 10 14
-7334.074754 3 5 10 14
-8328.864605 3 7 10 14
-8200.936898 3 8 10 14
-7885.562877 3 9 10 14
-8347.725201 2 11 14
-7938.446376 3 1 11 14
-8201.277595 3 2 11 14
-7400.003095 3 3 11 14
-8194.938107 3 4 11 14
-7263.478282 3 5 11 14
-8319.799968 3 6 11 14
-8318.95198 3 7 11 14
-8202.046157 3 8 11 14
-7697.91219 3 9 11 14
-7931.948093 3 10 11 14
-7785.581388 4 1 10 11 14
-7314.391927 4 3 10 11 14
-8507.84535 2 12 14
-8152.917544 3 1 12 14
-8361.69163 3 2 12 14
-7591.997237 3 3 12 14
-8341.258282 3 4 12 14
-7370.375962 3 5 12 14
-8426.925908 3 7 12 14
-8450.06486 3 8 12 14
-7918.411753 3 9 12 14
-8356.283939 3 10 12 14
-8042.718379 3 11 12 14
-9232.616647 1 15
-5536.295695 2 0 15
-7814.853398 2 5 15
-9083.711038 2 8 15
-7701.453395 3 5 10 15
-8956.767132 2 11 15
-7660.27277 3 5 11 15
-8736.157219 2 14 15
-9222.783592 1 16
-9132.718346 2 6 16
-9120.442934 2 7 16
-9080.190178 2 8 16
-8369.678736 2 9 16
-8801.775018 2 10 16
-8978.636805 2 12 16
-8964.567582 3 6 12 16
-8699.155856 2 14 16
-8653.728109 3 6 14 16
-8337.013226 3 11 14 16
-9152.661886 2 15 16
14 195
-8735.40046 0
-5688.860201 1 0
-8583.001523 1 1
-8709.460956 1 2
-8615.624199 1 3
-8580.774843 2 1 3
-8688.180098 1 5
-8529.028352 1 6
-8397.963768 2 1 6
-8526.385314 2 2 6
-8426.579161 2 3 6
-8483.544392 2 5 6
-7622.476286 1 7
-5680.144771 2 0 7
-7488.291723 2 1 7
-7592.189812 2 2 7
-7483.739363 2 3 7
-7539.438568 2 5 7
-7548.338224 2 6 7
-8412.90758 1 8
-8263.311272 2 1 8
-8341.452229 2 2 8
-8268.297329 2 3 8
-8388.624983 2 4 8
-8376.607853 2 5 8
-8223.529562 2 6 8
-8148.581319 3 1 6 8
-8163.301354 3 3 6 8
-7430.925963 2 7 8
-7382.031534 3 1 7 8
-7360.453534 3 3 7 8
-8588.265937 1 9
-8473.77738 2 1 9
-8576.59293 2 2 9
-8471.478424 2 3 9
-8565.676274 2 5 9
-8422.146427 2 6 9
-8392.694798 3 1 6 9
-8389.099844 3 3 6 9
-7485.18389 2 7 9
-7458.919699 3 1 7 9
-7425.69412 3 3 7 9
-8286.955579 2 8 9
-8258.576523 3 1 8 9
-8235.250751 3 3 8 9
-8199.38204 3 6 8 9
-7395.485429 3 7 8 9
-8709.38274 1 10
-8572.120917 2 1 10
-8685.159109 2 2 10
-8587.395781 2 3 10
-8406.6956 2 6 10
-8344.326813 3 1 6 10
-8378.894223 3 3 6 10
-7556.232061 2 7 10
-8351.621008 2 8 10
-8065.842584 3 6 8 10
-7350.283753 3 7 8 10
-8563.135349 2 9 10
-8373.398926 3 6 9 10
-7836.861968 1 11
-7572.539345 2 1 11
-7741.012976 2 2 11
-7615.526069 2 3 11
-7810.980906 2 4 11
-7769.253087 2 5 11
-7746.881724 2 6 11
-7735.345142 3 5 6 11
-7108.617044 2 7 11
-6937.63751 3 1 7 11
-7071.177745 3 2 7 11
-6909.303615 3 3 7 11
-7044.085115 3 5 7 11
-7476.720721 2 8 11
-7306.198332 3 1 8 11
-7439.593421 3 2 8 11
-7346.463176 3 3 8 11
-7038.774577 3 7 8 11
-7645.132375 2 9 11
-7494.310166 3 1 9 11
-7626.7526 3 2 9 11
-7501.834996 3 3 9 11
-7637.629941 3 6 9 11
-7051.124405 3 7 9 11
-7388.366299 3 8 9 11
-7790.556371 2 10 11
-7065.710413 3 7 10 11
-7607.311145 3 9 10 11
-8646.027029 1 12
-8479.770585 2 1 12
-8593.907736 2 2 12
-8539.905199 2 3 12
-8619.429063 2 5 12
-8434.389381 2 6 12
-8350.476754 3 1 6 12
-8414.122831 3 3 6 12
-7608.7357 2 7 12
-8348.208287 2 8 12
-8474.137292 2 9 12
-8408.805933 3 1 9 12
-8440.799622 3 3 9 12
-8349.2557 3 6 9 12
-8202.85237 3 8 9 12
-8525.511185 2 10 12
-8448.186445 3 1 10 12
-8503.378077 3 3 10 12
-8235.173004 3 6 10 12
-8261.305231 3 8 10 12
-8448.448888 3 9 10 12
-7648.220907 2 11 12
-7490.276291 3 1 11 12
-7644.628406 3 2 11 12
-7510.185175 3 3 11 12
-7616.542507 3 6 11 12
-7076.741149 3 7 11 12
-7376.539639 3 8 11 12
-7426.378363 3 9 11 12
-7609.555061 3 10 11 12
-8235.823309 1 13
-8195.774127 2 1 13
-8217.431944 2 2 13
-8202.172948 2 3 13
-8205.123821 2 4 13
-8000.389393 2 6 13
-6999.808755 2 7 13
-7884.463253 2 8 13
-7785.681742 3 6 8 13
-6870.646481 3 7 8 13
-8221.40819 2 9 13
-8224.32706 2 10 13
-7961.89971 3 6 10 13
-7196.920036 2 11 13
-7155.768443 3 1 11 13
-7150.08974 3 6 11 13
-6466.492087 3 7 11 13
-6937.430525 3 8 11 13
-7182.36713 3 10 11 13
-8154.061316 2 12 13
-7017.350122 3 11 12 13
-8691.505648 1 15
-8541.887355 2 1 15
-8676.439189 2 2 15
-8561.193465 2 3 15
-8581.881026 2 5 15
-8524.872737 2 6 15
-8392.238354 2 8 15
-8550.594094 2 9 15
-8690.641743 2 10 15
-8640.952371 2 12 15
-8195.04622 2 13 15
-8533.72066 1 16
-8433.348352 2 1 16
-8506.790668 2 2 16
-8414.013923 2 3 16
-8454.735064 2 5 16
-8412.741645 2 6 16
-8396.064543 3 3 6 16
-7550.942531 2 7 16
-8278.4505 2 8 16
-8251.209068 3 1 8 16
-8227.927386 3 3 8 16
-8318.188147 2 9 16
-8286.877416 3 3 9 16
-8273.171605 3 6 9 16
-8150.342859 3 8 9 16
-8378.790887 2 10 16
-8342.791171 3 1 10 16
-8341.915073 3 3 10 16
-8272.67348 3 6 10 16
-7456.684195 3 7 10 16
-8112.663285 3 8 10 16
-8300.417532 3 9 10 16
-7682.053081 2 11 16
-7531.062674 3 1 11 16
-7651.161977 3 2 11 16
-7511.932518 3 3 11 16
-7668.669658 3 5 11 16
-7456.316408 3 9 11 16
-7638.345086 3 10 11 16
-8429.47951 2 12 16
-8339.021457 3 1 12 16
-8415.155344 3 2 12 16
-8397.89222 3 3 12 16
-8309.419176 3 6 12 16
-7509.614674 3 7 12 16
-8257.591056 3 8 12 16
-8368.939525 3 10 12 16
-7596.177971 3 11 12 16
-8010.092924 2 13 16
-7933.751407 3 6 13 16
-6997.456343 3 7 13 16
-7806.341927 3 8 13 16
-7983.868076 3 10 13 16
-7022.813438 3 11 13 16
-8487.502745 2 15 16
15 314
-11535.791451 0
-9070.028375 1 0
-11425.533303 1 1
-8926.67496 2 0 1
-11233.161002 1 2
-8795.083996 2 0 2
-11343.657532 1 3
-8766.625323 2 0 3
-11330.690867 2 1 3
-11203.200338 2 2 3
-10998.376887 1 4
-8760.411667 2 0 4
-10949.957 2 2 4
-10578.327341 1 5
-7948.208635 2 0 5
-10568.072071 2 1 5
-10501.856013 2 2 5
-10569.68451 2 3 5
-10410.628491 2 4 5
-11185.342101 1 6
-9017.789864 2 0 6
-11035.59245 2 1 6
-10862.177243 2 2 6
-10988.781765 2 3 6
-10653.749673 2 4 6
-10375.925419 2 5 6
-10375.203363 3 2 5 6
-10297.273259 3 4 5 6
-11178.815841 1 7
-8913.05344 2 0 7
-11025.78522 2 1 7
-10875.306631 2 2 7
-10975.463135 2 3 7
-10654.294345 2 4 7
-10344.383233 2 5 7
-10329.697313 3 2 5 7
-10256.168238 3 4 5 7
-10992.878739 2 6 7
-10894.135221 3 1 6 7
-10757.895109 3 2 6 7
-10849.490802 3 3 6 7
-10551.898428 3 4 6 7
-10315.490711 3 5 6 7
-11298.554513 1 8
-8575.356554 2 0 8
-11225.223231 2 1 8
-11026.366177 2 2 8
-11157.73491 2 3 8
-10793.523415 2 4 8
-10413.016243 2 5 8
-10355.561596 3 4 5 8
-10910.280389 2 6 8
-10884.830891 3 1 6 8
-10690.870187 3 2 6 8
-10851.015645 3 3 6 8
-10484.867153 3 4 6 8
-10252.201456 3 5 6 8
-10934.718956 2 7 8
-10898.17042 3 1 7 8
-10738.385437 3 2 7 8
-10860.963706 3 3 7 8
-10511.816602 3 4 7 8
-10242.063961 3 5 7 8
-10776.146435 3 6 7 8
-11262.148057 1 9
-8851.667932 2 0 9
-11129.865062 2 1 9
-10936.120306 2 2 9
-10935.364918 2 3 9
-10889.518968 3 2 3 9
-10750.646157 2 4 9
-10202.065215 2 5 9
-10169.485154 3 4 5 9
-10899.791549 2 6 9
-10819.982994 3 1 6 9
-10634.061611 3 2 6 9
-10665.875985 3 3 6 9
-10472.569725 3 4 6 9
-10073.629317 3 5 6 9
-10939.688243 2 7 9
-10817.961633 3 1 7 9
-10672.089536 3 2 7 9
-10675.300947 3 3 7 9
-10524.274257 3 4 7 9
-10105.43712 3 5 7 9
-10805.105316 3 6 7 9
-11042.75128 2 8 9
-11022.290991 3 1 8 9
-10814.329189 3 2 8 9
-10843.486898 3 3 8 9
-10636.160152 3 4 8 9
-10155.035977 3 5 8 9
-10718.908233 3 6 8 9
-10791.511121 3 7 8 9
-11360.684199 1 10
-8566.571526 2 0 10
-11189.556013 2 1 10
-10963.448853 2 2 10
-11179.177652 2 3 10
-10795.661158 2 4 10
-10767.567094 3 2 4 10
-10529.522637 2 5 10
-10527.221131 3 1 5 10
-10443.285516 3 2 5 10
-11034.53268 2 6 10
-10889.657156 3 1 6 10
-10714.547993 3 2 6 10
-10900.884347 3 3 6 10
-10573.689161 3 4 6 10
-10353.983195 3 5 6 10
-11029.868174 2 7 10
-10929.250306 3 1 7 10
-10745.946579 3 2 7 10
-10915.079343 3 3 7 10
-10574.750328 3 4 7 10
-10342.798494 3 5 7 10
-10933.894731 3 6 7 10
-11107.978584 2 8 10
-11041.798152 3 1 8 10
-10805.365706 3 2 8 10
-11059.050801 3 3 8 10
-10638.398765 3 4 8 10
-10861.867464 3 6 8 10
-10758.490558 3 7 8 10
-11110.459826 2 9 10
-10994.729294 3 1 9 10
-10761.905035 3 2 9 10
-10837.718151 3 3 9 10
-10650.966291 3 4 9 10
-10787.411329 3 6 9 10
-10820.2779 3 7 9 10
-10953.209294 3 8 9 10
-11091.241465 1 11
-8823.160995 2 0 11
-10930.076001 2 1 11
-10755.012973 2 2 11
-10927.16507 2 3 11
-10532.31073 2 4 11
-10286.827192 2 5 11
-10282.047218 3 1 5 11
-10259.559923 3 2 5 11
-10169.656731 3 4 5 11
-10804.396898 2 6 11
-10725.062434 3 1 6 11
-10532.355584 3 2 6 11
-10736.663389 3 3 6 11
-10342.621635 3 4 6 11
-10208.516106 3 5 6 11
-10790.352952 2 7 11
-10691.874612 3 1 7 11
-10547.612017 3 2 7 11
-10694.871506 3 3 7 11
-10336.559668 3 4 7 11
-10139.11046 3 5 7 11
-10689.779139 3 6 7 11
-10917.52815 2 8 11
-10827.017089 3 1 8 11
-10634.983079 3 2 8 11
-10855.06096 3 3 8 11
-10443.422119 3 4 8 11
-10249.040465 3 5 8 11
-10676.185796 3 6 8 11
-10693.286424 3 7 8 11
-10868.830488 2 9 11
-10758.903344 3 1 9 11
-10587.951484 3 2 9 11
-10657.503977 3 3 9 11
-10416.884725 3 4 9 11
-10045.11208 3 5 9 11
-10560.773098 3 6 9 11
-10678.206389 3 7 9 11
-10797.767267 3 8 9 11
-10844.623202 2 10 11
-10713.251651 3 1 10 11
-10536.214837 3 2 10 11
-10780.423384 3 3 10 11
-10368.823809 3 4 10 11
-10249.539049 3 5 10 11
-10700.783209 3 6 10 11
-10708.123569 3 7 10 11
-10674.814596 3 8 10 11
-10653.079944 3 9 10 11
-11400.949782 1 12
-8936.350316 2 0 12
-11295.269819 2 1 12
-11100.843431 2 2 12
-11230.643055 2 3 12
-10865.625085 2 4 12
-10524.051619 2 5 12
-11005.709842 2 6 12
-10901.095864 3 1 6 12
-10743.834669 3 2 6 12
-10848.514789 3 3 6 12
-10540.62636 3 4 6 12
-10303.440279 3 5 6 12
-11125.439084 2 7 12
-10957.672211 3 6 7 12
-11097.533215 2 8 12
-10902.226335 3 2 8 12
-11055.031139 3 3 8 12
-10658.96467 3 4 8 12
-10375.82324 3 5 8 12
-10765.710467 3 6 8 12
-10830.540943 3 7 8 12
-11155.634946 2 9 12
-11100.488212 3 1 9 12
-10911.273237 3 2 9 12
-10917.599615 3 3 9 12
-10729.900163 3 4 9 12
-10768.825072 3 6 9 12
-10903.084462 3 8 9 12
-11295.205099 2 10 12
-11062.02155 3 8 10 12
-11094.807585 3 9 10 12
-10882.077044 2 11 12
-10819.329533 3 1 11 12
-10623.465934 3 2 11 12
-10815.967798 3 3 11 12
-10430.871006 3 4 11 12
-10251.821848 3 5 11 12
-10636.63042 3 6 11 12
-10749.923523 3 7 11 12
-10723.568998 3 8 11 12
-10736.085208 3 9 11 12
-10812.340955 3 10 11 12
-11525.403886 1 13
-8859.774409 2 0 13
-10505.179903 2 5 13
-11294.205561 2 8 13
-11060.341465 2 11 13
-10198.02992 3 5 11 13
-11491.896639 1 14
-11384.419136 2 1 14
-11200.139235 2 2 14
-11289.226798 2 3 14
-10959.766698 2 4 14
-10472.028269 2 5 14
-11181.186486 2 6 14
-11277.885286 2 8 14
-11224.476214 2 9 14
-10192.350601 3 5 9 14
-11341.943202 2 10 14
-11395.875124 2 12 14
-11484.626797 2 13 14
-11219.891625 1 16
-8685.519224 2 0 16
-11156.960913 2 1 16
-11006.765099 2 2 16
-11100.49608 2 3 16
-10778.750137 2 4 16
-10352.931704 2 5 16
-10302.177701 3 4 5 16
-10761.579828 2 6 16
-10760.431963 3 1 6 16
-10629.066453 3 2 6 16
-10744.836387 3 3 6 16
-10419.202597 3 4 6 16
-10201.719733 3 5 6 16
-10768.509561 2 7 16
-10724.34183 3 1 7 16
-10638.401706 3 2 7 16
-10714.583767 3 3 7 16
-10414.419978 3 4 7 16
-10101.411228 3 5 7 16
-10538.56087 3 6 7 16
-11029.815254 2 8 16
-10931.605014 3 2 8 16
-10698.201807 3 4 8 16
-10316.83329 3 5 8 16
-10659.396814 3 6 8 16
-10682.579735 3 7 8 16
-10785.984684 2 9 16
-10769.479101 3 1 9 16
-10619.474132 3 2 9 16
-10609.221157 3 3 9 16
-10461.249195 3 4 9 16
-9969.889417 3 5 9 16
-10488.030759 3 6 9 16
-10510.956221 3 7 9 16
-10668.01815 3 8 9 16
-10992.362053 2 10 16
-10936.311843 3 1 10 16
-10793.301349 3 2 10 16
-10968.529569 3 3 10 16
-10613.470315 3 4 10 16
-10697.736515 3 6 10 16
-10694.907752 3 7 10 16
-10869.820395 3 8 10 16
-10736.940064 3 9 10 16
-10775.72697 2 11 16
-10732.563683 3 1 11 16
-10591.707942 3 2 11 16
-10729.365752 3 3 11 16
-10382.270852 3 4 11 16
-10127.366153 3 5 11 16
-10462.542504 3 6 11 16
-10507.017803 3 7 11 16
-10662.810791 3 8 11 16
-10516.067582 3 9 11 16
-10602.0365 3 10 11 16
-11037.151824 2 12 16
-10910.134537 3 2 12 16
-11025.284082 3 3 12 16
-10689.880169 3 4 12 16
-10506.989703 3 6 12 16
-10766.025807 3 7 12 16
-10874.506567 3 8 12 16
-10720.665823 3 9 12 16
-10958.454936 3 10 12 16
-10585.517925 3 11 12 16
-11149.769918 2 13 16
-10326.537113 3 5 13 16
-10751.139788 3 11 13 16
-11173.67371 2 14 16
16 369
-9780.523517 0
-8068.083063 1 0
-9598.112954 1 1
-9576.846786 1 2
-8058.937201 2 0 2
-9524.77875 2 1 2
-9588.642031 1 3
-9569.714561 2 1 3
-9526.185787 2 2 3
-9638.182678 1 4
-9568.978281 2 1 4
-9556.775307 2 2 4
-9562.808274 2 3 4
-9605.094123 1 5
-9503.036795 2 1 5
-9483.132793 2 2 5
-9556.459188 2 3 5
-9573.067922 2 4 5
-9439.151498 1 6
-7713.11499 2 0 6
-9244.265462 2 1 6
-9220.330028 2 2 6
-9208.388784 2 3 6
-9321.41112 2 4 6
-9168.197883 2 5 6
-9146.458523 3 1 5 6
-9135.377233 3 2 5 6
-9628.662111 1 7
-9413.139692 2 1 7
-9380.115505 2 2 7
-9404.384667 2 3 7
-9503.362735 2 4 7
-9440.683553 2 5 7
-9355.404954 3 1 5 7
-9362.780097 3 2 5 7
-9396.963388 2 6 7
-9526.030373 1 8
-7848.727048 2 0 8
-9372.35165 2 1 8
-9298.952517 2 2 8
-9331.718463 2 3 8
-9402.999064 2 4 8
-9374.770304 2 5 8
-9354.478494 3 1 5 8
-9297.162804 3 2 5 8
-9038.920608 2 6 8
-8991.884188 3 1 6 8
-8901.167812 3 2 6 8
-8943.771591 3 3 6 8
-9024.045793 3 4 6 8
-8896.373746 3 5 6 8
-9320.855946 2 7 8
-9232.000794 3 1 7 8
-9147.407534 3 2 7 8
-9199.609634 3 3 7 8
-9292.295387 3 4 7 8
-9234.734145 3 5 7 8
-9712.569892 1 9
-8048.530766 2 0 9
-9551.492221 2 1 9
-9525.277297 2 2 9
-9527.568704 2 3 9
-9586.592305 2 4 9
-9464.850856 2 5 9
-9448.871524 3 1 5 9
-9456.059104 3 2 5 9
-9129.310849 2 6 9
-9029.207741 3 1 6 9
-9005.536083 3 2 6 9
-9008.052449 3 3 6 9
-9111.52932 3 4 6 9
-8953.628672 3 5 6 9
-9378.173401 2 7 9
-9221.923939 3 1 7 9
-9219.204517 3 2 7 9
-9239.217996 3 3 7 9
-9342.128985 3 4 7 9
-9234.118944 3 5 7 9
-8942.526532 3 6 7 9
-9458.407657 2 8 9
-9328.971267 3 5 8 9
-8792.692121 3 6 8 9
-9199.009409 3 7 8 9
-9651.638315 1 10
-7614.811102 2 0 10
-9509.507258 2 1 10
-9431.8136 2 2 10
-9442.425487 2 3 10
-9526.030674 2 4 10
-9405.029918 2 5 10
-9357.997906 3 2 5 10
-9258.910742 2 6 10
-9163.603901 3 1 6 10
-9115.660359 3 2 6 10
-9086.716011 3 3 6 10
-9243.427374 3 4 6 10
-9035.028569 3 5 6 10
-9245.104617 2 7 10
-9164.382033 3 1 7 10
-9081.660901 3 2 7 10
-9108.489671 3 3 7 10
-9215.197792 3 4 7 10
-9096.387293 3 5 7 10
-9158.352568 3 6 7 10
-9427.468941 2 8 10
-9282.549527 3 2 8 10
-9311.403487 3 3 8 10
-9392.907907 3 4 8 10
-9285.026321 3 5 8 10
-9025.438314 3 6 8 10
-8991.495307 3 7 8 10
-9549.842284 2 9 10
-9503.531298 3 1 9 10
-9424.088516 3 2 9 10
-9519.633074 3 4 9 10
-9380.136926 3 5 9 10
-9007.185764 3 6 9 10
-9046.758903 3 7 9 10
-9414.502504 3 8 9 10
-9414.725429 1 11
-7632.221298 2 0 11
-9226.883736 2 1 11
-9225.090404 2 2 11
-9245.825834 2 3 11
-9304.913068 2 4 11
-9259.218128 2 5 11
-9207.172631 3 1 5 11
-9098.458401 2 6 11
-9039.189054 3 1 6 11
-8992.110327 3 2 6 11
-9021.689446 3 3 6 11
-9089.277293 3 4 6 11
-8959.408017 3 5 6 11
-9169.251953 2 7 11
-9016.709967 3 1 7 11
-9015.556931 3 2 7 11
-9028.180481 3 3 7 11
-9149.445237 3 4 7 11
-9053.332852 3 5 7 11
-8932.156303 3 6 7 11
-9169.526956 2 8 11
-9089.720419 3 1 8 11
-9023.147495 3 2 8 11
-9075.367728 3 3 8 11
-9144.922396 3 4 8 11
-9102.813207 3 5 8 11
-8869.870246 3 6 8 11
-9043.564463 3 7 8 11
-9271.257491 2 9 11
-9185.531828 3 1 9 11
-9166.869812 3 2 9 11
-9177.472656 3 3 9 11
-9261.062446 3 4 9 11
-9158.009997 3 5 9 11
-8782.706274 3 6 9 11
-8825.072643 3 7 9 11
-9058.679618 3 8 9 11
-9038.397794 2 10 11
-8986.176614 3 1 10 11
-8934.051212 3 2 10 11
-8929.717246 3 3 10 11
-9024.75384 3 4 10 11
-8912.956234 3 5 10 11
-8918.883328 3 6 10 11
-8776.877297 3 7 10 11
-8915.675066 3 8 10 11
-8989.773758 3 9 10 11
-9386.391556 1 12
-7797.616354 2 0 12
-9233.274381 2 1 12
-9157.834604 2 2 12
-9159.304775 2 3 12
-9243.061087 2 4 12
-9157.519294 2 5 12
-9108.540639 3 2 5 12
-9112.92339 2 6 12
-9004.091368 3 1 6 12
-8957.582437 3 2 6 12
-8911.927997 3 3 6 12
-9078.093843 3 4 6 12
-8892.033439 3 5 6 12
-9282.851978 2 7 12
-9176.08981 3 1 7 12
-9106.974482 3 2 7 12
-9134.819743 3 3 7 12
-9147.278572 3 5 7 12
-9097.195642 3 6 7 12
-9140.312861 2 8 12
-9095.862103 3 1 8 12
-8972.945041 3 2 8 12
-9001.061097 3 3 8 12
-9092.318852 3 4 8 12
-9026.750691 3 5 8 12
-8744.745377 3 6 8 12
-8921.046538 3 7 8 12
-9201.666245 2 9 12
-9137.89364 3 1 9 12
-9052.250881 3 2 9 12
-9063.06704 3 3 9 12
-9148.082905 3 4 9 12
-8993.551065 3 5 9 12
-8694.524072 3 6 9 12
-9028.691035 3 7 9 12
-9022.684786 3 8 9 12
-8619.878886 4 6 8 9 12
-9329.996232 2 10 12
-9155.743921 3 2 10 12
-9147.439176 3 5 10 12
-9068.460967 3 6 10 12
-9178.702551 3 7 10 12
-9120.193968 3 9 10 12
-8892.46648 2 11 12
-8819.102022 3 1 11 12
-8778.224858 3 2 11 12
-8791.969918 3 3 11 12
-8858.590592 3 4 11 12
-8759.363592 3 5 11 12
-8721.553908 3 6 11 12
-8829.110639 3 7 11 12
-8730.446479 3 8 11 12
-8732.527375 3 9 11 12
-8538.238192 4 6 9 11 12
-8709.988022 3 10 11 12
-9760.302897 1 13
-9351.665758 2 6 13
-9590.634358 2 7 13
-9518.160561 2 8 13
-9693.318721 2 9 13
-9601.480984 2 10 13
-9242.224729 3 6 10 13
-9365.217298 2 12 13
-9107.725376 3 6 12 13
-9578.843717 1 14
-9448.459784 2 1 14
-9374.176497 2 2 14
-9387.031756 2 3 14
-9448.689166 2 4 14
-9371.649089 2 5 14
-9321.829182 3 2 5 14
-9322.864791 2 6 14
-9182.406645 3 2 6 14
-9177.874166 3 3 6 14
-9303.058676 3 4 6 14
-9114.781353 3 5 6 14
-9557.128357 2 7 14
-9391.573292 2 8 14
-9360.249446 3 1 8 14
-9246.504929 3 2 8 14
-9291.34852 3 3 8 14
-9363.070098 3 4 8 14
-9301.383761 3 5 8 14
-9442.492103 2 9 14
-9399.111664 3 1 9 14
-9326.173833 3 2 9 14
-9342.967695 3 3 9 14
-9413.570044 3 4 9 14
-9263.519374 3 5 9 14
-8980.336026 3 6 9 14
-9321.794937 3 8 9 14
-9321.046461 2 10 14
-9280.177513 3 1 10 14
-9173.304299 3 2 10 14
-9196.94478 3 3 10 14
-9289.085931 3 4 10 14
-9159.37363 3 5 10 14
-9124.888622 3 6 10 14
-9145.556751 3 7 10 14
-9188.511218 3 8 10 14
-9287.124466 3 9 10 14
-9259.916542 2 11 14
-9185.407064 3 1 11 14
-9135.239405 3 2 11 14
-9142.232282 3 3 11 14
-9234.265696 3 4 11 14
-9158.634699 3 5 11 14
-9078.320694 3 6 11 14
-9082.441525 3 9 11 14
-8886.186509 3 10 11 14
-9169.844038 2 12 14
-9092.525254 3 1 12 14
-8979.082212 3 2 12 14
-9017.291796 3 3 12 14
-9106.298628 3 4 12 14
-9013.132325 3 5 12 14
-8987.953185 3 6 12 14
-9049.69563 3 8 12 14
-9047.524369 3 9 12 14
-8840.423544 3 11 12 14
-9534.572512 2 13 14
-9285.027772 3 6 13 14
-9249.204567 3 11 13 14
-9464.623691 1 15
-7683.573911 2 0 15
-9329.540564 2 1 15
-9350.450883 2 2 15
-9345.48058 2 3 15
-9418.555927 2 4 15
-9379.698486 2 5 15
-9015.389224 2 6 15
-8969.104976 3 1 6 15
-8987.219238 3 2 6 15
-8964.443406 3 3 6 15
-8993.992196 3 5 6 15
-9218.355832 2 7 15
-9111.696302 3 1 7 15
-9143.21058 3 2 7 15
-9143.505299 3 3 7 15
-9197.711549 3 5 7 15
-8942.645519 3 6 7 15
-9257.291114 2 8 15
-9224.784392 3 1 8 15
-9204.191354 3 2 8 15
-9208.680232 3 3 8 15
-8788.037034 3 6 8 15
-9068.716725 3 7 8 15
-9236.406519 2 9 15
-9191.10626 3 1 9 15
-9208.631122 3 2 9 15
-9201.424943 3 3 9 15
-9232.675057 3 5 9 15
-8717.550059 3 6 9 15
-8949.441379 3 7 9 15
-9083.674527 3 8 9 15
-9283.316169 2 10 15
-9256.263088 3 1 10 15
-9261.666096 3 2 10 15
-9231.777404 3 3 10 15
-9270.589367 3 5 10 15
-8922.114577 3 6 10 15
-8910.144195 3 7 10 15
-9189.310751 3 8 10 15
-9176.322522 3 9 10 15
-9099.210933 2 11 15
-9029.371418 3 1 11 15
-9061.785374 3 2 11 15
-9048.026516 3 3 11 15
-8756.604007 3 6 11 15
-8885.916804 3 7 11 15
-8914.809597 3 8 11 15
-8918.494585 3 9 11 15
-8794.061494 4 7 9 11 15
-8795.811092 3 10 11 15
-9022.593599 2 12 15
-8993.292143 3 1 12 15
-8967.12571 3 2 12 15
-8953.945803 3 3 12 15
-9001.620754 3 5 12 15
-8614.203251 3 6 12 15
-8923.438701 3 7 12 15
-8917.286213 3 8 12 15
-8766.697122 3 9 12 15
-8515.941697 4 6 9 12 15
-8993.246069 3 10 12 15
-8595.907361 3 11 12 15
-9384.668929 2 13 15
-8995.200658 3 6 13 15
-9213.554671 3 7 13 15
-9273.932183 3 10 13 15
-9260.620788 2 14 15
-9260.356927 3 1 14 15
-9229.559267 3 2 14 15
-9241.75442 3 3 14 15
-8983.792687 3 6 14 15
-9205.963149 3 8 14 15
-9055.781839 3 9 14 15
-9032.25556 3 10 14 15
-9026.745571 3 11 14 15
-8893.269604 3 12 14 15
-9233.108955 3 13 14 15