57
0 8
-36.006397 1 23
-34.804207 1 20
-36.651573 1 19
-36.598358 1 14
-36.678677 1 6
-36.430412 1 56
-36.443184 1 40
-38.224075 0
1 1
-6.182812 0
2 1
-28.998253 0
3 1
-45.290615 0
4 2
-29.117085 1 21
-29.387108 0
5 4
-20.236603 1 22
-20.646320 1 12
-20.236603 1 55
-20.745029 0
6 7
-34.482315 1 20
-36.271561 1 14
-36.181587 1 13
-36.299721 1 8
-36.136467 1 7
-35.307648 1 0
-36.853043 0
7 7
-32.738319 1 20
-33.916214 1 15
-36.385792 1 14
-32.902695 1 8
-36.707684 1 6
-37.400829 1 54
-37.424263 0
8 9
-33.539738 1 23
-32.028118 1 21
-29.454432 1 20
-31.900232 1 19
-31.969488 1 13
-29.998816 1 7
-33.967056 1 6
-28.564648 1 56
-34.520386 0
9 2
-14.989173 1 22
-15.331413 0
10 1
-28.077789 0
11 2
-31.607544 1 34
-32.103256 0
12 2
-42.074364 1 5
-42.173077 0
13 6
-37.587067 1 25
-37.177280 1 21
-35.847641 1 8
-37.727077 1 6
-37.179230 1 56
-38.398537 0
14 7
-35.064636 1 20
-36.023483 1 17
-26.095541 1 15
-36.271561 1 6
-35.814575 1 7
-35.227329 1 0
-36.853043 0
15 7
-35.823311 1 22
-35.927681 1 20
-36.023483 1 17
-26.172543 1 14
-33.421997 1 7
-36.796532 1 55
-36.930046 0
16 2
-25.286793 1 21
-25.617393 0
17 9
-11.863235 1 22
-12.882945 1 15
-12.959947 1 14
-11.430156 2 21 22
-13.000450 1 54
-13.256312 1 40
-10.605338 1 38
-13.712832 1 37
-13.789509 0
18 2
-13.000450 1 54
-13.789509 0
19 9
-23.768475 1 23
-21.854467 1 8
-22.902121 1 0
-24.129805 1 50
-23.514608 1 40
-23.638296 1 39
-21.440168 1 51
-23.790014 1 43
-24.474625 0
20 10
-33.329189 1 23
-32.365318 1 15
-31.579277 1 14
-28.301733 1 8
-28.681746 1 7
-30.996960 1 6
-29.947821 1 0
-32.437077 1 56
-31.962105 1 55
-33.367683 0
21 16
-16.709873 2 23 56
-18.130562 1 31
-17.943573 2 22 55
-18.447220 1 22
-19.396996 1 16
-18.035376 2 22 38
-18.014137 2 17 22
-17.235325 1 8
-19.457565 1 4
-19.154940 2 4 23
-19.723072 1 49
-18.506332 1 13
-19.115753 1 38
-19.426186 1 37
-18.130562 1 32
-19.727589 0
22 8
-15.076892 2 21 55
-15.894978 1 21
-15.249077 1 17
-16.068615 1 15
-16.833111 1 9
-16.666920 1 5
-12.476645 2 17 21
-17.175350 0
23 15
-16.709873 2 21 56
-19.689095 1 20
-19.021446 1 19
-18.746944 1 8
-17.509914 1 0
-19.723072 1 50
-19.723072 1 49
-18.270550 1 40
-18.996649 2 11 21
-16.075180 1 37
-19.500675 1 45
-18.694653 1 44
-18.336781 1 43
-19.136620 1 42
-19.727589 0
24 4
-23.295916 1 26
-21.893953 1 25
-26.581533 1 46
-26.752968 0
25 3
-25.802794 1 24
-29.850332 1 13
-30.661804 0
26 5
-37.044632 1 30
-34.941490 1 24
-38.011177 1 55
-37.466621 1 46
-38.398537 0
27 1
-21.607632 0
28 1
-30.070610 0
29 1
-35.131622 0
30 2
-28.716711 1 26
-30.070610 0
31 4
-31.507717 1 21
-32.853722 1 33
-10.397207 1 32
-33.104744 0
32 4
-31.507717 1 21
-32.853722 1 33
-10.397207 1 31
-33.104744 0
33 3
-22.816072 1 31
-22.816072 1 32
-23.067101 0
34 3
-35.535236 1 11
-34.604031 1 54
-36.030952 0
35 1
-34.643806 0
36 1
-28.077789 0
37 10
-31.278088 1 23
-34.629093 1 21
-34.853821 1 17
-30.251577 1 40
-25.338655 1 38
-34.674858 1 45
-34.868210 1 44
-33.407791 1 43
-34.496666 1 41
-34.930504 0
38 5
-30.525585 1 21
-27.953247 1 17
-21.545580 1 37
-29.914804 1 42
-31.137421 0
39 4
-24.220049 1 19
-22.950317 1 48
-22.950317 1 47
-25.056374 0
40 7
-21.286207 1 0
-21.610058 1 23
-22.107084 1 19
-22.533905 1 17
-18.388182 1 37
-20.897970 1 43
-23.067101 0
41 6
-31.619152 1 56
-31.191618 1 50
-31.307646 1 37
-31.643385 1 43
-27.441797 1 42
-31.741486 0
42 7
-32.078938 1 23
-30.563850 1 48
-30.563850 1 47
-31.447292 1 38
-32.556900 1 46
-28.370226 1 41
-32.669907 0
43 6
-16.380913 1 23
-17.673620 1 41
-15.602591 1 40
-17.087111 1 19
-16.249006 1 37
-17.771721 0
44 6
-24.926205 1 23
-24.900005 1 56
-24.945440 1 49
-25.896852 1 37
-24.699278 1 45
-25.959145 0
45 7
-20.472645 1 23
-20.604710 1 56
-20.484573 1 54
-18.988424 1 49
-20.443918 1 37
-19.439695 1 44
-20.699562 0
46 6
-21.795385 1 26
-22.555876 1 24
-18.711700 1 48
-18.711700 1 47
-22.614298 1 42
-22.727303 0
47 6
-8.233101 1 56
-3.465736 1 48
-7.108150 1 39
-5.198604 1 46
-7.108146 1 42
-9.214207 0
48 6
-8.233101 1 56
-7.108150 1 39
-3.465736 1 47
-5.198604 1 46
-7.108146 1 42
-9.214207 0
49 5
-18.290459 1 23
-18.290459 1 21
-16.583838 1 45
-17.281271 1 44
-18.294975 0
50 5
-18.290459 1 23
-17.745108 1 41
-17.950155 1 19
-15.942396 1 51
-18.294975 0
51 3
-23.971178 1 19
-24.653059 1 50
-27.005638 0
52 2
-17.299177 1 53
-23.146835 0
53 2
-17.299177 1 52
-23.146835 0
54 8
-23.107176 2 30 56
-22.873863 1 18
-22.873863 1 17
-23.639492 1 7
-21.410561 1 55
-23.447933 1 45
-22.236000 1 34
-23.662922 0
55 8
-14.510571 2 54 56
-16.787991 1 26
-15.769767 1 20
-17.041836 1 15
-16.666920 1 5
-16.666912 1 56
-14.922989 1 54
-17.175350 0
56 12
-19.814423 1 20
-19.525726 1 13
-14.789294 1 8
-18.951374 1 0
-18.178169 2 21 23
-20.236595 1 55
-19.763924 1 48
-19.763924 1 47
-20.650181 1 45
-19.685894 1 44
-20.622700 1 41
-20.745029 0
