19
0 12
-133.438076 0
-123.115976 1 2
-133.412119 1 5
-127.018009 1 7
-119.755063 2 2 7
-127.195227 1 8
-119.670438 2 2 8
-131.901635 1 9
-133.433343 1 11
-114.697959 1 13
-129.599528 1 15
-126.848562 1 18
1 1
-172.480281 0
2 12
-104.217831 0
-93.895731 1 0
-89.150872 1 3
-87.410493 2 0 3
-102.443535 1 4
-96.688562 1 5
-93.365789 2 0 5
-98.070712 1 6
-85.839971 2 0 6
-102.526225 1 11
-99.027205 1 13
-104.073117 1 15
3 10
-71.284945 0
-56.217986 1 2
-60.737449 1 4
-52.441998 2 2 4
-53.124602 1 5
-48.629273 2 2 5
-63.740816 1 6
-59.607891 2 4 6
-68.832906 1 7
-53.795818 2 2 7
4 8
-30.689507 0
-28.915211 1 2
-20.142011 1 3
-22.730944 1 5
-28.260926 1 6
-26.180406 1 7
-30.214439 1 16
-27.707065 1 18
5 16
-84.607467 0
-84.58151 1 0
-77.078198 1 2
-66.447124 1 3
-76.648904 1 4
-74.716352 2 2 4
-71.67868 1 6
-71.275366 2 2 6
-64.156668 2 3 6
-70.222461 2 4 6
-76.463603 1 7
-69.21986 2 2 7
-65.391658 2 3 7
-75.878743 2 4 7
-67.518138 2 6 7
-75.150652 2 2 16
6 6
-105.070875 0
-98.923755 1 2
-97.526746 1 3
-102.642294 1 4
-92.142088 1 5
-104.864498 1 17
7 8
-39.099163 0
-32.679097 1 0
-36.647124 1 3
-34.590062 1 4
-30.955299 1 5
-34.261182 1 9
-32.777196 1 18
-30.384492 2 5 18
8 8
-92.565025 0
-86.322176 1 0
-84.557415 1 10
-88.780855 1 13
-90.175199 1 15
-90.413224 1 16
-91.985775 1 17
-91.202009 1 18
9 4
-34.265513 0
-32.729072 1 0
-29.427532 1 7
-33.59229 1 11
10 6
-184.172682 0
-176.165072 1 8
-175.474103 1 11
-178.155725 1 15
-181.580114 1 16
-179.449653 1 18
11 7
-128.025882 0
-128.021149 1 0
-126.334275 1 2
-127.352659 1 9
-119.327303 1 10
-127.063845 1 12
-126.40544 1 15
12 6
-181.369549 0
-180.407512 1 11
-165.295331 1 13
-180.089652 1 15
-181.257864 1 16
-181.20182 1 17
13 6
-175.06705 0
-156.326933 1 0
-169.876424 1 2
-171.28288 1 8
-158.992832 1 12
-173.2487 1 15
14 2
-164.167599 0
-162.146099 1 17
15 9
-155.07828 0
-151.239732 1 0
-154.933566 1 2
-152.688453 1 8
-149.061323 1 10
-153.457838 1 11
-153.798383 1 12
-153.25993 1 13
-145.734761 1 18
16 6
-97.158059 0
-96.682991 1 4
-95.006259 1 8
-94.565491 1 10
-97.046375 1 12
-90.007125 1 17
17 7
-78.458069 0
-78.251692 1 6
-77.878818 1 8
-78.29034 1 12
-76.436569 1 14
-71.307135 1 16
-76.442857 1 18
18 9
-112.059372 0
-105.469858 1 0
-109.07693 1 4
-105.737405 1 7
-110.696355 1 8
-104.203726 2 7 8
-107.336343 1 10
-102.715853 1 15
-110.04416 1 17