19
0 44
-133.493355 0
-128.925765 1 1
-122.404123 1 2
-121.290229 2 2 4
-131.496599 1 5
-119.873617 2 2 6
-123.807514 1 7
-110.768841 2 2 7
-122.036784 2 5 7
-109.983236 3 2 6 7
-126.914014 1 8
-115.06951 2 2 8
-126.830156 2 5 8
-115.033502 3 2 6 8
-117.704816 2 7 8
-105.264291 3 2 7 8
-122.792427 1 9
-121.400952 2 1 9
-110.413501 2 2 9
-118.692884 2 8 9
-104.019109 3 2 8 9
-130.440254 1 10
-121.157555 3 3 7 10
-129.20718 1 11
-133.21869 1 12
-108.029649 1 13
-102.275603 2 7 13
-105.849573 2 9 13
-126.666912 1 15
-121.571995 2 2 15
-117.527518 2 7 15
-117.592688 2 9 15
-122.970105 2 7 16
-121.406309 2 9 16
-120.163835 3 7 9 16
-133.094792 1 17
-122.294219 2 2 17
-123.066787 1 18
-121.406056 2 2 18
-122.014734 2 7 18
-118.402742 2 8 18
-113.272865 3 2 8 18
-118.696811 2 9 18
-120.498415 2 11 18
1 2
-172.942438 0
-168.374848 1 0
2 21
-104.445325 0
-93.356093 1 0
-88.821151 1 3
-79.092924 2 0 3
-101.855691 1 4
-88.338737 2 0 4
-97.133951 1 5
-89.825027 2 0 5
-98.786277 1 6
-81.504825 2 0 6
-73.755348 3 0 3 6
-98.400591 2 4 6
-78.110318 3 0 4 6
-88.281719 2 3 7
-81.309835 3 0 6 7
-103.108776 1 11
-87.116246 2 3 11
-99.909856 2 4 11
-100.400292 1 13
-87.018544 2 3 13
-99.30802 2 4 13
3 16
-71.513244 0
-55.889069 1 2
-59.96029 1 4
-48.035161 2 2 4
-53.354496 1 5
-46.738796 2 2 5
-50.366975 2 4 5
-44.674173 3 2 4 5
-64.025563 1 6
-54.589091 2 2 6
-56.633614 2 4 6
-68.742495 1 7
-50.271811 2 2 7
-47.657024 3 2 4 7
-46.684362 3 2 5 7
-63.9581 2 6 7
4 32
-30.922102 0
-28.332468 1 2
-27.218574 2 0 2
-19.369148 1 3
-22.042636 1 5
-19.055116 2 3 5
-27.678901 1 6
-27.293216 2 2 6
-25.65313 1 7
-23.500423 2 2 7
-19.184601 2 3 7
-24.937233 2 6 7
-25.941697 2 2 9
-25.659609 3 2 6 9
-30.050152 2 8 11
-29.094647 2 9 14
-25.520577 3 7 9 14
-29.610539 1 16
-27.154008 2 2 16
-19.144649 2 3 16
-27.155473 2 6 16
-25.080705 2 7 16
-29.387072 2 9 16
-26.211237 3 6 9 16
-30.821019 1 17
-26.934564 1 18
-23.899964 2 2 18
-19.256214 2 3 18
-18.830408 3 1 3 18
-26.444084 3 8 9 18
-25.559994 3 8 11 18
-25.649535 2 15 18
5 27
-84.835351 0
-82.838595 1 0
-77.523977 1 2
-66.676603 1 3
-75.955885 1 4
-72.031303 2 2 4
-66.362571 2 3 4
-72.065476 1 6
-64.530781 2 3 6
-67.449294 2 4 6
-76.20101 1 7
-74.43028 2 0 7
-68.049867 2 2 7
-64.291637 2 3 7
-73.155797 2 4 7
-73.074448 3 0 4 7
-67.598877 3 2 4 7
-66.251701 2 6 7
-64.062187 3 3 6 7
-66.100942 3 4 6 7
-83.562036 1 9
-74.162338 2 2 9
-66.215297 2 3 9
-75.709857 2 4 9
-70.641787 3 2 4 9
-72.052377 3 2 6 9
-76.252719 2 2 16
6 23
-105.298356 0
-99.639307 1 2
-97.108801 2 0 2
-97.810676 1 3
-102.055155 1 4
-98.600055 2 2 4
-92.528481 1 5
-96.180428 8 2 8 10 11 13 14 15 16
-93.575416 9 2 8 10 11 13 14 15 16 18
-93.575006 10 0 2 8 10 11 13 14 15 16 18
-102.821548 10 0 7 8 10 11 13 14 15 16 18
-93.575052 10 2 8 9 10 11 13 14 15 16 18
-93.574915 11 0 2 8 9 10 11 13 14 15 16 18
-94.268215 10 1 2 4 10 11 13 14 16 17 18
-94.268066 11 0 1 2 4 10 11 13 14 16 17 18
-96.347621 10 1 2 8 10 11 13 14 16 17 18
-96.347499 11 0 1 2 8 10 11 13 14 16 17 18
-94.268083 11 1 2 4 9 10 11 13 14 16 17 18
-94.268033 12 0 1 2 4 9 10 11 13 14 16 17 18
-96.347512 11 1 2 8 9 10 11 13 14 16 17 18
-96.347472 12 0 1 2 8 9 10 11 13 14 16 17 18
-99.120137 10 1 2 8 11 12 13 14 16 17 18
-99.120077 11 1 2 8 9 11 12 13 14 16 17 18
7 28
-39.329984 0
-29.644143 1 0
-36.559235 1 3
-25.326307 2 0 3
-36.019803 2 2 3
-34.061012 1 4
-30.695643 1 5
-21.235828 2 0 5
-32.157891 1 9
-29.782005 2 3 9
-30.000754 2 4 9
-27.557153 2 5 9
-39.255559 1 11
-37.536755 2 6 11
-35.342792 3 3 6 11
-35.184854 2 3 13
-29.064697 2 5 13
-33.651848 2 4 14
-29.656487 3 4 9 14
-36.257326 2 11 14
-33.211761 3 4 11 14
-32.365747 1 18
-31.251292 2 3 18
-26.028289 2 5 18
-30.52822 2 8 18
-27.204318 3 3 8 18
-29.522328 3 3 9 18
-29.941259 3 3 11 18
8 16
-92.792727 0
-86.213387 1 0
-85.46306 1 10
-90.074478 2 4 11
-88.641523 1 13
-91.375751 1 15
-91.040666 1 16
-90.118026 2 9 16
-92.489562 1 17
-91.285535 1 18
-89.448008 2 7 18
-87.414517 2 9 18
-83.682668 3 4 9 18
-87.318407 3 7 9 18
-86.660974 3 4 11 18
-86.143273 3 9 16 18
9 21
-34.097996 0
-23.397068 1 0
-32.824681 1 5
-26.925903 1 7
-29.203305 1 10
-28.338055 2 4 10
-28.791435 2 5 10
-21.053408 2 7 10
-28.376625 1 11
-27.566466 2 5 11
-27.66631 2 6 11
-26.440458 2 7 11
-33.292959 1 13
-27.758831 3 4 10 14
-26.264361 3 4 11 15
-33.040304 1 18
-29.169285 2 8 18
-25.153747 3 4 8 18
-27.541602 2 10 18
-25.571735 2 11 18
-31.229794 2 17 18
10 9
-184.972725 0
-181.919624 1 0
-177.643058 1 8
-180.078034 1 9
-173.736791 1 11
-180.044179 1 15
-183.368437 1 16
-182.314331 1 18
-176.815629 2 9 18
11 13
-128.370134 0
-124.083959 1 0
-127.033585 1 2
-128.295709 1 7
-128.163739 2 6 7
-126.517396 2 4 8
-122.648763 1 9
-122.334647 2 2 9
-117.1342 1 10
-125.98377 1 12
-127.232061 1 13
-126.679293 1 15
-117.452591 2 9 15
12 5
-181.955926 0
-181.681262 1 0
-179.569562 1 11
-159.163555 1 13
-180.440608 1 15
13 8
-175.734897 0
-150.271191 1 0
-171.689863 1 2
-171.583692 1 8
-174.92986 1 9
-174.596824 1 11
-152.942525 1 12
-174.953245 1 15
14 26
-164.726707 0
-163.448811 1 17
-154.904362 11 0 1 5 6 8 10 11 12 13 15 17
-157.101602 11 1 2 5 6 8 10 11 12 13 15 17
-156.002995 11 1 3 5 6 8 10 11 12 13 15 17
-154.904347 12 0 1 4 5 6 8 10 11 12 13 15 17
-157.10158 12 1 2 4 5 6 8 10 11 12 13 15 17
-156.00297 12 1 3 4 5 6 8 10 11 12 13 15 17
-154.904342 12 0 1 5 6 8 9 10 11 12 13 15 17
-157.101572 12 1 2 5 6 8 9 10 11 12 13 15 17
-156.002962 12 1 3 5 6 8 9 10 11 12 13 15 17
-154.904338 13 0 1 4 5 6 8 9 10 11 12 13 15 17
-157.101565 13 1 2 4 5 6 8 9 10 11 12 13 15 17
-156.002953 13 1 3 4 5 6 8 9 10 11 12 13 15 17
-157.101602 11 1 5 6 8 10 11 12 13 15 16 17
-157.10158 12 1 4 5 6 8 10 11 12 13 15 16 17
-157.101572 12 1 5 6 8 9 10 11 12 13 15 16 17
-157.101565 13 1 4 5 6 8 9 10 11 12 13 15 16 17
-157.101618 11 1 5 6 8 10 11 13 15 16 17 18
-157.101572 12 0 1 5 6 8 10 11 13 15 16 17 18
-157.101587 12 1 4 5 6 8 10 11 13 15 16 17 18
-157.101565 13 0 1 4 5 6 8 10 11 13 15 16 17 18
-157.101577 12 1 5 6 8 9 10 11 13 15 16 17 18
-157.101562 13 0 1 5 6 8 9 10 11 13 15 16 17 18
-157.101567 13 1 4 5 6 8 9 10 11 13 15 16 17 18
-157.10156 14 0 1 4 5 6 8 9 10 11 13 15 16 17 18
15 9
-155.606835 0
-148.780392 1 0
-154.189858 1 8
-150.678289 1 10
-153.915994 1 11
-154.091516 1 12
-154.825183 1 13
-143.952514 1 18
-142.667484 2 4 18
16 8
-97.385672 0
-96.074109 1 4
-95.224405 2 0 4
-95.633611 1 8
-95.349663 2 4 8
-95.781385 1 10
-90.477752 1 17
-90.45274 2 4 17
17 9
-78.686123 0
-78.287561 1 0
-78.58504 1 4
-78.382958 1 8
-77.408228 1 14
-71.778203 1 16
-75.485625 1 18
-73.675116 2 9 18
-71.565782 2 16 18
18 28
-112.43296 0
-102.006392 1 0
-108.445422 1 4
-105.468724 1 7
-110.925768 1 8
-108.360061 2 4 8
-100.819941 3 0 4 8
-100.074196 2 7 8
-111.375268 1 9
-103.959529 2 8 9
-97.675786 3 4 8 9
-109.774566 1 10
-105.002474 2 4 10
-108.112863 2 9 10
-100.778639 1 15
-91.888601 2 4 15
-93.484585 2 7 15
-98.887429 2 9 15
-109.232462 1 17
-107.670352 2 4 17
-102.265056 2 7 17
-106.991891 3 4 8 17
-99.651272 3 7 8 17
-104.055286 2 9 17
-99.738665 3 8 9 17
-92.86833 4 4 8 9 17
-96.855666 4 7 8 9 17
-96.832302 3 9 15 17