35
0 2
-800.613953 1 11
-1099.051514 0
1 5
-1431.016968 1 31
-1459.689209 0
-1276.906372 1 9
-1328.209351 1 14
-1152.136475 1 3
2 6
-2224.191162 0
-2101.718750 1 31
-2147.926758 1 8
-2122.990234 1 14
-2027.039673 1 3
-2119.568848 1 9
3 9
-1877.092285 0
-1469.623779 2 1 31
-1317.707642 2 1 2
-1650.238159 1 31
-1325.969604 1 14
-1569.540039 1 1
-1025.013184 1 9
-1679.940430 1 2
-1786.495117 1 20
4 4
-1394.719604 1 30
-1344.158691 1 13
-1396.576416 0
-1266.019409 1 8
5 2
-1092.554443 0
-735.931030 1 7
6 2
-1171.217529 0
-1084.924194 1 7
7 4
-1027.243652 1 5
-1383.866943 0
-1297.573364 1 6
-987.671997 2 5 6
8 8
-1646.677246 1 13
-1738.840088 0
-1608.283081 1 4
-1638.653198 1 31
-1582.564575 2 4 31
-1701.163696 1 14
-1503.626465 2 2 4
-1662.574829 1 2
9 11
-1770.734619 1 1
-1953.517334 0
-1513.730225 2 1 31
-1794.723389 1 26
-1575.898071 1 31
-1006.468079 1 14
-1101.437744 1 3
-1848.894531 1 2
-856.220276 2 3 14
-1034.558228 2 3 31
-1735.289795 1 23
10 2
-1196.020386 1 11
-1301.585693 0
11 4
-1002.905701 2 0 10
-1066.487427 1 0
-1364.925049 0
-1259.359619 1 10
12 2
-1396.134033 0
-1345.414551 1 13
13 8
-1044.181519 1 30
-1001.690674 1 8
-1093.851807 0
-1043.134888 1 12
-1041.437256 1 4
-1044.013550 1 31
-1026.786255 2 12 31
-965.427307 2 8 12
14 17
-1515.347168 1 1
-1485.689941 1 27
-1646.827393 0
-1095.442749 2 1 31
-1492.991699 1 33
-1161.460449 1 26
-1450.620850 1 32
-1143.583130 1 31
-1432.319458 1 34
-699.777771 1 9
-1609.151001 1 8
-1095.704102 1 3
-1545.626099 1 2
-1087.466309 2 26 31
-887.526001 2 3 31
-1491.604858 1 23
-617.899414 2 9 31
15 2
-748.672791 1 17
-1096.944580 0
16 2
-993.391846 0
-929.965759 1 17
17 4
-1002.595154 1 15
-1350.866455 0
-1287.440186 1 16
-963.519104 2 15 16
18 1
-1058.285400 0
19 3
-1153.106201 0
-926.862305 1 20
-1049.709595 1 21
20 6
-2067.527344 2 3 19
-2149.695312 1 19
-2285.341309 1 3
-2375.938965 0
-2328.128174 1 31
-1032.548096 1 21
21 4
-1603.500610 1 20
-2843.493652 1 19
-2946.155518 1 31
-2946.889648 0
22 2
-1010.992920 0
-941.953796 1 23
23 7
-2402.485596 0
-2247.261963 1 14
-2231.962646 2 22 31
-2184.257080 1 9
-2170.343262 2 9 22
-2259.313721 1 31
-2333.446289 1 22
24 2
-3494.458740 0
-3464.850586 1 31
25 1
-1115.783447 0
26 4
-2918.539307 0
-2433.173340 1 14
-2645.531006 1 31
-2759.746338 1 9
27 3
-4000.917236 1 31
-3953.659180 1 14
-4114.794434 0
28 1
-995.615479 0
29 2
-1394.849976 1 30
-1397.015869 0
30 6
-654.390198 1 31
-585.737183 2 13 29
-682.953552 1 4
-682.644043 1 29
-635.135803 1 13
-684.808350 0
31 19
-654.172424 1 13
-675.340576 1 1
-431.004700 1 26
-235.167114 1 32
-704.013428 0
-400.474487 1 34
-703.278687 1 21
-656.202209 1 20
-200.769241 1 14
-581.540527 1 2
-326.393585 1 9
-477.158447 1 3
-603.825928 1 8
-673.595398 1 30
-417.276978 1 33
-590.135315 1 27
-674.406982 1 24
-179.931961 2 14 32
-560.841370 1 23
32 3
-2363.573730 1 14
-2559.780029 0
-2090.933594 1 31
33 4
-4135.092285 1 14
-1277.477905 1 34
-4002.191162 1 31
-4288.928711 0
34 4
-3877.638916 1 14
-1080.696777 1 33
-3788.607422 1 31
-4092.147217 0
