35
0 2
-112.018272 0
-95.106804 1 11
1 2
-156.875824 1 3
-161.643173 0
2 2
-234.208664 1 31
-237.742844 0
3 5
-197.256256 1 1
-154.886749 1 9
-187.302582 1 14
-190.418686 1 31
-202.023636 0
4 1
-145.202087 0
5 2
-107.228600 0
-70.001991 1 7
6 1
-120.686470 0
7 2
-102.890724 1 5
-140.117340 0
8 2
-178.283691 1 31
-181.125931 0
9 4
-164.619034 1 3
-135.197998 1 14
-175.727798 1 31
-211.755890 0
10 1
-128.997482 0
11 2
-143.213226 0
-126.301758 1 0
12 1
-144.896973 0
13 2
-129.224808 0
-126.522270 1 30
14 4
-167.040909 1 3
-105.204086 1 9
-132.320541 1 31
-181.761948 0
15 2
-109.738365 0
-89.314835 1 17
16 1
-110.795784 0
17 2
-140.612091 0
-120.188538 1 15
18 1
-107.269768 0
19 1
-126.763573 0
20 2
-212.034927 1 21
-267.066254 0
21 2
-285.545135 1 20
-340.576538 0
22 1
-111.633644 0
23 1
-274.119629 0
24 1
-395.403381 0
25 1
-114.326912 0
26 1
-340.641296 0
27 1
-497.233063 0
28 1
-104.000908 0
29 1
-144.196106 0
30 2
-73.833549 1 13
-76.535942 0
31 8
-76.425499 1 2
-43.931591 1 9
-69.851051 1 34
-77.117424 1 8
-52.516232 1 32
-68.354790 1 3
-30.518270 1 14
-79.959679 0
32 2
-248.202042 1 31
-275.645477 0
33 3
-312.058411 1 34
-532.235657 1 31
-539.935486 0
34 3
-273.372253 1 33
-491.142242 1 31
-501.251007 0
