35
0 2
-1098.485840 0
-801.853210 1 11
1 5
-1149.570190 1 3
-1329.772461 1 14
-1458.409302 0
-1265.577271 1 9
-1431.011719 1 31
2 6
-2046.201904 1 3
-2120.997070 1 14
-2219.968506 0
-2100.508057 1 9
-2124.961426 1 8
-2092.745361 1 31
3 6
-1874.498901 0
-1700.732178 1 2
-1371.101807 1 14
-1081.433838 1 9
-1565.659912 1 1
-1657.348145 1 31
4 3
-1395.568115 0
-1346.881836 1 13
-1261.834229 1 8
5 2
-1091.992188 0
-737.271057 1 7
6 2
-1170.416748 0
-1079.373657 1 7
7 4
-1028.150391 1 5
-1382.871338 0
-1291.827881 1 6
-993.256592 2 5 6
8 7
-1645.980957 1 13
-1697.974121 1 14
-1736.057251 0
-1718.047241 1 9
-1641.050537 1 2
-1602.323608 1 4
-1637.373779 1 31
9 8
-1950.557983 0
-1088.344116 1 14
-1157.492798 1 3
-1757.725708 1 1
-1831.097412 1 2
-1591.726074 1 31
-1897.145996 1 23
-1932.547363 1 8
10 2
-1189.902588 1 11
-1300.673584 0
11 4
-1067.316895 1 0
-1363.949463 0
-1007.434753 2 0 10
-1253.179077 1 10
12 2
-1395.126709 0
-1353.536133 1 13
13 6
-1093.145142 0
-1053.233643 1 31
-1051.554321 1 12
-1089.523438 1 30
-1044.458618 1 4
-1003.068176 1 8
14 10
-1142.532471 1 3
-1645.929321 0
-1546.957886 1 2
-1517.292358 1 1
-783.715820 1 9
-1607.845825 1 8
-1451.713379 1 26
-1623.918213 1 23
-1583.567383 1 32
-1168.534790 1 31
15 2
-750.699280 1 17
-1096.379883 0
16 2
-992.884338 0
-926.827209 1 17
17 4
-1349.905029 0
-971.650208 2 15 16
-1283.848389 1 16
-1004.224426 1 15
18 1
-1057.741211 0
19 3
-1152.398193 0
-1081.149902 1 21
-967.783813 1 20
20 4
-2349.299805 1 31
-2209.065918 1 21
-2370.850098 0
-2186.236816 1 19
21 3
-2932.643066 0
-2861.394531 1 19
-2770.858154 1 20
22 2
-1010.568665 0
-972.410767 1 23
23 5
-2293.416748 1 31
-2358.585693 1 22
-2396.743164 0
-2374.732422 1 14
-2343.332275 1 9
24 1
-3462.470703 0
25 1
-1115.127686 0
26 3
-2903.487549 0
-2708.790283 1 31
-2709.271484 1 14
27 1
-4047.182861 0
28 1
-995.115295 0
29 1
-1396.007568 0
30 3
-676.945618 1 31
-682.620850 1 13
-686.242371 0
31 14
-662.865723 1 34
-226.292175 1 14
-663.775513 1 13
-486.536102 1 3
-676.289490 1 1
-703.686584 0
-605.003113 1 8
-576.463745 1 2
-344.855347 1 9
-508.989502 1 26
-308.995270 1 32
-694.390015 1 30
-600.360168 1 23
-682.135803 1 20
32 3
-2157.475098 1 31
-2552.166504 0
-2489.805176 1 14
33 1
-4207.162598 0
34 2
-3984.000000 1 31
-4024.821777 0
