35
0 2
-94.656387 1 11
-111.460304 0
1 1
-160.268356 0
2 1
-233.680115 0
3 2
-199.778625 0
-198.117493 1 31
4 1
-144.204056 0
5 2
-72.021240 1 7
-106.701271 0
6 1
-119.919746 0
7 2
-104.498184 1 5
-139.178207 0
8 1
-178.677795 0
9 3
-208.795074 0
-194.508209 1 14
-188.105865 1 31
10 1
-128.179459 0
11 2
-125.430801 1 0
-142.234726 0
12 1
-143.902695 0
13 1
-128.661957 0
14 3
-179.997849 0
-165.711029 1 9
-147.068665 1 31
15 2
-90.568985 1 17
-109.193794 0
16 1
-110.245705 0
17 2
-121.036636 1 15
-139.661453 0
18 1
-106.734962 0
19 1
-125.970406 0
20 1
-261.250031 0
21 1
-327.408783 0
22 1
-111.061012 0
23 1
-267.762939 0
24 1
-374.487488 0
25 1
-113.839180 0
26 1
-327.443756 0
27 1
-456.897888 0
28 1
-103.495949 0
29 1
-143.207047 0
30 1
-77.873833 0
31 4
-77.943893 1 3
-58.915855 1 9
-46.675835 1 14
-79.605019 0
32 1
-269.322723 0
33 1
-489.702820 0
34 1
-459.976379 0
