11
0 15
-49.617575 0
-47.015353 1 1
-30.960412 1 2
-34.155635 1 5
-28.894859 2 2 5
-49.609919 1 6
-48.1222 1 7
-37.171163 1 8
-33.343627 2 1 8
-25.934052 2 5 8
-31.193456 1 9
-26.9142 2 5 9
-39.761694 1 10
-35.877044 2 8 10
-29.072271 2 9 10
1 44
-2790.366846 0
-2787.764625 1 0
-2766.21233 1 2
-2683.891472 1 3
-2660.145747 2 2 3
-2767.117126 1 4
-2748.295986 2 2 4
-2635.424776 2 3 4
-2619.82335 3 2 3 4
-2531.661489 1 5
-2522.871889 2 2 5
-2417.111618 2 3 5
-2410.002872 3 2 3 5
-2789.582502 1 6
-2765.486492 2 2 6
-2787.218073 1 7
-2764.567186 2 4 7
-2778.025547 1 8
-2774.198011 2 0 8
-2674.408312 2 3 8
-2671.938675 3 0 3 8
-2755.717322 2 4 8
-2629.54651 3 3 4 8
-2528.095905 2 5 8
-2770.532353 1 9
-2667.241124 2 3 9
-2751.16367 2 4 9
-2625.93993 3 3 4 9
-2526.03913 2 5 9
-2415.672444 3 3 5 9
-2769.524363 1 10
-2748.531474 2 2 10
-2751.977643 2 4 10
-2740.669673 3 2 4 10
-2529.478117 2 5 10
-2766.264887 2 7 10
-2751.997717 2 8 10
-2746.899263 3 2 8 10
-2744.281282 3 4 8 10
-2520.499824 3 5 8 10
-2751.210076 2 9 10
-2745.066958 3 4 9 10
-2520.968191 3 5 9 10
-2743.73785 3 8 9 10
2 33
-80.237373 0
-61.58021 1 0
-56.082856 1 1
-44.330788 2 0 1
-63.132861 1 5
-57.872085 2 0 5
-54.343261 2 1 5
-51.733118 1 7
-40.175691 2 0 7
-38.289447 2 1 7
-32.412743 3 0 1 7
-50.157989 2 4 7
-35.572069 2 5 7
-35.007246 3 0 5 7
-37.171163 1 8
-31.516727 2 0 8
-27.33239 2 1 8
-25.934052 2 5 8
-31.186925 1 9
-28.464023 2 1 9
-30.430259 2 5 9
-31.07744 2 7 9
-29.391433 2 8 9
-50.180784 1 10
-42.10829 2 0 10
-29.187895 2 1 10
-41.201496 2 7 10
-38.107543 3 0 7 10
-36.29296 2 8 10
-29.770259 2 9 10
-27.375044 3 1 9 10
-26.629243 3 7 9 10
-26.630788 3 8 9 10
3 9
-336.346736 0
-229.871362 1 1
-300.589175 1 4
-168.896825 2 1 4
-334.259836 1 5
-219.709965 2 1 5
-281.07886 2 4 5
-200.802317 1 10
-127.036134 2 1 10
4 11
-4611.809876 0
-4588.560156 1 1
-4576.052316 1 3
-4527.585619 2 1 3
-4333.436434 1 5
-4280.255457 2 3 5
-4611.60875 1 6
-4332.814092 2 5 7
-4072.101667 1 10
-4054.554946 2 1 10
-3746.676132 2 5 10
5 32
-3584.55933 0
-3569.09739 1 0
-3325.853972 1 1
-3318.878606 2 0 1
-3567.454818 1 2
-3565.389265 2 0 2
-3324.114377 2 1 2
-3582.47243 1 3
-3567.946008 2 0 3
-3315.692576 2 1 3
-3310.437752 3 0 1 3
-3567.089632 2 2 3
-3306.185888 1 4
-3293.162248 2 0 4
-3078.510475 2 1 4
-3076.44153 3 0 1 4
-3292.231935 2 2 4
-3286.675572 2 3 4
-3276.558632 3 0 3 4
-3276.441261 3 2 3 4
-3303.236825 2 4 7
-3580.006853 1 8
-3568.769742 2 0 8
-3300.536461 2 4 8
-3293.142411 3 0 4 8
-3285.503293 3 3 4 8
-3576.611322 1 9
-3301.999488 2 4 9
-3438.164478 1 10
-3198.118231 2 1 10
-3112.738943 2 4 10
-2941.369535 3 1 4 10
6 4
-16.429902 0
-16.422245 1 0
-15.645557 1 1
-16.228776 1 4
7 11
-101.068126 0
-99.572751 1 0
-97.919353 1 1
-72.563871 1 2
-72.438623 2 2 4
-23.29484 1 8
-65.156085 1 9
-65.0466 2 2 9
-47.852511 1 10
-44.593034 2 1 10
-38.873223 2 2 10
8 29
-149.766855 0
-137.320443 1 0
-137.425556 1 1
-123.753829 2 0 1
-106.700645 1 2
-145.214378 1 5
-136.992796 2 0 5
-71.993569 1 7
-66.424124 2 0 7
-68.292494 2 1 7
-58.45861 3 0 1 7
-62.813206 2 2 7
-62.536668 3 0 2 7
-62.466169 3 1 2 7
-92.596685 1 9
-90.801193 2 2 9
-53.133774 2 7 9
-48.965033 3 1 7 9
-80.974997 1 10
-77.090347 2 0 10
-63.44835 2 1 10
-60.554231 3 0 1 10
-67.087173 2 2 10
-61.543765 2 7 10
-57.25793 3 1 7 10
-55.383267 4 0 1 7 10
-61.09232 3 2 7 10
-72.386883 2 9 10
-52.274149 3 7 9 10
9 22
-137.951324 0
-119.527205 1 0
-118.116831 1 1
-105.446911 2 0 1
-88.900876 1 2
-130.003316 1 5
-102.039283 1 7
-91.799804 2 0 7
-90.921473 2 1 7
-84.392425 3 0 1 7
-81.383605 2 2 7
-99.820829 2 5 7
-80.781154 1 8
-79.805787 2 0 8
-74.718381 2 1 8
-73.001424 2 2 8
-71.594012 3 1 7 8
-99.641158 1 10
-88.951735 2 0 10
-81.326871 2 1 10
-80.619643 3 0 1 10
-79.230633 2 2 10
10 73
-2426.991531 0
-2417.13565 1 0
-2406.149048 1 1
-2400.344824 2 0 1
-2396.934942 1 2
-2379.254087 2 1 2
-2291.447112 1 3
-2283.774248 2 0 3
-2263.298343 2 2 3
-1887.283322 1 4
-1883.453023 2 0 4
-1872.143838 2 1 4
-1866.313311 2 2 4
-1858.686998 3 1 2 4
-1798.080697 2 3 4
-1797.184862 3 0 3 4
-1779.923972 3 2 3 4
-2280.596679 1 5
-2278.413307 2 1 5
-2272.418597 2 2 5
-2149.38624 2 3 5
-2142.913376 3 2 3 5
-1693.836377 2 4 5
-1691.261428 3 2 4 5
-1635.067325 3 3 4 5
-1632.275235 4 2 3 4 5
-2373.775916 1 7
-2365.677931 2 0 7
-2352.82273 2 1 7
-2349.589319 3 0 1 7
-2363.244294 2 2 7
-2346.883695 3 1 2 7
-2240.056693 2 3 7
-2233.584699 3 0 3 7
-2230.074369 3 2 3 7
-1841.316052 2 4 7
-1830.53886 3 1 4 7
-1752.943248 3 3 4 7
-2240.75012 2 5 7
-2111.259258 3 3 5 7
-1662.903615 3 4 5 7
-1603.288115 4 3 4 5 7
-2358.199673 1 8
-2356.905554 2 0 8
-2332.171843 2 1 8
-2357.32147 2 2 8
-2225.630306 2 3 8
-1819.878178 2 4 8
-1808.442139 3 1 4 8
-1732.451042 3 3 4 8
-2231.861234 2 5 8
-2224.265154 3 1 5 8
-2104.486634 3 3 5 8
-1649.308523 3 4 5 8
-1590.70562 4 3 4 5 8
-2388.681365 1 9
-2386.56018 2 0 9
-2369.359088 2 1 9
-2387.2647 2 2 9
-2368.27011 3 1 2 9
-2257.19556 2 3 9
-2255.699195 3 0 3 9
-2256.296062 3 2 3 9
-1857.613587 2 4 9
-1851.516875 3 1 4 9
-1772.355017 3 3 4 9
-2264.401405 2 5 9
-2259.330466 3 1 5 9
-2138.116069 3 3 5 9
-1686.103365 3 4 5 9
-1629.427883 4 3 4 5 9
-2372.30849 2 7 9
-2351.92461 3 1 7 9