11
0 4
-51.098031 0
-47.283594 1 2
-49.066642 1 5
-47.280296 1 9
1 10
-2790.174035 0
-2779.044911 1 2
-2692.651011 1 3
-2767.541666 1 4
-2667.721735 2 3 4
-2532.277195 1 5
-2454.346637 2 3 5
-2787.3607 1 8
-2779.106377 1 9
-2778.922655 1 10
2 8
-81.476051 0
-77.661614 1 0
-70.346927 1 1
-76.290191 1 5
-66.31982 1 7
-52.751463 1 8
-46.800875 1 9
-77.590345 1 10
3 6
-337.240935 0
-239.717911 1 1
-309.765477 1 4
-209.945545 2 1 4
-226.712082 1 10
-221.636319 2 1 10
4 8
-4611.424839 0
-4588.79247 1 1
-4583.949381 1 3
-4559.020105 2 1 3
-4340.670252 1 5
-4324.930755 2 3 5
-4076.641879 1 10
-3807.675515 2 5 10
5 9
-3584.365694 0
-3582.334304 1 0
-3326.468853 1 1
-3579.179834 1 2
-3313.611106 1 4
-3105.016554 2 1 4
-3442.058422 1 10
-3234.010995 2 1 10
-3173.092057 2 4 10
6 1
-18.215073 0
7 5
-102.216843 0
-87.060611 1 2
-39.927263 1 8
-77.676352 1 9
-75.117836 1 10
8 6
-150.816041 0
-148.002707 1 1
-122.091454 1 2
-88.526461 1 7
-106.963305 1 9
-105.672697 1 10
9 7
-139.022449 0
-135.204714 1 0
-127.954791 1 1
-104.347274 1 2
-114.481959 1 7
-95.169713 1 8
-122.821735 1 10
10 12
-2427.903458 0
-2416.652078 1 1
-2424.017752 1 2
-2317.374605 1 3
-1893.120498 1 4
-1886.045323 2 3 4
-2285.596186 1 5
-2237.722526 2 3 5
-1752.601449 2 4 5
-2400.804451 1 7
-2382.760114 1 8
-2411.702744 1 9