58
0 11
-74.817421 1 49
-75.805321 0
-59.256443 1 17
-62.042866 1 16
-57.283237 1 15
-69.653374 1 18
-74.411125 1 20
-65.522270 1 39
-71.928596 1 6
-74.047722 1 41
-75.473213 1 40
1 1
-148.772598 0
2 1
-152.436722 0
3 1
-153.059525 0
4 1
-153.268631 0
5 1
-150.714188 0
6 2
-148.034653 0
-144.157959 1 0
7 1
-148.955948 0
8 1
-150.690628 0
9 1
-151.084152 0
10 1
-151.093735 0
11 1
-148.014145 0
12 1
-152.807663 0
13 1
-149.173508 0
14 1
-150.766830 0
15 2
-136.092484 0
-117.570366 1 0
16 2
-135.099808 0
-121.337334 1 0
17 2
-137.053391 0
-120.504509 1 0
18 2
-148.141922 0
-141.989990 1 0
19 1
-143.892532 0
20 2
-153.331955 0
-151.937744 1 0
21 1
-152.115860 0
22 1
-152.589371 0
23 1
-153.305679 0
24 1
-152.556320 0
25 1
-152.556320 0
26 1
-149.139023 0
27 1
-153.621231 0
28 1
-151.228043 0
29 1
-149.556442 0
30 1
-151.517166 0
31 1
-149.162552 0
32 1
-153.089554 0
33 1
-148.352036 0
34 1
-149.783035 0
35 1
-153.885025 0
36 1
-152.436722 0
37 1
-146.798325 0
38 1
-152.783096 0
39 2
-148.906998 0
-138.623962 1 0
40 2
-143.753006 0
-143.420898 1 0
41 2
-148.134354 0
-146.376740 1 0
42 1
-152.015457 0
43 1
-147.698135 0
44 1
-150.000443 0
45 1
-149.849411 0
46 1
-152.134415 0
47 1
-153.331955 0
48 1
-152.953720 0
49 2
-151.551193 0
-150.563293 1 0
50 1
-148.034683 0
51 1
-153.174728 0
52 1
-149.097031 0
53 1
-152.003799 0
54 1
-152.374374 0
55 1
-153.539536 0
56 1
-153.469986 0
57 1
-150.969498 0
