20
0 13
-2544.274583 0
-2539.743346 2 11 12
-2538.730139 2 12 16
-2538.515381 1 17
-2536.322196 2 12 17
-2498.436804 1 19
-2468.553085 2 9 19
-2455.13292 2 10 19
-2473.479393 2 11 19
-2449.736265 2 12 19
-2493.947464 2 13 19
-2492.94246 2 14 19
-2472.945934 2 16 19
1 76
-2484.984367 0
-2484.116158 1 5
-2056.997513 1 9
-2116.772029 1 10
-2050.353402 1 11
-2123.059189 1 12
-2175.551026 1 13
-2053.545296 2 9 13
-2080.382455 2 10 13
-2092.988347 2 12 13
-2225.395354 1 14
-2014.511395 2 9 14
-2066.466796 2 10 14
-2012.692255 2 11 14
-2084.961609 2 12 14
-2116.919881 2 13 14
-1935.234612 1 15
-1610.481928 2 9 15
-1682.968055 2 10 15
-1555.755553 2 11 15
-1685.746143 2 12 15
-1625.81294 2 13 15
-1738.052976 2 14 15
-2051.915197 1 16
-2013.994744 2 14 16
-1556.395129 2 15 16
-2274.398357 1 17
-1959.481286 2 9 17
-2002.784505 2 10 17
-1952.587522 2 11 17
-1999.377508 2 12 17
-2063.2531 2 13 17
-2013.482476 2 14 17
-1933.341556 3 9 14 17
-1945.304551 3 10 14 17
-1941.168597 3 11 14 17
-1948.805424 3 12 14 17
-1979.370066 3 13 14 17
-1744.250729 2 15 17
-1573.829395 3 9 15 17
-1600.373935 3 10 15 17
-1590.088591 3 12 15 17
-1617.174389 3 13 15 17
-1719.782584 3 14 15 17
-1954.17586 2 16 17
-1942.496321 3 14 16 17
-2044.054873 1 18
-1624.291017 2 9 18
-1736.444677 2 10 18
-1586.000074 2 11 18
-1761.135771 2 12 18
-1755.681082 2 13 18
-1784.239701 2 14 18
-1718.894854 3 10 14 18
-1737.175056 3 12 14 18
-1914.905583 2 15 18
-1587.820286 2 16 18
-1734.945198 2 17 18
-1558.409822 3 9 17 18
-1599.017138 3 10 17 18
-1559.372647 3 11 17 18
-1594.229658 3 12 17 18
-1640.251782 3 13 17 18
-1560.844271 3 16 17 18
-1378.632346 1 19
-1147.933863 2 9 19
-1158.270246 2 10 19
-1177.147206 2 11 19
-1163.455925 2 12 19
-1202.185338 2 13 19
-1148.188427 2 14 19
-1284.807147 2 15 19
-1181.594528 3 13 15 19
-1178.449199 2 16 19
-1204.78099 2 17 19
-1332.129003 2 18 19
2 1
0.0 0
3 3
-934.040377 0
-917.359005 1 15
-933.170896 1 18
4 9
-415.032274 0
-405.987957 1 5
-406.584554 1 7
-414.565536 1 8
-406.262921 1 9
-403.178802 1 11
-404.918082 1 13
-414.083354 1 14
-403.319969 1 16
5 10
-254.95117 0
-254.082961 1 1
-245.906853 1 4
-221.813514 1 6
-212.544467 1 7
-249.213511 1 8
-249.127891 1 13
-254.686281 1 19
-231.353176 2 11 19
-231.353176 2 16 19
6 4
-84.747253 0
-51.609597 1 5
-63.88322 1 7
-81.511844 1 8
7 12
-215.354899 0
-206.907179 1 4
-172.948196 1 5
-194.490866 1 6
-197.287645 1 8
-212.959742 1 11
-209.514359 1 13
-214.349328 1 14
-214.280618 1 15
-212.165302 1 16
-202.680818 2 11 19
-205.401284 2 16 19
8 5
-72.722643 0
-72.255905 1 4
-66.984985 1 5
-69.487235 1 6
-54.65539 1 7
9 67
-1896.110734 0
-1468.123879 1 1
-1887.341381 1 4
-454.519231 1 10
-427.504576 2 1 10
-359.058428 1 11
-236.209997 2 10 11
-577.837541 1 12
-540.148804 2 1 12
-267.437006 2 11 12
-1081.878539 1 13
-959.87281 2 1 13
-368.389662 2 10 13
-469.561204 2 12 13
-1190.685055 1 14
-979.801096 2 1 14
-355.51634 2 10 14
-443.83684 2 12 14
-976.839855 2 13 14
-918.573573 3 1 13 14
-1389.909849 1 15
-1065.157165 2 1 15
-371.41635 2 10 15
-429.668868 2 12 15
-776.371307 2 13 15
-1036.031672 2 14 15
-958.799003 3 1 14 15
-362.008151 1 16
-237.38147 2 10 16
-269.075283 2 12 16
-1285.566424 1 17
-970.649353 2 1 17
-404.996764 2 10 17
-345.961927 2 11 17
-467.997887 2 12 17
-789.889872 2 13 17
-786.818037 3 1 13 17
-955.413511 2 14 17
-875.272591 3 1 14 17
-1037.664833 2 15 17
-867.2435 3 1 15 17
-749.173942 3 13 15 17
-921.879017 3 14 15 17
-349.20856 2 16 17
-1714.207645 1 18
-1294.443789 2 1 18
-1040.428891 2 13 18
-1219.131195 2 17 18
-1525.389785 1 19
-1495.506067 2 0 19
-1294.691302 2 1 19
-398.871603 2 10 19
-510.686452 2 12 19
-911.171129 2 13 19
-867.764203 2 14 19
-864.103974 3 13 14 19
-1049.691059 2 15 19
-968.011088 3 1 15 19
-420.083083 3 12 15 19
-715.395597 3 13 15 19
-788.779219 3 14 15 19
-782.753689 2 17 19
-679.680539 3 13 17 19
-682.844696 3 14 17 19
-638.525359 3 15 17 19
-1321.137566 2 18 19
-1224.284133 3 1 18 19
10 51
-1758.876897 0
-1390.664558 1 1
-317.285394 1 9
-480.619014 1 11
-475.613566 2 0 11
-279.074814 1 12
-185.334244 2 9 12
-219.980565 2 11 12
-1061.204142 1 13
-1060.445716 2 0 13
-966.035571 2 1 13
-1163.549823 1 14
-1004.621265 2 1 14
-479.998734 2 11 14
-272.358008 2 12 14
-970.372296 2 13 14
-1363.466545 1 15
-1111.199988 2 1 15
-256.385119 2 12 15
-847.280415 2 13 15
-1056.475709 2 14 15
-482.397263 1 16
-476.393114 2 0 16
-220.447368 2 12 16
-481.727628 2 14 16
-1241.790935 1 17
-970.177083 2 1 17
-264.207239 2 12 17
-845.213158 2 13 17
-979.774938 2 14 17
-911.597013 3 1 14 17
-1069.402208 2 15 17
-925.525415 3 1 15 17
-1606.356412 1 18
-1298.746215 2 1 18
-1041.370303 2 13 18
-1197.865208 2 17 18
-1478.36738 1 19
-1435.063496 2 0 19
-1258.00528 2 1 19
-908.467329 2 13 19
-890.737928 2 14 19
-1143.320202 2 15 19
-1062.972469 3 1 15 19
-809.937093 3 13 15 19
-868.037745 3 14 15 19
-809.584688 2 17 19
-736.082322 3 13 17 19
-718.03686 3 14 17 19
-742.855523 3 15 17 19
-1349.261855 2 18 19
11 89
-2041.38623 0
-1606.755265 1 1
-2029.532758 1 4
-2038.991073 1 7
-504.333925 1 9
-763.128347 1 10
-763.106165 2 0 10
-732.939007 2 1 10
-850.759704 1 12
-844.755648 2 0 12
-812.515811 2 1 12
-1075.693841 1 13
-979.63206 2 1 13
-387.099117 2 9 13
-522.329708 2 10 13
-592.194175 2 12 13
-1168.504166 1 14
-955.801067 2 1 14
-363.253312 2 9 14
-484.953077 2 10 14
-541.64594 2 12 14
-931.563212 2 13 14
-882.320103 3 1 13 14
-1472.465289 1 15
-1092.98623 2 1 15
-451.761422 2 9 15
-593.28061 2 10 15
-592.513346 3 1 10 15
-618.702572 2 12 15
-611.10474 3 1 12 15
-705.275931 2 13 15
-466.400932 3 10 13 15
-490.557798 3 12 13 15
-1010.782853 2 14 15
-906.221083 3 1 14 15
-36.162671 1 16
-1365.23977 1 17
-1043.428936 2 1 17
-425.635274 2 9 17
-604.224263 2 10 17
-634.560135 2 12 17
-761.136921 2 13 17
-521.379746 3 10 13 17
-552.51362 3 12 13 17
-932.045753 2 14 17
-859.731874 3 1 14 17
-1041.569996 2 15 17
-865.714388 3 1 15 17
-561.946894 3 10 15 17
-556.565901 3 12 15 17
-669.474156 3 13 15 17
-873.817622 3 14 15 17
-1820.189975 1 18
-1362.135175 2 1 18
-740.922594 2 10 18
-719.647311 3 1 10 18
-811.950031 2 12 18
-764.21626 3 1 12 18
-1001.86612 2 13 18
-944.471321 3 1 13 18
-1259.687472 2 17 18
-1575.407587 1 19
-1550.450176 2 0 19
-1373.922447 2 1 19
-1568.791442 2 4 19
-1552.074482 2 5 19
-1553.413538 2 7 19
-450.800945 2 9 19
-616.394758 2 10 19
-697.741548 2 12 19
-893.635802 2 13 19
-788.556814 2 14 19
-780.554977 3 13 14 19
-944.186752 2 15 19
-857.694395 3 1 15 19
-388.405934 3 9 15 19
-410.856975 3 10 15 19
-428.04907 3 12 15 19
-591.501664 3 13 15 19
-669.423311 3 14 15 19
-818.09787 2 17 19
-647.438618 3 13 17 19
-630.819934 3 14 17 19
-566.194213 3 15 17 19
-1281.053249 2 18 19
-1219.751432 3 1 18 19
-590.555996 3 10 18 19
-639.188166 3 12 18 19
-851.281617 3 13 18 19
12 43
-1669.60957 0
-1307.684392 1 1
-351.336378 1 9
-189.807487 1 10
-478.983044 1 11
-466.035264 2 0 11
-990.114023 1 13
-983.877822 2 0 13
-907.551343 2 1 13
-1107.767596 1 14
-967.333851 2 1 14
-917.72834 2 13 14
-1343.163878 1 15
-1093.675409 2 1 15
-831.422365 2 13 15
-1031.214681 2 14 15
-480.29449 1 16
-466.472087 2 0 16
-1211.569025 1 17
-1209.37584 2 0 17
-936.548176 2 1 17
-814.290271 2 13 17
-952.687065 2 14 17
-888.010013 3 1 14 17
-1080.742579 2 15 17
-926.580441 3 1 15 17
-1533.693005 1 18
-1250.773903 2 1 18
-982.033225 2 13 18
-1178.298481 2 17 18
-1395.118938 1 19
-1346.4184 2 0 19
-1179.942518 2 1 19
-847.314958 2 13 19
-851.289496 2 14 19
-1131.409419 2 15 19
-1052.182094 3 1 15 19
-799.41222 3 13 15 19
-763.609896 2 17 19
-703.787749 3 13 17 19
-688.205311 3 14 17 19
-735.205961 3 15 17 19
-1298.728034 2 18 19
13 73
-2220.777369 0
-1911.344028 1 1
-2210.663177 1 4
-2214.95409 1 5
-2214.936829 1 7
-1406.545175 1 9
-1403.092958 2 1 9
-1523.104614 1 10
-1486.715041 2 1 10
-1255.08498 1 11
-1541.281822 1 12
-1539.979705 2 0 12
-1511.210979 2 1 12
-1246.601544 1 14
-1138.126071 2 1 14
-1032.756344 2 9 14
-1053.424017 2 10 14
-1009.660589 2 11 14
-1056.562288 2 12 14
-2036.226067 1 15
-2030.221369 2 0 15
-1726.804394 2 1 15
-1520.039937 2 10 15
-1524.484554 2 12 15
-1504.167088 3 1 12 15
-1181.335197 2 14 15
-1032.022652 3 9 14 15
-988.100499 3 11 14 15
-1252.797023 1 16
-1009.047755 2 14 16
-987.92112 3 14 15 16
-1865.861448 1 17
-1654.716191 2 1 17
-1370.184897 2 9 17
-1469.283672 2 10 17
-1468.582695 2 12 17
-1203.095949 2 14 17
-1714.194119 2 15 17
-1587.117779 3 1 15 17
-1148.445557 3 14 15 17
-2056.16629 1 18
-1767.792498 2 1 18
-1382.387536 2 9 18
-1491.180181 2 10 18
-1237.842435 2 11 18
-1504.506509 2 12 18
-1192.909685 2 14 18
-1992.787748 2 15 18
-1235.648742 2 16 18
-1718.272314 2 17 18
-1623.578899 3 1 17 18
-1898.111127 1 19
-1893.621787 2 0 19
-1721.664119 2 1 19
-1283.892471 2 9 19
-1328.211076 2 10 19
-1216.339342 2 11 19
-1350.307146 2 12 19
-1002.787408 2 14 19
-999.127179 3 9 14 19
-994.785572 3 11 14 19
-1639.785916 2 15 19
-1536.573296 3 1 15 19
-1306.402806 3 10 15 19
-1307.788717 3 12 15 19
-1214.683577 2 16 19
-994.165041 3 14 16 19
-1449.359912 2 17 19
-984.105314 3 14 17 19
-1348.988845 3 15 17 19
-1738.152181 2 18 19
-1700.754617 3 1 18 19
-1447.491679 3 17 18 19
14 102
-2090.109005 0
-1830.519991 1 1
-2089.160085 1 4
-2089.103434 1 7
-1384.683326 1 9
-1342.197208 2 1 9
-1494.781931 1 10
-1444.476698 2 1 10
-1217.226941 1 11
-1179.565793 2 1 11
-1216.606661 2 10 11
-1528.267031 1 12
-1490.16945 2 1 12
-1115.93318 1 13
-1057.302035 2 1 13
-1010.894496 2 9 13
-1025.101334 2 10 13
-971.80255 2 11 13
-959.990078 3 1 11 13
-1043.547498 2 12 13
-1539.35047 1 15
-1342.168833 2 1 15
-1185.472293 2 9 15
-1232.359634 2 10 15
-1077.668033 2 11 15
-1227.401272 2 12 15
-684.4596 2 13 15
-1214.602894 1 16
-1176.682441 2 1 16
-1213.933259 2 10 16
-970.853625 2 13 16
-959.415148 3 1 13 16
-1075.238917 2 15 16
-1604.85629 1 17
-1343.940409 2 1 17
-1274.703377 2 9 17
-1248.563647 3 1 9 17
-1342.840293 2 10 17
-1285.360338 3 1 10 17
-1171.662272 2 11 17
-1160.243347 3 1 11 17
-1345.974329 2 12 17
-1295.402246 3 1 12 17
-942.090791 2 13 17
-858.207757 3 1 13 17
-1276.118781 2 15 17
-1251.650636 3 1 15 17
-1160.332965 3 9 15 17
-1194.637542 3 10 15 17
-1178.59115 3 12 15 17
-1170.064262 2 16 17
-1158.384723 3 1 16 17
-1692.240445 1 18
-1432.425273 2 1 18
-1213.51403 2 9 18
-1294.230031 2 10 18
-1276.680209 3 1 10 18
-1084.231579 2 11 18
-1311.669824 2 12 18
-1287.709108 3 1 12 18
-828.98384 2 13 18
-1500.958916 2 15 18
-1082.37387 2 16 18
-1257.005093 2 17 18
-1130.391888 3 9 17 18
-1176.019302 3 10 17 18
-1064.893448 3 11 17 18
-1169.274001 3 12 17 18
-790.51797 3 13 17 18
-1064.038205 3 16 17 18
-1969.602488 1 19
-1964.108145 2 0 19
-1739.15857 2 1 19
-1311.976906 2 9 19
-1381.973036 2 10 19
-1182.751715 2 11 19
-1425.773046 2 12 19
-1074.278769 2 13 19
-961.197944 3 11 13 19
-1344.360554 2 15 19
-1276.349961 3 1 15 19
-1083.448713 3 9 15 19
-1069.078097 3 10 15 19
-1069.597113 3 11 15 19
-1070.413825 3 12 15 19
-1178.7718 2 16 19
-958.253263 3 13 16 19
-1068.935343 3 15 16 19
-1317.83521 2 17 19
-1217.926218 3 9 17 19
-1226.287382 3 10 17 19
-1130.557275 3 11 17 19
-1242.430625 3 12 17 19
-852.580612 3 13 17 19
-1133.089386 3 15 17 19
-1129.20828 3 16 17 19
-1498.136022 2 18 19
-1424.625417 3 1 18 19
-1183.656093 3 9 18 19
-1178.505529 3 10 18 19
-1189.763832 3 12 18 19
-1212.769904 3 17 18 19
15 91
-2284.570614 0
-1734.820859 1 1
-2267.889242 1 3
-2283.496334 1 7
-1778.369729 1 9
-1331.854145 2 1 9
-1889.160262 1 10
-1455.356288 2 1 10
-1715.649673 1 11
-1221.051824 2 1 11
-1958.124922 1 12
-1520.811876 2 1 12
-2100.019311 1 13
-2095.02705 2 0 13
-1550.281226 2 1 13
-1886.095585 2 10 13
-1941.327654 2 12 13
-1513.767985 3 1 12 13
-1733.812079 1 14
-1246.469701 2 1 14
-1579.158696 2 9 14
-1225.467607 3 1 9 14
-1626.737965 2 10 14
-1576.090765 2 11 14
-1196.889716 3 1 11 14
-1657.259164 2 12 14
-1668.545732 2 13 14
-1578.425004 3 9 13 14
-1554.530675 3 11 13 14
-1719.632618 1 16
-1224.11255 2 1 16
-1580.268642 2 14 16
-1199.950197 3 1 14 16
-1559.142007 3 13 14 16
-1860.989386 1 17
-1330.841758 2 1 17
-1613.087796 2 9 17
-1227.435905 3 1 9 17
-1688.60066 2 10 17
-1286.19009 3 1 10 17
-1537.319612 2 11 17
-1153.12721 3 1 11 17
-1730.16294 2 12 17
-1320.874024 3 1 12 17
-1709.322057 2 13 17
-1263.243345 3 1 13 17
-1532.251878 2 14 17
-1238.551985 3 1 14 17
-1498.717384 3 9 14 17
-1474.023747 3 11 14 17
-1477.601485 3 13 14 17
-1542.131834 2 16 17
-1156.468869 3 1 16 17
-1479.097111 3 14 16 17
-1310.456783 1 18
-1181.307493 2 1 18
-1006.961326 2 9 18
-1088.710735 2 10 18
-978.674863 2 11 18
-1141.412223 2 12 18
-1247.078241 2 13 18
-1119.175254 2 14 18
-983.071269 2 16 18
-1097.872673 2 17 18
-1079.368458 3 10 17 18
-1734.897127 1 19
-1641.071929 2 1 19
-1259.198402 2 9 19
-1399.84995 2 10 19
-1103.676292 2 11 19
-1471.187608 2 12 19
-1476.571916 2 13 19
-1455.981106 3 1 13 19
-1378.04168 3 10 13 19
-1428.669178 3 12 13 19
-1109.655193 2 14 19
-1030.670209 3 9 14 19
-1086.95501 3 10 14 19
-990.521691 3 11 14 19
-1105.623558 2 16 19
-995.787101 3 14 16 19
-1254.091349 2 17 19
-1109.86302 3 9 17 19
-1187.362184 3 10 17 19
-1002.187693 3 11 17 19
-1225.687415 3 12 17 19
-1153.720283 3 13 17 19
-1069.345525 3 14 17 19
-1006.849902 3 16 17 19
-1276.836792 2 18 19
-1228.527877 3 13 18 19
16 90
-2043.709353 0
-1610.640183 1 1
-2031.997047 1 4
-2040.519756 1 7
-509.60677 1 9
-767.229719 1 10
-766.070251 2 0 10
-738.275869 2 1 10
-38.485793 1 11
-854.394272 1 12
-847.377009 2 0 12
-817.488002 2 1 12
-1075.729007 1 13
-981.069439 2 1 13
-390.207829 2 9 13
-524.190823 2 10 13
-593.584836 2 12 13
-1168.203242 1 14
-956.802632 2 1 14
-365.88657 2 9 14
-486.381047 2 10 14
-542.606676 2 12 14
-930.649452 2 13 14
-883.182553 3 1 13 14
-1478.771357 1 15
-1099.931873 2 1 15
-1478.265086 2 7 15
-458.808445 2 9 15
-600.1942 2 10 15
-599.738716 3 1 10 15
-625.49108 2 12 15
-618.139345 3 1 12 15
-709.359313 2 13 15
-470.971711 3 10 13 15
-495.128578 3 12 13 15
-1014.659805 2 14 15
-910.283129 3 1 14 15
-1364.31074 1 17
-1044.088243 2 1 17
-427.952876 2 9 17
-605.226551 2 10 17
-635.035837 2 12 17
-758.19462 2 13 17
-520.421569 3 10 13 17
-551.025753 3 12 13 17
-929.518712 2 14 17
-858.532557 3 1 14 17
-1045.453187 2 15 17
-869.715354 3 1 15 17
-566.672942 3 10 15 17
-561.109879 3 12 15 17
-671.463796 3 13 15 17
-876.363946 3 14 15 17
-1821.746759 1 18
-1365.512171 2 1 18
-744.257627 2 10 18
-724.476252 3 1 10 18
-814.81826 2 12 18
-768.68053 3 1 12 18
-1001.229211 2 13 18
-945.610177 3 1 13 18
-1258.015674 2 17 18
-1576.205901 1 19
-1550.715031 2 0 19
-1376.022755 2 1 19
-1569.792741 2 4 19
-1552.872797 2 5 19
-1556.932318 2 7 19
-454.637927 2 9 19
-618.728181 2 10 19
-699.59962 2 12 19
-892.778352 2 13 19
-785.375213 2 14 19
-776.752846 3 13 14 19
-946.932332 2 15 19
-857.694395 3 1 15 19
-391.151514 3 9 15 19
-413.602555 3 10 15 19
-430.79465 3 12 15 19
-592.943542 3 13 15 19
-671.507121 3 14 15 19
-816.295682 2 17 19
-643.997596 3 13 17 19
-627.668752 3 14 17 19
-569.054234 3 15 17 19
-1278.332738 2 18 19
-1219.077761 3 1 18 19
-589.370593 3 10 18 19
-637.527411 3 12 18 19
-847.479485 3 13 18 19
17 111
-2327.507586 0
-2321.748384 1 0
-2116.921576 1 1
-2112.714195 2 0 1
-1716.963276 1 9
-1619.447049 2 1 9
-1810.421624 1 10
-1803.942355 2 0 10
-1696.4341 2 1 10
-1651.361126 1 11
-1553.595246 2 1 11
-1638.264625 2 9 11
-1869.467041 1 12
-1860.041834 2 0 12
-1745.785359 2 1 12
-1972.591665 1 13
-1860.293739 2 1 13
-1680.602998 2 9 13
-1756.600682 2 10 13
-1796.767914 2 12 13
-1842.254871 1 14
-1630.341993 2 1 14
-1606.983327 2 9 14
-1525.813488 3 1 9 14
-1658.479986 2 10 14
-1537.31774 3 1 10 14
-1605.796457 2 11 14
-1534.272799 3 1 11 14
-1687.174339 2 12 14
-1551.018155 3 1 12 14
-1798.749276 2 13 14
-1903.926358 1 15
-1712.942474 2 1 15
-1551.681342 2 9 15
-1515.028809 3 1 9 15
-1609.862022 2 10 15
-1527.267902 3 1 10 15
-1473.031065 2 11 15
-1641.505059 2 12 15
-1545.847507 3 1 12 15
-1581.89441 2 13 15
-1573.255859 3 1 13 15
-1581.742442 3 10 13 15
-1640.69467 2 14 15
-1622.424278 3 1 14 15
-1526.542015 3 9 14 15
-1572.13993 3 10 14 15
-1592.694936 3 12 14 15
-1648.108973 1 16
-1550.369636 2 1 16
-1635.309382 2 9 16
-1603.570341 2 14 16
-1532.071918 3 1 14 16
-1470.608188 2 15 16
-2096.408937 1 18
-1787.299262 2 1 18
-1601.332488 2 9 18
-1535.451292 3 1 9 18
-1687.917734 2 10 18
-1550.490195 3 1 10 18
-1535.906435 2 11 18
-1509.279008 3 1 11 18
-1741.014413 2 12 18
-1574.1083 3 1 12 18
-1758.514961 2 13 18
-1643.085662 3 1 13 18
-1720.954409 3 12 13 18
-1661.173585 2 14 18
-1615.014741 3 1 14 18
-1518.210346 3 9 14 18
-1569.707005 3 10 14 18
-1516.568303 3 11 14 18
-1598.61859 3 12 14 18
-1883.824828 2 15 18
-1532.677852 2 16 18
-1505.701838 3 1 16 18
-1514.342187 3 14 16 18
-2191.435525 1 19
-2017.58417 2 1 19
-1448.799429 2 9 19
-1522.652834 2 10 19
-1434.125808 2 11 19
-1559.926483 2 12 19
-1742.684311 2 13 19
-1539.668248 2 14 19
-1354.748741 3 9 14 19
-1366.967179 3 10 14 19
-1381.931368 3 11 14 19
-1376.584062 3 12 14 19
-1520.986154 3 13 14 19
-1710.629748 2 15 19
-1648.045245 3 1 15 19
-1299.464047 3 9 15 19
-1310.165069 3 10 15 19
-1332.637208 3 11 15 19
-1314.42629 3 12 15 19
-1419.832678 3 13 15 19
-1499.35858 3 14 15 19
-1431.525306 2 16 19
-1381.961787 3 14 16 19
-1332.75165 3 15 16 19
-1818.744142 2 18 19
-1736.459952 3 1 18 19
-1334.328027 3 9 18 19
-1351.706336 3 10 18 19
-1358.489254 3 11 18 19
-1365.634658 3 12 18 19
-1528.08364 3 13 18 19
-1533.378024 3 14 18 19
-1699.455438 3 15 18 19
-1358.519673 3 16 18 19
18 51
-1488.637121 0
-1047.707627 1 1
-1487.76764 1 3
-1306.734032 1 9
-874.027536 2 1 9
-1336.116636 1 10
-955.789284 2 1 10
-1267.440866 1 11
-803.087537 2 1 11
-1352.720556 1 12
-990.797138 2 1 12
-1324.026042 1 13
-904.156097 2 1 13
-1282.576393 2 9 13
-1304.192203 2 10 13
-1250.198321 2 11 13
-1315.945244 2 12 13
-1090.768561 1 14
-649.612908 2 1 14
-1037.076702 2 13 14
-514.52329 1 15
-494.19426 2 1 15
-471.084971 2 13 15
-476.131736 2 14 15
-1266.674527 1 16
-802.579616 2 1 16
-1249.526246 2 13 16
-1257.538472 1 17
-718.085313 2 1 17
-1191.103244 2 9 17
-1213.612745 2 10 17
-1151.986174 2 11 17
-1224.267928 2 12 17
-1109.949338 2 13 17
-686.948021 3 1 13 17
-909.687275 2 14 17
-634.285657 3 1 14 17
-494.42176 2 15 17
-1151.243407 2 16 17
-984.429291 1 19
-937.925949 2 1 19
-780.177072 2 9 19
-855.323766 2 10 19
-690.074954 2 11 19
-888.038387 2 12 19
-824.470345 2 13 19
-512.962825 2 14 19
-686.556128 2 16 19
-611.737908 2 17 19
-609.869675 3 13 17 19
-506.672602 3 14 17 19
19 152
-2500.217003 0
-2454.379223 1 0
-1393.864981 1 1
-1371.783736 2 0 1
-2499.952114 1 5
-2129.496054 1 9
-2043.15288 2 0 9
-1220.432404 2 1 9
-1208.631081 3 0 1 9
-2219.707486 1 10
-2127.132545 2 0 10
-1261.205703 2 1 10
-1242.008269 3 0 1 10
-2034.238359 1 11
-1955.026627 2 0 11
-1161.032163 2 1 11
-1153.773912 3 0 1 11
-2010.476016 2 5 11
-2023.959436 2 7 11
-2225.726371 1 12
-2129.715234 2 0 12
-1266.123107 2 1 12
-1248.814676 3 0 1 12
-2177.550761 1 13
-2120.816738 2 0 13
-1204.185072 2 1 13
-2006.84335 2 9 13
-1193.586777 3 1 9 13
-2024.813948 2 10 13
-1200.061664 3 1 10 13
-1995.492722 2 11 13
-2034.751696 2 12 13
-2379.710486 1 14
-2317.847743 2 0 14
-1302.50356 2 1 14
-2056.789634 2 9 14
-2028.172603 3 0 9 14
-2106.898591 2 10 14
-2076.907376 3 0 10 14
-1999.763134 2 11 14
-2123.232386 2 12 14
-2092.796247 3 0 12 14
-2135.89635 2 13 14
-1984.888116 3 11 13 14
-1950.543516 1 15
-1920.280733 2 0 15
-1300.116051 2 1 15
-1610.324726 2 9 15
-1573.55418 3 0 9 15
-1202.969974 3 1 9 15
-1730.397173 2 10 15
-1683.229724 3 0 10 15
-1251.888532 3 1 10 15
-1422.264979 2 11 15
-1405.11099 3 0 11 15
-1064.824216 3 1 11 15
-1738.789057 2 12 15
-1688.732586 3 0 12 15
-1258.622736 3 1 12 15
-1554.103365 2 13 15
-1109.884953 3 1 13 15
-1493.127655 3 9 13 15
-1516.760043 3 10 13 15
-1522.09322 3 12 13 15
-1755.5536 2 14 15
-1234.297179 3 1 14 15
-1508.301147 3 9 14 15
-1567.115636 3 10 14 15
-1414.194059 3 11 14 15
-1581.80161 3 12 14 15
-2032.713551 1 16
-1953.106944 2 0 16
-1159.247554 2 1 16
-1151.1069 3 0 1 16
-2008.885137 2 5 16
-2025.949533 2 7 16
-1994.600105 2 13 16
-1996.882457 2 14 16
-1981.999743 3 13 14 16
-1418.704491 2 15 16
-1399.948093 3 0 15 16
-1057.878573 3 1 15 16
-1412.400916 3 14 15 16
-2364.144942 1 17
-2344.11916 2 0 17
-1294.527575 2 1 17
-1861.332207 2 9 17
-1158.03213 3 1 9 17
-1931.938695 2 10 17
-1198.071306 3 1 10 17
-1817.003041 2 11 17
-1137.661118 3 1 11 17
-1916.185813 2 12 17
-1191.863068 3 1 12 17
-1947.643406 2 13 17
-1147.434595 3 1 13 17
-1837.434073 3 9 13 17
-1838.51257 3 10 13 17
-1837.140884 3 12 13 17
-2077.123863 2 14 17
-1286.938759 3 1 14 17
-1804.555048 3 9 14 17
-1815.385785 3 10 14 17
-1775.898044 3 11 14 17
-1812.642109 3 12 14 17
-1858.133228 3 13 14 17
-1757.246905 2 15 17
-1235.218821 3 1 15 17
-1358.107432 3 9 15 17
-1430.70022 3 10 15 17
-1281.871122 3 11 15 17
-1411.710288 3 12 15 17
-1392.041632 3 13 15 17
-1614.21751 3 14 15 17
-1816.129885 2 16 17
-1137.606897 3 1 16 17
-1775.273902 3 14 16 17
-1280.847953 3 15 16 17
-1996.009173 1 18
-1971.885738 2 0 18
-1284.083303 2 1 18
-1602.939094 2 9 18
-1593.342952 3 0 9 18
-1213.923647 3 1 9 18
-1738.914616 2 10 18
-1719.391364 3 0 10 18
-1253.327503 3 1 10 18
-1456.872447 2 11 18
-1141.69956 3 1 11 18
-1761.044202 2 12 18
-1737.266702 3 0 12 18
-1256.795504 3 1 12 18
-1677.995064 2 13 18
-1574.18117 3 9 13 18
-1617.891333 3 10 13 18
-1635.072996 3 12 13 18
-1801.90475 2 14 18
-1276.283447 3 1 14 18
-1573.081157 3 9 14 18
-1623.190114 3 10 14 18
-1639.13821 3 12 14 18
-1452.595152 2 16 18
-1137.648893 3 1 16 18
-1718.344378 2 17 18
-1233.243994 3 1 17 18
-1335.934634 3 9 17 18
-1402.703218 3 10 17 18
-1279.455266 3 11 17 18
-1385.664447 3 12 17 18
-1447.563743 3 13 17 18
-1674.109189 3 14 17 18
-1278.436972 3 16 17 18