10
0 112
-15870.105385 0
-15837.498762 1 1
-15191.186293 1 2
-15158.806799 2 1 2
-12877.744324 1 4
-12836.838871 2 1 4
-11295.033311 2 2 4
-11237.065257 3 1 2 4
-9728.175862 1 6
-9724.463866 2 1 6
-8533.781581 2 2 6
-8529.794101 3 1 2 6
-6866.350325 2 4 6
-6848.701359 3 1 4 6
-4973.779736 3 2 4 6
-4942.424551 4 1 2 4 6
-13150.830921 1 7
-13114.373114 2 1 7
-10982.276339 2 2 7
-10939.102084 3 1 2 7
-12482.111954 2 4 7
-12441.519596 3 1 4 7
-10498.371313 3 2 4 7
-10451.410835 4 1 2 4 7
-6673.481396 2 6 7
-6655.299099 3 1 6 7
-4753.518002 3 2 6 7
-4731.174219 4 1 2 6 7
-6570.861766 3 4 6 7
-6562.369724 4 1 4 6 7
-4681.607181 4 2 4 6 7
-4673.555485 5 1 2 4 6 7
-10224.425093 1 8
-10172.790902 2 1 8
-8548.381248 2 2 8
-8484.16881 3 1 2 8
-9931.094106 2 4 8
-9912.089097 3 1 4 8
-8347.339503 3 2 4 8
-8312.948051 4 1 2 4 8
-5130.313485 2 6 8
-5093.511022 3 1 6 8
-3185.269209 3 2 6 8
-3136.160421 4 1 2 6 8
-5003.57866 3 4 6 8
-4986.382312 4 1 4 6 8
-3118.962477 4 2 4 6 8
-3087.579288 5 1 2 4 6 8
-9993.206747 2 7 8
-9956.979321 3 1 7 8
-7986.764896 3 2 7 8
-7945.072989 4 1 2 7 8
-9863.792286 3 4 7 8
-9853.259396 4 1 4 7 8
-7881.195266 4 2 4 7 8
-7867.464043 5 1 2 4 7 8
-5089.300861 3 6 7 8
-5061.150357 4 1 6 7 8
-3177.772306 4 2 6 7 8
-5000.039908 4 4 6 7 8
-3112.855609 5 2 4 6 7 8
-11545.439397 1 9
-11525.968907 2 1 9
-9617.142672 2 2 9
-9596.362359 3 1 2 9
-9341.097455 2 4 9
-9322.764824 3 1 4 9
-7557.859164 3 2 4 9
-7537.193401 4 1 2 4 9
-8117.739181 2 6 9
-6117.315799 3 2 6 9
-5935.694433 3 4 6 9
-4050.308007 4 2 4 6 9
-9282.755077 2 7 9
-9258.889614 3 1 7 9
-7195.616358 3 2 7 9
-7171.079442 4 1 2 7 9
-9114.12972 3 4 7 9
-9098.65939 4 1 4 7 9
-7066.125862 4 2 4 7 9
-7048.139547 5 1 2 4 7 9
-5868.38191 3 6 7 9
-5866.41342 4 1 6 7 9
-3970.760735 4 2 6 7 9
-3967.127104 5 1 2 6 7 9
-5767.797615 4 4 6 7 9
-3894.221229 5 2 4 6 7 9
-8396.170153 2 8 9
-8359.47341 3 1 8 9
-6484.478054 3 2 8 9
-6449.031991 4 1 2 8 9
-7938.679125 3 4 8 9
-7933.385233 4 1 4 8 9
-6151.664221 4 2 4 8 9
-6145.446407 5 1 2 4 8 9
-5030.957523 3 6 8 9
-5014.896243 4 1 6 8 9
-3114.055779 4 2 6 8 9
-3097.333182 5 1 2 6 8 9
-4933.429614 4 4 6 8 9
-3047.441366 5 2 4 6 8 9
-8080.159359 3 7 8 9
-8064.952512 4 1 7 8 9
-5989.488912 4 2 7 8 9
-5975.547368 5 1 2 7 8 9
-7911.384586 4 4 7 8 9
-5855.674029 5 2 4 7 8 9
-4990.322695 4 6 7 8 9
-4988.832034 5 1 6 7 8 9
-3102.642592 5 2 6 7 8 9
-4921.596664 5 4 6 7 8 9
-3047.225537 6 2 4 6 7 8 9
1 22
-228.317457 0
-195.710834 1 0
-191.828033 2 0 4
-180.460897 3 0 2 4
-202.959916 1 6
-194.028216 2 0 7
-193.584557 3 0 2 7
-219.840574 2 4 7
-179.248216 3 0 4 7
-193.480491 3 0 6 7
-197.011005 3 4 6 7
-222.133163 1 8
-170.498972 2 0 8
-163.096033 3 0 2 8
-197.427176 2 4 8
-212.518884 2 7 8
-194.218923 3 4 7 8
-155.664966 1 9
-136.194476 2 0 9
-146.477338 2 6 9
-123.625594 3 0 8 9
-141.253433 3 4 8 9
2 82
-8940.479136 0
-8261.560044 1 0
-8931.053249 1 3
-8253.088664 2 0 3
-8449.008862 1 4
-6866.297849 2 0 4
-6854.930713 3 0 1 4
-8439.214419 2 3 4
-6856.142252 3 0 3 4
-6844.698737 4 0 1 3 4
-6867.640229 1 6
-5673.245948 2 0 6
-6866.375689 2 3 6
-6225.7715 2 4 6
-4333.200911 3 0 4 6
-4324.942295 4 0 1 4 6
-8800.782278 1 7
-6632.227695 2 0 7
-6631.784037 3 0 1 7
-8793.954114 2 3 7
-6628.966728 3 0 3 7
-7396.944785 2 4 7
-5413.204144 3 0 4 7
-7392.551177 3 3 4 7
-5411.186469 4 0 3 4 7
-5410.832034 5 0 1 3 4 7
-6561.357175 2 6 7
-4641.393781 3 0 6 7
-6216.137226 3 4 6 7
-4326.882641 4 0 4 6 7
-8774.302949 1 8
-7098.259104 2 0 8
-7090.856165 3 0 1 8
-8765.501818 2 3 8
-7092.143309 3 0 3 8
-7085.839626 4 0 1 3 8
-6651.819687 2 6 8
-4706.775411 3 0 6 8
-4702.729371 4 0 1 6 8
-6648.171365 3 3 6 8
-6221.391673 3 4 6 8
-8447.057577 2 7 8
-6440.615727 3 0 7 8
-8442.307473 3 3 7 8
-6438.095524 4 0 3 7 8
-7392.033175 3 4 7 8
-5409.436155 4 0 4 7 8
-7383.270163 4 3 4 7 8
-5400.660553 5 0 3 4 7 8
-6559.770391 4 3 6 7 8
-8890.021992 1 9
-6961.725268 2 0 9
-8882.560785 2 3 9
-6956.025432 3 0 3 9
-6679.856636 3 0 4 9
-6664.920612 4 0 3 4 9
-6744.379916 2 6 9
-4743.956533 3 0 6 9
-6171.049663 3 4 6 9
-4285.663238 4 0 4 6 9
-8267.204229 2 7 9
-6180.065511 3 0 7 9
-8264.284624 3 3 7 9
-6177.756014 4 0 3 7 9
-7364.866772 3 4 7 9
-5316.862913 4 0 4 7 9
-7357.976397 4 3 4 7 9
-5308.302214 5 0 3 4 7 9
-6504.950983 3 6 7 9
-4607.329808 4 0 6 7 9
-6867.150164 3 0 8 9
-6862.221026 4 0 3 8 9
-6571.410129 3 6 8 9
-4654.508385 4 0 6 8 9
-8242.551309 3 7 8 9
-6151.880862 4 0 7 8 9
-8240.544306 4 3 7 8 9
-6149.163937 5 0 3 7 8 9
-5309.765727 5 0 4 7 8 9
-7356.985103 5 3 4 7 8 9
-5298.234862 6 0 3 4 7 8 9
-6503.15187 4 6 7 8 9
3 13
-92.472843 0
-83.046955 1 2
-85.946632 1 4
-76.152188 2 2 4
-90.156776 1 5
-81.344609 2 2 5
-87.231567 1 6
-79.480548 2 4 6
-83.715457 2 5 6
-87.696612 1 7
-80.868449 2 2 7
-89.786416 1 8
-80.985286 2 2 8
4 130
-29916.640294 0
-26924.279232 1 0
-26920.396432 2 0 1
-29425.17002 1 2
-25529.017038 2 0 2
-25511.338591 3 0 1 2
-29910.114083 1 3
-26923.789983 2 0 3
-29418.275253 2 2 3
-25526.843571 3 0 2 3
-29878.308773 1 5
-26898.627777 2 0 5
-29387.684096 2 2 5
-25502.353244 3 0 2 5
-25486.901895 4 0 1 2 5
-29630.913518 1 6
-26769.087982 2 0 6
-26763.023999 3 0 1 6
-28989.044789 2 2 6
-25429.042944 3 0 2 6
-25410.013182 4 0 1 2 6
-29623.1625 2 3 6
-26767.152521 3 0 3 6
-26762.013014 4 0 1 3 6
-28985.371257 3 2 3 6
-29593.613366 2 5 6
-26746.257607 3 0 5 6
-26742.158859 4 0 1 5 6
-28953.292859 3 2 5 6
-25406.723533 4 0 2 5 6
-25388.493773 5 0 1 2 5 6
-13982.525623 1 7
-13313.806656 2 0 7
-13971.880175 2 1 7
-13299.026657 3 0 1 7
-12578.68813 2 2 7
-12094.783105 3 0 2 7
-12568.332062 3 1 2 7
-12080.640812 4 0 1 2 7
-9941.115057 2 6 7
-9838.495426 3 0 6 7
-9926.463273 3 1 6 7
-9833.533898 4 0 1 6 7
-9595.895108 3 2 6 7
-9523.984287 4 0 2 6 7
-9577.198177 4 1 2 6 7
-9519.579444 5 0 1 2 6 7
-9940.483653 3 3 6 7
-22183.941317 1 8
-21890.610329 2 0 8
-22159.23533 2 1 8
-21864.336702 2 2 8
-21663.294957 3 0 2 8
-21843.451707 3 1 2 8
-21862.976806 3 2 3 8
-21662.235645 4 0 2 3 8
-21940.26531 2 6 8
-21813.530485 3 0 6 8
-21931.464286 3 1 6 8
-21509.837296 3 2 6 8
-21443.530564 4 0 2 6 8
-21502.245683 4 1 2 6 8
-21932.844639 3 3 6 8
-21926.104366 4 1 3 6 8
-12685.103272 2 7 8
-12555.688811 3 0 7 8
-12666.803311 3 1 7 8
-11630.078869 3 2 7 8
-11524.509239 4 0 2 7 8
-11609.629041 4 1 2 7 8
-9860.386585 3 6 7 8
-9771.125632 4 0 6 7 8
-9854.490213 4 1 6 7 8
-9522.331508 4 2 6 7 8
-9457.414811 5 0 2 6 7 8
-9512.247387 5 1 2 6 7 8
-9856.457827 4 3 6 7 8
-9852.171919 5 1 3 6 7 8
-25533.267852 1 9
-23328.925911 2 0 9
-25106.340787 2 2 9
-23047.057279 3 0 2 9
-25100.884451 3 2 3 9
-23044.95348 4 0 2 3 9
-25503.925223 2 5 9
-23300.733678 3 0 5 9
-25078.718764 3 2 5 9
-23017.989254 4 0 2 5 9
-25336.228027 2 6 9
-23154.183278 3 0 6 9
-24762.897774 3 2 6 9
-22695.889982 4 0 2 6 9
-25334.150478 3 3 6 9
-25308.31306 3 5 6 9
-23126.459246 4 0 5 6 9
-24737.723485 4 2 5 6 9
-22668.939733 5 0 2 5 6 9
-12068.164581 2 7 9
-11899.539224 3 0 7 9
-12065.314689 3 1 7 9
-11165.827123 3 2 7 9
-11036.336627 4 0 2 7 9
-9762.81544 3 6 7 9
-9662.231146 4 0 6 7 9
-9431.797812 4 2 6 7 9
-9355.258306 5 0 2 6 7 9
-9429.891554 5 1 2 6 7 9
-21556.26626 2 8 9
-21098.775232 3 0 8 9
-21537.197357 3 1 8 9
-21247.305253 3 2 8 9
-20914.49142 4 0 2 8 9
-21232.053307 4 1 2 8 9
-21247.179754 4 2 3 8 9
-21008.105069 3 6 8 9
-20910.57716 4 0 6 8 9
-21004.786717 4 1 6 8 9
-20611.264689 4 2 6 8 9
-20544.650276 5 0 2 6 8 9
-20610.360579 5 1 2 6 8 9
-11964.366733 3 7 8 9
-11795.59196 4 0 7 8 9
-11961.644727 4 1 7 8 9
-11087.291708 4 2 7 8 9
-10953.476825 5 0 2 7 8 9
-11082.763835 5 1 2 7 8 9
-9693.464917 4 6 7 8 9
-9624.738887 5 0 6 7 8 9
-9373.753413 5 2 6 7 8 9
-9318.336357 6 0 2 6 7 8 9
5 5
-306.355976 0
-304.03991 1 3
-268.024456 1 4
-268.903917 1 7
-262.564049 1 8
6 120
-24791.58007 0
-18649.650546 1 0
-24766.222529 1 1
-22718.741162 1 2
-16061.33645 2 0 2
-22696.164889 2 1 2
-24786.338794 1 3
-18642.910216 2 0 3
-24763.985528 2 1 3
-24505.853295 1 4
-18494.459296 2 0 4
-24483.952712 2 1 4
-22282.615932 2 2 4
-15961.362357 3 0 2 4
-22260.467487 3 1 2 4
-24499.387211 2 3 4
-18486.272754 3 0 3 4
-24478.907395 3 1 3 4
-20835.644128 1 7
-14358.294603 2 0 7
-20816.820894 2 1 7
-14357.746879 3 0 1 7
-18596.219025 2 2 7
-12367.460688 3 0 2 7
-18579.475937 3 1 2 7
-14356.817254 3 0 3 7
-16794.233561 2 4 7
-10882.983373 3 0 4 7
-16771.403991 3 1 4 7
-15613.426002 3 2 4 7
-9796.66187 4 0 2 4 7
-15588.342053 4 1 2 4 7
-16793.567273 3 3 4 7
-23392.290515 1 8
-18298.178907 2 0 8
-23379.954957 2 1 8
-21269.807254 2 2 8
-15906.695214 3 0 2 8
-21260.556673 3 1 2 8
-23390.257561 2 3 8
-18289.427188 3 0 3 8
-23148.614508 2 4 8
-18221.099063 3 0 4 8
-20915.307847 3 2 4 8
-15686.930822 4 0 2 4 8
-23134.64581 3 3 4 8
-18208.898785 4 0 3 4 8
-18215.976293 2 7 8
-13312.070408 3 0 7 8
-18211.288785 3 1 7 8
-16330.626666 3 2 7 8
-11521.634076 4 0 2 7 8
-16328.317163 4 1 2 7 8
-13306.012943 4 0 3 7 8
-15391.259606 3 4 7 8
-10527.507228 4 0 4 7 8
-14222.879305 4 2 4 7 8
-9454.539648 5 0 2 4 7 8
-15384.080532 4 3 4 7 8
-10521.007518 5 0 3 4 7 8
-20937.154884 1 9
-17509.454669 2 0 9
-20927.967257 2 1 9
-18791.512808 2 2 9
-15291.685934 3 0 2 9
-18785.652882 3 1 2 9
-20927.829491 2 3 9
-17503.478538 3 0 3 9
-20921.763349 3 1 3 9
-20740.115058 2 4 9
-17334.712036 3 0 4 9
-20739.155089 3 1 4 9
-18448.069794 3 2 4 9
-14940.518638 4 0 2 4 9
-18447.537111 4 1 2 4 9
-20728.634883 3 3 4 9
-17323.749029 4 0 3 4 9
-20728.505307 4 1 3 4 9
-15443.087001 2 7 9
-12028.713834 3 0 7 9
-15435.627461 3 1 7 9
-13680.833755 3 2 7 9
-10455.978132 4 0 2 7 9
-13673.67024 4 1 2 7 9
-15437.766133 3 3 7 9
-12023.803048 4 0 3 7 9
-15430.03444 4 1 3 7 9
-13137.73786 3 4 7 9
-9791.405755 4 0 4 7 9
-13135.772079 4 1 4 7 9
-11946.804443 4 2 4 7 9
-8774.899811 5 0 2 4 7 9
-11937.195545 5 1 2 4 7 9
-13135.366667 4 3 4 7 9
-9786.138271 5 0 3 4 7 9
-13131.76448 5 1 3 4 7 9
-20871.787088 2 8 9
-17506.574457 3 0 8 9
-20870.288605 3 1 8 9
-18664.354953 3 2 8 9
-20863.062789 3 3 8 9
-17499.007196 4 0 3 8 9
-20323.625897 3 4 8 9
-17318.376385 4 0 4 8 9
-18028.314389 4 2 4 8 9
-14924.091535 5 0 2 4 8 9
-20310.988224 4 3 4 8 9
-17305.809907 5 0 3 4 8 9
-15011.59818 3 7 8 9
-11921.761516 4 0 7 8 9
-13272.198741 4 2 7 8 9
-10385.352422 5 0 2 7 8 9
-15006.228758 4 3 7 8 9
-11915.31583 5 0 3 7 8 9
-12740.696364 4 4 7 8 9
-9750.908443 5 0 4 7 8 9
-11558.660446 5 2 4 7 8 9
-8750.211954 6 0 2 4 7 8 9
-12734.69289 5 3 4 7 8 9
-9742.649141 6 0 3 4 7 8 9
7 99
-31593.906533 0
-28874.632068 1 0
-28872.94945 2 0 1
-31454.209674 1 2
-27245.29972 2 0 2
-27240.744933 3 0 1 2
-31589.130302 1 3
-28873.747057 2 0 3
-31452.031168 2 2 3
-15659.791863 1 4
-15264.159492 2 0 4
-15646.898951 2 1 4
-15251.579676 3 0 1 4
-14607.727785 2 2 4
-13811.065787 3 0 2 4
-14595.701577 3 1 2 4
-13810.047155 4 0 1 2 4
-31556.454474 1 5
-28849.161299 2 0 5
-31417.716882 2 2 5
-27217.998218 3 0 2 5
-27217.74735 4 0 1 2 5
-27637.970591 1 6
-24583.276125 2 0 6
-24577.508696 3 0 1 6
-27331.687537 2 2 6
-23551.423958 3 0 2 6
-23545.140814 4 0 1 2 6
-7948.172129 2 4 6
-7652.68357 3 0 4 6
-7934.350231 3 1 4 6
-7648.018595 4 0 1 4 6
-7938.537855 3 2 4 6
-7646.3653 4 0 2 4 6
-7923.576142 4 1 2 4 6
-27600.258002 2 5 6
-24560.05979 3 0 5 6
-24557.31119 4 0 1 5 6
-27296.751271 3 2 5 6
-23528.89165 4 0 2 5 6
-23524.685153 5 0 1 2 5 6
-24353.187277 1 8
-24121.96893 2 0 8
-24343.572997 2 1 8
-24025.941906 2 2 8
-23464.325554 3 0 2 8
-24018.935525 3 1 2 8
-14854.349232 2 4 8
-14787.047412 3 0 4 8
-14851.140979 3 1 4 8
-13791.684073 3 2 4 8
-13325.539836 4 0 2 4 8
-13785.112859 4 1 2 4 8
-19176.873055 2 6 8
-19135.860431 3 0 6 8
-19174.906826 3 1 6 8
-19086.761318 3 2 6 8
-19079.264415 4 0 2 6 8
-19086.696015 4 1 2 6 8
-7096.994329 3 4 6 8
-7093.455578 4 0 4 6 8
-7093.148662 5 0 2 4 6 8
-7096.697719 5 1 2 4 6 8
-28675.868003 1 9
-26413.183683 2 0 9
-28053.05024 2 2 9
-25631.523926 3 0 2 9
-15210.764732 2 4 9
-14983.796997 3 0 4 9
-14112.536576 3 2 4 9
-13620.803274 4 0 2 4 9
-28647.047938 2 5 9
-26389.90092 3 0 5 9
-28026.149599 3 2 5 9
-25608.525061 4 0 2 5 9
-23181.80012 2 6 9
-20932.442849 3 0 6 9
-22942.371187 3 2 6 9
-20795.816124 4 0 2 6 9
-7608.387534 3 4 6 9
-7440.490717 4 0 4 6 9
-23154.96012 3 5 6 9
-20909.631584 4 0 5 6 9
-22919.430048 4 2 5 6 9
-20775.973971 5 0 2 5 6 9
-24224.491905 2 8 9
-23908.48111 3 0 8 9
-23688.20095 3 2 8 9
-23193.211808 4 0 2 8 9
-14632.592378 3 4 8 9
-14605.297838 4 0 4 8 9
-13528.187405 4 2 4 8 9
-13232.197213 5 0 2 4 8 9
-18364.302997 3 6 8 9
-18323.668169 4 0 6 8 9
-18296.044738 4 2 6 8 9
-18284.631552 5 0 2 6 8 9
-7049.662845 4 4 6 8 9
-7037.829896 5 0 4 6 8 9
8 106
-15940.264422 0
-10294.58413 1 0
-15934.080128 1 1
-10269.372268 2 0 1
-15774.088234 1 2
-9131.28319 2 0 2
-15770.877868 2 1 2
-9096.239879 3 0 1 2
-15937.577996 1 3
-15772.026565 2 2 3
-8207.565446 1 4
-5260.915227 2 0 4
-8172.259135 2 1 4
-5247.509361 3 0 1 4
-15896.472495 1 5
-10265.033475 2 0 5
-15892.772577 2 1 5
-10244.000066 3 0 1 5
-15731.293099 2 2 5
-9101.027871 3 0 2 5
-15730.187457 3 1 2 5
-9068.686644 4 0 1 2 5
-14540.974868 1 6
-9943.112491 2 0 6
-9916.859712 3 0 1 6
-14325.154326 2 2 6
-8976.641954 3 0 2 6
-8941.635971 4 0 1 2 6
-14323.292439 3 2 3 6
-6850.326659 2 4 6
-4987.554994 3 0 4 6
-6840.490337 3 1 4 6
-4978.171289 4 0 1 4 6
-6845.946832 3 2 4 6
-6840.132603 4 1 2 4 6
-14496.348695 2 5 6
-9916.442369 3 0 5 6
-9892.247096 4 0 1 5 6
-14283.559443 3 2 5 6
-8951.032233 4 0 2 5 6
-8917.308523 5 0 1 2 5 6
-8699.545166 1 7
-5541.920992 2 0 7
-8681.578028 2 1 7
-5524.184235 3 0 1 7
-8345.820466 2 2 7
-5350.309024 3 0 2 7
-8329.363744 3 1 2 7
-5335.33465 4 0 1 2 7
-7402.122815 2 4 7
-4783.803147 3 0 4 7
-7376.501163 3 1 4 7
-7397.211205 3 2 4 7
-4780.035158 4 0 2 4 7
-7370.660723 4 1 2 4 7
-8697.844523 2 5 7
-6079.877332 2 6 7
-4495.696797 3 0 6 7
-6076.045919 3 1 6 7
-4481.897177 4 0 1 6 7
-5999.148859 3 4 6 7
-4428.327002 4 0 4 6 7
-9050.072077 1 9
-5900.802833 2 0 9
-5888.233951 3 0 1 9
-8938.892348 2 2 9
-5806.227729 3 0 2 9
-5798.869261 4 0 1 2 9
-9049.294244 2 3 9
-5073.070484 2 4 9
-3670.652154 3 0 4 9
-5050.872225 3 1 4 9
-3661.492634 4 0 1 4 9
-9012.342388 2 5 9
-5866.868586 3 0 5 9
-5857.509385 4 0 1 5 9
-8901.00984 3 2 5 9
-5771.490344 4 0 2 5 9
-5765.819318 5 0 1 2 5 9
-8984.70428 2 6 9
-5897.922622 3 0 6 9
-8811.734493 3 2 6 9
-8984.527541 3 3 6 9
-4656.581323 3 4 6 9
-3654.316504 4 0 4 6 9
-4649.595102 4 1 4 6 9
-3649.02467 5 0 1 4 6 9
-8946.172885 3 5 6 9
-5863.431139 4 0 5 6 9
-8775.061913 4 2 5 6 9
-4598.695978 2 7 9
-3396.10026 3 0 7 9
-4591.167966 3 1 7 9
-4574.043057 3 2 7 9
-3367.915611 4 0 2 7 9
-4566.166469 4 1 2 7 9
-4494.89813 3 4 7 9
-3292.152996 4 0 4 7 9
-4487.498003 4 1 4 7 9
-3285.055809 5 0 2 4 7 9
-4482.564055 5 1 2 4 7 9
-4167.207157 3 6 7 9
-3289.147942 4 0 6 7 9
-4165.408044 4 2 6 7 9
-4097.856634 4 4 6 7 9
-3251.655683 5 0 4 6 7 9
9 123
-30004.445048 0
-25679.779059 1 0
-29931.792556 1 1
-25620.262701 2 0 1
-29953.987904 1 2
-24379.944283 2 0 2
-29885.815076 2 1 2
-24323.370636 3 0 1 2
-25621.072607 1 4
-22084.425738 2 0 4
-25551.790813 2 1 4
-22037.716766 3 0 1 4
-21897.984524 3 0 2 4
-21871.241673 4 0 1 2 4
-26150.019862 1 6
-24539.583182 2 0 6
-26093.537284 2 1 6
-24490.438201 3 0 1 6
-26026.759549 2 2 6
-23610.293767 3 0 2 6
-25975.303069 3 1 2 6
-23564.540018 4 0 1 2 6
-21855.33437 2 4 6
-20924.678478 3 0 4 6
-21806.99319 3 1 4 6
-20896.772169 4 0 1 4 6
-21800.612534 3 2 4 6
-20877.140805 4 0 2 4 6
-21758.183152 4 1 2 4 6
-20866.142501 5 0 1 2 4 6
-27086.406518 1 7
-23218.330674 2 0 7
-27028.200633 2 1 7
-23172.717134 3 0 1 7
-26552.82847 2 2 7
-22766.16849 3 0 2 7
-26501.735821 3 1 2 7
-22733.713179 4 0 1 2 7
-25172.045476 2 4 7
-21804.063242 3 0 4 7
-25121.635147 3 1 4 7
-21778.774941 4 0 1 4 7
-25139.967463 3 2 4 7
-21707.722011 4 0 2 4 7
-25099.77001 4 1 2 4 7
-21696.498722 5 0 1 2 4 7
-21693.849391 2 6 7
-20888.749905 3 0 6 7
-21647.0072 3 1 6 7
-20858.121521 4 0 1 6 7
-21637.4432 3 2 6 7
-20854.685933 4 0 2 6 7
-21595.930124 4 1 2 6 7
-20831.883009 5 0 1 2 6 7
-21515.549775 3 4 6 7
-20712.485624 4 0 4 6 7
-21486.003235 4 1 4 6 7
-20695.9356 5 0 1 4 6 7
-21473.345904 4 2 4 6 7
-20685.959952 5 0 2 4 6 7
-21448.623502 5 1 2 4 6 7
-20677.040107 6 0 1 2 4 6 7
-23114.252702 1 8
-21285.997762 2 0 8
-23052.441876 2 1 8
-21239.124385 3 0 1 8
-21054.888822 3 0 2 8
-21026.000017 4 0 1 2 8
-22486.577645 2 4 8
-20494.162665 3 0 4 8
-22430.403903 3 1 4 8
-20451.700039 4 0 1 4 8
-20306.085285 4 0 2 4 8
-20282.236791 5 0 1 2 4 8
-20593.749275 2 6 8
-20494.393312 3 0 6 8
-20542.775524 3 1 6 8
-20464.160745 4 0 1 6 8
-20513.339716 3 2 6 8
-20442.126286 4 0 2 6 8
-20466.638966 4 1 2 6 8
-20427.811728 5 0 1 2 6 8
-20593.728607 3 3 6 8
-19661.589034 3 4 6 8
-19591.439988 4 0 4 6 8
-19616.097955 4 1 4 6 8
-19567.62555 5 0 1 4 6 8
-19614.767109 4 2 4 6 8
-19543.245998 5 0 2 4 6 8
-19574.753862 5 1 2 4 6 8
-19536.083032 6 0 1 2 4 6 8
-22985.55733 2 7 8
-21072.509942 3 0 7 8
-22937.790572 3 1 7 8
-21045.763762 4 0 1 7 8
-22781.051062 3 2 7 8
-20783.775077 4 0 2 7 8
-22738.538547 4 1 2 7 8
-20769.012925 5 0 1 2 7 8
-22264.820791 3 4 7 8
-20312.413091 4 0 4 7 8
-22232.631988 4 1 4 7 8
-20290.829939 5 0 1 4 7 8
-22238.2639 4 2 4 7 8
-20212.742663 5 0 2 4 7 8
-22211.673341 5 1 2 4 7 8
-20203.945455 6 0 1 2 4 7 8
-19781.179217 3 6 7 8
-19682.20105 4 0 6 7 8
-19739.473531 4 1 6 7 8
-19667.155208 5 0 1 6 7 8
-19722.623136 4 2 6 7 8
-19647.493423 5 0 2 6 7 8
-19684.766287 5 1 2 6 7 8
-19640.01316 6 0 1 2 6 7 8
-19614.25755 4 4 6 7 8
-19535.814306 5 0 4 6 7 8
-19587.89258 5 1 4 6 7 8
-19521.719868 6 0 1 4 6 7 8
-19574.045041 5 2 4 6 7 8
-19508.414969 6 0 2 4 6 7 8
-19551.812281 6 1 2 4 6 7 8
-19501.812753 7 0 1 2 4 6 7 8