10
0 39
-15870.195202 0
-15853.668787 1 1
-15201.390623 1 2
-12888.292278 1 4
-11354.660508 2 2 4
-9740.239251 1 6
-8601.194947 2 2 6
-6928.457719 2 4 6
-5221.928083 3 2 4 6
-13160.311391 1 7
-11040.601564 2 2 7
-12542.421418 2 4 7
-10733.147216 3 2 4 7
-6734.337915 2 6 7
-4999.441994 3 2 6 7
-10234.223418 1 8
-8606.768048 2 2 8
-9997.961 2 4 8
-8590.315476 3 2 4 8
-5190.812623 2 6 8
-3432.149396 3 2 6 8
-10056.087832 2 7 8
-8228.359083 3 2 7 8
-11554.449953 1 9
-9678.863609 2 2 9
-9394.532969 2 4 9
-7793.66349 3 2 4 9
-8176.946765 2 6 9
-6363.823887 3 2 6 9
-6167.9852 3 4 6 9
-4868.708912 4 2 4 6 9
-9334.578502 2 7 9
-7429.708407 3 2 7 9
-6102.851471 3 6 7 9
-4791.264329 4 2 6 7 9
-8452.053312 2 8 9
-6720.818618 3 2 8 9
-8174.024292 3 4 8 9
-8310.268534 3 7 8 9
1 4
-230.03647 0
-213.510055 1 0
-218.961423 1 6
-172.610056 1 9
2 27
-8941.477539 0
-8272.672961 1 0
-8465.220733 1 4
-6931.588964 2 0 4
-6877.101994 1 6
-5738.05769 2 0 6
-6290.721201 2 4 6
-4584.191565 3 0 4 6
-8814.63551 1 7
-6694.925684 2 0 7
-7468.639973 2 4 7
-5659.365772 3 0 4 7
-6621.504337 2 6 7
-4886.608416 3 0 6 7
-8790.698598 1 8
-7163.243228 2 0 8
-6716.330914 2 6 8
-4957.667687 3 0 6 8
-8519.232897 2 7 8
-6691.504147 3 0 7 8
-8903.683911 1 9
-7028.097567 2 0 9
-6928.353025 3 0 4 9
-6807.309115 2 6 9
-4994.186236 3 0 6 9
-8330.243194 2 7 9
-6425.373099 3 0 7 9
3 1
-94.576382 0
4 36
-29917.37497 0
-26935.472046 1 0
-29441.118164 1 2
-25594.388049 2 0 2
-29895.868944 1 5
-29639.275081 1 6
-26827.493549 2 0 6
-29052.894287 2 2 6
-13998.808228 1 7
-13380.918255 2 0 7
-12652.812692 2 2 7
-12345.358343 3 0 2 7
-10004.731991 2 6 7
-9846.924658 3 2 6 7
-22201.772893 1 8
-21965.510474 2 0 8
-21940.777607 2 2 8
-21924.325036 3 0 2 8
-22010.157265 2 6 8
-21770.792292 3 2 6 8
-12758.113232 2 7 8
-11888.701704 3 2 7 8
-25543.794316 1 9
-23383.877332 2 0 9
-25169.332909 2 2 9
-23284.13279 3 0 2 9
-25389.632247 2 6 9
-23380.670681 3 0 6 9
-24999.154711 3 2 6 9
-12130.90398 2 7 9
-11411.879781 3 2 7 9
-9995.779549 3 6 7 9
-21625.570993 2 8 9
-21347.541974 3 0 8 9
-21502.043518 3 2 8 9
-21257.060416 3 6 8 9
5 4
-308.127532 0
-286.621507 1 4
-287.515791 1 7
-281.419882 1 8
6 44
-24791.47544 0
-18661.519489 1 0
-24780.400392 1 1
-22727.099895 1 2
-16126.904218 2 0 2
-24513.375551 1 4
-18553.540992 2 0 4
-22338.876018 2 2 4
-20843.19598 1 7
-14417.222504 2 0 7
-18650.064806 2 2 7
-12608.905236 3 0 2 7
-16849.119742 2 4 7
-11122.080304 3 0 4 7
-15844.176773 3 2 4 7
-10615.006313 4 0 2 4 7
-23403.862805 1 8
-18360.452009 2 0 8
-21329.495121 2 2 8
-23212.247177 2 4 8
-21159.509805 3 2 4 8
-18282.09552 2 7 8
-13558.392304 3 0 7 8
-16572.031857 3 2 7 8
-12344.495889 4 0 2 7 8
-15636.553618 3 4 7 8
-15041.410258 4 2 4 7 8
-20948.659041 1 9
-17571.155854 2 0 9
-18852.284246 2 2 9
-15537.244523 3 0 2 9
-20794.496972 2 4 9
-17567.949203 3 0 4 9
-18682.106048 3 2 4 9
-15497.842784 2 7 9
-12266.115754 3 0 7 9
-13912.291612 3 2 7 9
-11273.847534 4 0 2 7 9
-13362.718354 3 4 7 9
-10599.349304 4 0 4 7 9
-12742.365223 4 2 4 7 9
-20932.981305 2 8 9
-20564.470728 3 4 8 9
-15252.902001 3 7 8 9
7 39
-31594.628829 0
-28884.745018 1 0
-31467.7868 1 2
-27306.997741 2 0 2
-15676.062088 1 4
-15330.191228 2 0 4
-14679.481328 2 2 4
-14057.968035 3 0 2 4
-31574.017088 1 5
-27646.349369 1 6
-24640.448034 2 0 6
-27390.751712 2 2 6
-23788.99876 3 0 2 6
-8011.80628 2 4 6
-7898.73054 3 0 4 6
-24371.376095 1 8
-24193.240509 2 0 8
-24099.910395 2 2 8
-23721.501429 3 0 2 8
-14927.716434 2 4 8
-14047.834491 3 2 4 8
-19249.608811 2 6 8
-7352.022876 3 4 6 8
-28686.153808 1 9
-26466.282357 2 0 9
-28112.713091 2 2 9
-25863.55789 3 0 2 9
-15273.263472 2 4 9
-15221.192221 3 0 4 9
-14355.259964 3 2 4 9
-23235.337551 2 6 9
-21161.242257 3 0 6 9
-23172.720457 3 2 6 9
-7841.484854 3 4 6 9
-24294.054035 2 8 9
-24152.269257 3 0 8 9
-23940.201274 3 2 8 9
-14877.194607 3 4 8 9
-18613.974731 3 6 8 9
8 30
-15941.138825 0
-10305.167042 1 0
-15790.359884 1 2
-9195.737309 2 0 2
-8225.536748 1 4
-5335.20547 2 0 4
-15914.431175 1 5
-14553.52619 1 6
-10004.099562 2 0 6
-14392.75511 2 2 6
-6924.408374 2 4 6
-5246.369976 3 0 4 6
-8717.886091 1 7
-5613.662533 2 0 7
-8422.483479 2 2 7
-5610.240997 3 0 2 7
-7477.191095 2 4 7
-5045.443227 3 0 4 7
-6156.785631 2 6 7
-4754.832332 3 0 6 7
-9063.72269 1 9
-5961.326049 2 0 9
-9008.587189 2 2 9
-5145.499367 2 4 9
-3924.990691 3 0 4 9
-9048.044954 2 6 9
-4915.473124 3 4 6 9
-4671.622917 2 7 9
-3647.312949 3 0 7 9
-4426.682134 3 6 7 9
9 40
-30004.930469 0
-25689.185221 1 0
-29947.504055 1 1
-25686.138851 2 0 1
-29967.136841 1 2
-24444.609827 2 0 2
-25631.349816 1 4
-22137.590507 2 0 4
-25614.057652 2 1 4
-22134.354568 3 0 2 4
-26162.114071 1 6
-24598.821586 2 0 6
-26159.680346 2 1 6
-26092.321192 2 2 6
-23854.950132 3 0 2 6
-21912.471237 2 4 6
-21151.998718 3 0 4 6
-27096.455448 1 7
-23270.722559 2 0 7
-27085.889929 2 1 7
-26612.063132 2 2 7
-23001.169975 3 0 2 7
-25228.5512 2 4 7
-22028.5915 3 0 4 7
-21751.102253 2 6 7
-21119.615809 3 0 6 7
-21742.149811 3 4 6 7
-23127.514334 1 8
-21345.344228 2 0 8
-23120.349158 2 1 8
-21299.414716 3 0 2 8
-22551.312435 2 4 8
-20727.375727 3 0 4 8
-20656.632835 2 6 8
-19903.535987 3 4 6 8
-23050.192274 2 7 8
-21304.372975 3 0 7 8
-23025.655026 3 2 7 8
-22500.790608 3 4 7 8
-20020.998755 3 6 7 8