45
0 6
-137.33578 2 21 35
-137.73495 2 16 24
-137.995 2 29 36
-138.20102 2 2 8
-138.35287 1 18
-138.5894 0
1 18
-179.0844 2 16 28
-179.34628 1 16
-183.53839 2 20 28
-184.43015 2 29 41
-184.50838 2 5 33
-184.53104 2 11 29
-185.00443 1 29
-185.116 1 28
-185.44492 1 11
-185.56082 3 3 27 43
-185.68805 2 3 43
-185.71902 1 40
-185.76404 2 5 25
-185.78404 2 9 38
-185.85812 1 41
-186.14035 1 5
-186.24521 1 18
-186.28593 0
2 12
-180.34148 2 12 23
-181.12173 3 8 16 22
-181.50772 2 6 12
-181.55917 1 6
-182.06552 1 12
-182.49503 1 38
-183.33377 1 23
-184.0653 2 37 40
-184.13593 2 16 22
-184.36288 1 18
-184.36435 2 10 15
-184.38628 0
3 13
-183.07474 2 4 44
-183.11765 1 44
-184.85446 1 4
-185.53564 3 1 27 43
-185.67603 2 24 26
-186.24698 1 10
-186.88441 2 1 43
-187.34537 1 29
-187.34537 1 30
-187.35083 2 24 28
-187.38489 2 1 26
-187.40085 1 41
-187.54729 0
4 12
-182.37581 2 3 39
-183.59305 1 3
-184.96811 1 39
-185.28427 2 15 18
-185.42953 2 18 34
-185.50412 1 44
-185.84781 1 24
-185.85812 1 41
-185.91019 1 32
-185.93185 1 9
-186.24521 1 18
-186.28593 0
5 17
-180.56778 1 35
-182.20459 2 1 26
-182.42036 2 15 37
-182.78848 1 15
-182.79324 2 37 43
-182.88351 1 37
-183.65549 1 6
-183.97269 2 20 25
-183.99959 2 1 33
-184.0913 2 26 28
-184.16104 1 43
-184.82742 1 26
-184.83377 1 19
-184.83975 1 13
-184.88516 2 1 25
-185.14645 1 1
-185.29204 0
6 16
-183.41177 1 19
-184.27151 2 2 5
-184.51999 1 16
-184.6817 2 2 42
-184.91367 1 7
-184.94504 1 2
-184.94992 1 42
-185.324 1 43
-185.76074 2 20 24
-186.13559 1 5
-186.4946 1 25
-186.49783 1 15
-187.02042 1 38
-187.49094 1 36
-187.76468 1 35
-187.77214 0
7 16
-177.16753 2 15 42
-177.20761 2 8 15
-177.64285 2 8 44
-177.82193 1 15
-179.1213 1 9
-179.2999 1 6
-179.61075 1 8
-180.05946 2 12 39
-181.31146 2 27 44
-181.36552 2 12 19
-181.49158 2 19 20
-181.69186 1 20
-181.77603 1 19
-181.81467 1 39
-181.82022 1 14
-182.15837 0
8 10
-177.08861 2 10 14
-180.20316 1 14
-182.37271 1 10
-183.01572 1 7
-183.24075 1 29
-184.62622 2 0 2
-184.92667 1 32
-185.12943 1 33
-185.24301 1 39
-185.5634 0
9 20
-182.8396 2 41 43
-182.97018 2 16 41
-183.07639 1 41
-183.47964 2 7 16
-183.54526 1 16
-183.62747 1 43
-183.83618 2 7 32
-184.2933 2 10 35
-184.81003 1 7
-185.35928 1 10
-185.75674 1 14
-186.36609 2 11 33
-186.47952 1 15
-186.49893 1 35
-186.84683 1 32
-187.17017 2 4 27
-187.48874 1 11
-187.49301 1 4
-187.76334 1 40
-187.84709 0
10 24
-177.38672 2 8 14
-179.16405 2 14 43
-180.11711 2 3 14
-180.50125 1 14
-182.4164 2 8 43
-182.70847 2 42 44
-183.0845 1 43
-183.30167 2 27 41
-183.58551 2 8 41
-183.62741 1 41
-183.72589 2 15 27
-184.39249 2 8 15
-184.47307 2 8 27
-184.52164 1 8
-184.54779 2 9 28
-184.89261 1 27
-185.22446 1 9
-186.01694 2 32 36
-186.0375 2 2 15
-186.12259 1 15
-186.4119 1 3
-187.10416 1 24
-187.17978 1 36
-187.71233 0
11 10
-183.0864 1 31
-183.20645 1 13
-183.59161 2 28 32
-184.40927 2 9 33
-184.97836 1 1
-185.11862 1 12
-185.35353 2 2 9
-185.46103 1 9
-185.48209 1 32
-185.81938 0
12 13
-182.75343 2 2 23
-182.97128 1 2
-183.06859 2 27 38
-183.8995 2 23 27
-184.07661 2 7 39
-184.34567 2 3 38
-184.59128 1 11
-184.63199 1 35
-184.89291 1 31
-184.9108 1 27
-184.95181 1 15
-185.18887 1 38
-185.29204 0
13 22
-183.43753 2 26 39
-183.6185 1 39
-184.45358 2 15 41
-184.59018 2 21 44
-185.24911 1 11
-185.9978 2 15 20
-186.06223 2 21 40
-186.11343 1 43
-186.4495 1 21
-186.45175 2 4 15
-186.53238 2 16 41
-187.09366 1 15
-187.23853 2 22 26
-187.30563 1 22
-187.40976 1 5
-187.40976 1 44
-187.54572 2 23 41
-187.56853 2 16 23
-187.71127 1 41
-187.77945 1 23
-187.79874 1 40
-187.86198 0
14 9
-174.94731 2 8 10
-180.23135 1 10
-180.63118 2 8 9
-182.08218 1 8
-185.09769 1 24
-185.35202 1 9
-186.36862 1 41
-187.10422 1 7
-187.4423 0
15 37
-178.55836 2 19 38
-179.32439 2 16 19
-180.0303 2 7 19
-180.07219 2 7 43
-180.33951 2 7 16
-180.41977 1 16
-180.51178 2 19 25
-180.67947 1 19
-181.06909 2 5 7
-181.1911 2 7 38
-181.2269 1 7
-181.28397 2 37 43
-181.67526 2 5 43
-181.79172 2 4 5
-182.47075 2 12 43
-182.48123 1 43
-182.82886 2 13 20
-183.04175 2 26 27
-183.05978 1 5
-183.07756 2 2 10
-183.27487 2 23 28
-183.40779 2 6 37
-183.636 2 4 13
-183.67996 2 10 27
-183.81458 2 9 13
-183.97366 1 10
-184.16733 2 13 41
-184.19577 1 9
-184.28903 1 6
-184.51431 1 38
-184.68015 2 4 25
-184.7905 1 25
-184.79495 1 13
-184.84671 1 27
-184.98898 1 37
-185.22311 1 12
-185.5634 0
16 15
-175.91165 2 1 15
-177.67903 2 1 9
-177.76389 1 1
-179.55997 1 15
-180.19305 3 2 8 22
-180.4017 1 9
-181.45139 1 6
-181.55356 1 42
-182.85977 1 43
-183.33743 1 40
-183.91751 2 13 41
-184.09238 2 0 24
-184.25894 1 29
-184.37741 2 2 22
-184.70354 0
17 7
-181.17862 1 27
-183.6018 2 26 33
-183.65683 2 10 21
-183.78305 1 41
-183.87756 2 38 39
-184.84659 1 29
-185.00542 0
18 19
-179.3316 2 31 35
-179.87361 2 37 38
-181.21463 1 35
-181.84274 2 25 31
-182.13951 2 22 37
-182.30434 2 31 37
-182.33652 1 37
-182.49387 1 31
-183.0135 2 1 33
-183.03812 2 4 34
-183.09982 1 25
-183.2178 1 38
-183.426 2 4 5
-183.81711 1 0
-184.01291 1 1
-184.01291 1 4
-184.03024 1 2
-184.03061 1 39
-184.05363 0
19 17
-179.33127 2 38 43
-179.92969 2 6 43
-180.57433 2 15 38
-180.90266 2 21 43
-181.491 1 43
-182.5585 1 15
-183.082 1 6
-184.77435 2 7 38
-185.73721 2 23 26
-185.99448 1 22
-186.25223 1 23
-186.5303 1 38
-186.9737 2 12 44
-186.9841 1 5
-187.06003 1 7
-187.26013 2 24 26
-187.4423 0
20 9
-184.33847 2 27 39
-184.93442 1 41
-185.20052 2 21 43
-185.22366 1 43
-186.64828 1 39
-187.16249 2 6 24
-187.17075 1 7
-187.37807 2 27 40
-187.63725 0
21 4
-181.49643 1 22
-185.4595 1 13
-186.4942 2 0 35
-186.872 0
22 9
-173.95834 2 19 21
-176.35696 1 21
-178.48213 3 2 8 16
-180.2847 1 19
-180.50998 1 31
-180.8815 1 40
-181.17618 1 13
-181.48415 2 2 16
-181.73259 0
23 9
-184.23016 2 19 26
-185.16266 2 33 42
-185.95734 2 13 38
-186.17194 2 2 12
-186.25223 1 19
-186.38986 1 2
-186.89856 2 15 28
-187.35977 1 13
-187.4423 0
24 11
-184.39874 2 14 33
-184.97769 1 14
-185.78653 2 0 16
-185.98248 3 3 6 20
-186.13824 2 3 26
-186.51758 2 19 26
-186.65222 2 6 20
-186.71426 1 10
-186.82132 1 32
-186.88425 1 4
-187.32243 0
25 13
-182.95816 1 26
-183.46066 1 44
-184.54373 1 28
-184.54373 1 43
-184.70627 2 6 18
-184.78268 1 6
-185.10641 1 18
-185.28738 1 15
-185.3508 1 42
-185.38959 2 35 39
-185.79091 2 1 35
-185.86855 2 1 5
-186.06023 0
26 9
-179.9397 2 5 28
-183.8135 2 28 43
-183.88235 1 28
-184.44528 1 25
-186.03247 2 17 33
-186.8172 2 15 27
-187.01205 2 19 24
-187.08273 1 5
-187.54729 0
27 9
-182.8378 2 17 28
-183.49557 1 17
-184.20901 2 10 15
-184.50272 1 10
-184.54996 1 28
-185.46632 2 15 26
-186.60574 1 15
-186.94113 1 12
-187.32243 0
28 8
-182.42145 2 26 27
-183.14622 2 5 26
-183.88235 1 26
-184.77493 1 27
-185.45476 2 15 23
-186.03085 1 25
-186.37741 1 1
-187.54729 0
29 12
-182.80661 2 1 41
-184.17386 1 8
-184.19632 1 43
-184.23459 1 41
-184.38239 2 0 36
-185.21494 1 1
-185.52621 1 39
-185.58163 1 36
-186.05185 1 16
-186.29446 1 3
-186.33762 1 17
-186.4965 0
30 5
-181.01901 1 44
-186.29446 1 3
-186.40628 1 32
-186.4843 2 24 37
-186.4965 0
31 11
-179.88889 2 22 34
-180.15756 1 34
-180.6091 1 11
-181.71545 2 6 22
-181.74173 2 12 18
-181.78232 1 18
-182.11948 1 22
-182.45218 1 38
-182.94296 1 12
-183.30295 1 41
-183.34209 0
32 13
-184.72708 1 33
-185.14235 2 8 34
-185.67494 2 11 28
-185.93835 2 10 34
-186.03696 1 9
-186.15952 1 34
-186.40054 1 8
-186.53616 1 24
-186.54517 2 27 30
-186.66147 1 4
-186.69992 1 11
-186.94705 1 30
-187.03728 0
33 5
-183.9248 2 23 42
-185.13223 1 32
-186.36363 2 17 26
-187.00845 1 8
-187.4423 0
34 4
-180.86911 1 31
-182.90005 2 10 32
-183.17593 1 32
-184.05363 0
35 13
-181.10275 2 5 9
-181.97542 3 9 15 37
-182.46146 2 5 18
-182.4631 1 5
-183.70004 1 37
-184.34836 1 18
-185.8392 1 9
-186.22876 2 0 21
-186.3013 1 43
-186.52731 1 12
-187.1285 2 25 39
-187.1799 1 6
-187.18742 0
36 6
-177.45386 2 0 29
-180.34256 2 10 32
-180.81778 1 29
-181.2001 1 10
-181.45139 1 6
-181.73259 0
37 8
-184.28482 1 35
-184.6897 2 18 38
-185.36362 1 5
-186.05502 1 18
-187.19778 1 15
-187.30745 2 2 40
-187.75424 2 24 30
-187.77214 0
38 15
-184.51416 2 15 19
-184.95969 2 3 12
-185.34622 2 18 37
-185.6561 1 2
-186.49832 1 15
-186.52478 2 19 43
-186.5491 2 19 37
-186.57652 2 12 19
-186.63528 1 19
-186.65744 1 31
-186.71152 1 18
-186.79562 1 6
-187.43451 2 1 17
-187.44418 1 12
-187.54729 0
39 17
-183.57352 1 13
-185.22603 2 20 27
-185.34714 1 41
-185.62772 2 4 29
-185.68219 2 7 12
-185.74442 1 43
-186.49924 1 4
-186.57584 2 8 44
-186.8281 1 20
-186.84683 1 29
-187.17795 1 44
-187.40738 2 12 17
-187.47336 1 7
-187.48795 2 8 12
-187.49673 1 8
-187.79404 1 18
-187.81706 0
40 10
-186.34616 1 16
-186.86118 1 22
-187.14536 1 1
-187.26443 1 43
-187.28006 2 20 26
-187.33302 2 20 27
-187.62851 1 9
-187.64896 1 13
-187.69626 1 44
-187.71233 0
41 28
-176.05904 2 9 43
-176.5543 2 42 43
-176.84695 1 43
-178.62277 2 20 42
-178.77316 2 9 42
-179.42062 1 42
-179.64523 2 9 10
-180.23471 1 9
-180.92056 1 10
-181.85681 2 14 20
-182.09164 2 20 29
-182.16924 2 1 29
-182.30258 1 20
-182.53549 1 39
-182.74356 1 29
-183.73972 2 13 14
-183.78305 1 17
-183.81833 2 14 19
-183.93167 1 14
-183.9324 2 13 16
-184.05464 2 4 13
-184.22699 2 13 15
-184.5776 1 1
-184.5776 1 4
-184.85464 1 13
-184.85892 1 3
-184.96628 1 31
-185.00542 0
42 12
-177.84735 2 10 44
-179.33163 2 16 41
-179.42062 1 41
-181.85544 1 16
-181.86343 3 23 33 43
-181.9176 2 23 33
-182.1832 1 6
-183.52628 1 43
-184.29599 1 25
-184.70107 2 33 37
-184.73947 1 44
-185.00542 0
43 39
-173.93234 3 15 41 44
-177.7732 2 19 41
-179.05777 2 15 41
-179.15201 2 9 41
-179.15767 2 9 19
-179.38889 1 41
-179.673 2 19 39
-180.23389 2 10 19
-181.3767 3 13 19 26
-181.48555 2 19 38
-181.52426 2 19 21
-181.59598 1 19
-181.73166 2 9 42
-182.15906 2 13 20
-182.75458 2 15 20
-182.83194 2 6 10
-182.91959 1 10
-183.21887 2 9 20
-183.32773 1 9
-184.05653 2 20 39
-184.12802 2 15 40
-184.46524 1 15
-184.49675 2 39 40
-184.73434 2 20 25
-184.87662 2 20 26
-184.89438 1 44
-185.09921 1 6
-185.13376 1 20
-185.24722 1 29
-185.4747 1 39
-185.70358 1 16
-185.79874 1 13
-186.03085 1 25
-186.0682 1 42
-186.38322 3 1 3 27
-186.41635 1 5
-186.66129 1 35
-187.09952 1 40
-187.54729 0
44 18
-178.2948 2 25 30
-179.12985 2 7 30
-179.16734 2 30 43
-179.43509 2 3 30
-179.56367 2 30 39
-179.64948 2 15 30
-179.67426 2 10 42
-179.8146 1 30
-180.77039 2 3 43
-180.86234 1 3
-182.63907 1 43
-182.69247 1 25
-184.51022 1 4
-184.65292 1 39
-184.83975 1 13
-185.0261 1 42
-185.27603 1 40
-185.29204 0
