45
0 21
-99.462776 0
-96.584465 1 16
-80.280396 1 37
-94.878830 1 13
-90.493561 1 40
-91.347404 1 26
-83.233170 1 8
-93.024536 1 36
-98.974548 1 30
-59.360050 1 4
-60.061291 1 3
-77.440559 1 1
-97.177124 1 28
-68.575592 1 6
-59.799519 1 5
-53.939480 1 2
-90.390862 1 25
-80.453987 1 22
-78.306396 1 21
-86.312317 1 9
-88.682159 1 23
1 13
-94.376862 1 9
-92.085800 1 4
-91.052521 1 3
-82.482986 1 2
-74.264908 1 0
-93.881302 1 13
-92.477982 1 5
-79.843216 1 37
-96.267471 1 30
-92.878662 1 28
-91.933685 1 21
-95.179665 1 22
-96.287132 0
2 45
-50.606056 1 39
-37.887650 2 16 37
-54.090935 1 29
-54.184776 0
-33.790543 2 9 15
-36.564262 2 14 37
-48.315430 2 14 30
-38.412216 1 37
-50.764145 1 13
-52.092640 1 14
-34.424446 1 9
-54.144913 1 42
-25.856800 1 40
-52.120789 2 28 43
-35.569588 1 8
-6.496085 1 5
-34.111137 2 37 42
-42.040016 1 36
-50.242828 1 30
-33.375690 2 9 41
-6.496085 1 4
-50.334442 1 18
-40.380611 1 1
-6.496100 1 3
-10.826834 1 6
-52.667435 1 35
-47.873848 2 16 42
-52.463318 1 28
-46.522263 2 16 30
-8.661463 1 0
-48.799034 1 16
-53.165375 1 27
-49.949799 2 13 14
-39.614471 1 26
-51.110771 2 14 28
-39.614487 1 25
-26.117607 2 16 21
-27.168777 2 14 21
-34.279472 2 30 37
-52.280182 1 19
-29.609344 1 22
-27.567236 1 21
-33.569801 1 23
-45.783104 1 20
-44.922768 2 16 20
3 26
-67.138489 1 30
-71.806259 0
-71.684296 1 42
-68.444206 1 16
-58.150589 1 37
-70.009064 1 13
-54.457024 1 40
-48.968048 1 22
-61.451443 1 26
-58.445187 1 8
-55.979649 2 37 42
-66.988342 1 36
-28.323177 1 4
-24.117598 1 2
-66.571648 1 1
-71.308029 1 28
-66.983780 2 16 30
-32.404778 1 0
-28.323177 1 5
-53.385326 1 9
-36.359966 1 6
-54.183262 2 30 37
-61.578396 1 25
-47.840267 1 21
-56.452984 1 23
-66.769775 1 20
4 24
-56.217846 1 36
-59.664871 1 28
-45.525871 1 40
-45.338238 1 9
-49.747402 1 8
-42.291138 1 22
-17.616528 1 3
-13.410933 1 2
-52.016628 1 25
-20.996880 1 0
-57.150093 1 16
-17.717861 1 5
-59.294205 1 14
-59.606384 1 13
-23.039959 1 6
-46.080418 2 30 37
-46.093948 1 37
-56.898277 1 1
-45.782925 1 23
-36.565350 1 21
-54.444569 1 20
-52.016628 1 26
-59.249832 1 30
-61.099594 0
5 23
-56.670055 1 36
-45.525871 1 40
-45.338238 1 9
-49.647243 1 8
-17.717861 1 4
-41.410294 1 22
-17.616528 1 3
-57.290459 1 1
-21.436348 1 0
-47.190296 2 37 42
-57.150093 1 16
-60.992889 1 14
-59.606384 1 13
-25.394329 1 6
-13.410933 1 2
-47.192886 1 37
-51.801418 1 25
-48.908138 1 23
-38.660610 1 21
-58.925770 1 20
-50.185482 1 26
-59.249832 1 30
-61.099594 0
6 16
-113.018143 0
-111.123672 1 16
-100.797928 1 37
-111.698486 1 26
-74.958488 1 4
-69.660217 1 2
-77.571846 1 3
-110.800369 1 30
-112.212494 1 28
-82.130951 1 0
-77.312859 1 5
-101.034035 1 9
-100.574623 1 22
-89.094963 1 21
-103.943581 1 23
-111.091400 1 20
7 1
-11.413994 0
8 16
-102.634430 1 30
-104.245392 0
-87.269440 1 37
-96.507248 1 13
-96.424675 1 26
-92.893196 1 4
-90.884331 1 3
-100.646378 1 28
-88.015793 1 0
-92.793022 1 5
-85.630219 1 2
-95.731926 1 25
-93.392967 1 9
-93.178627 1 22
-103.317535 1 16
-88.807335 1 21
9 27
-73.136177 1 40
-74.828308 2 15 37
-84.732712 0
-73.880280 1 8
-76.868118 1 30
-68.971344 1 4
-75.282166 1 37
-81.454025 1 29
-68.971344 1 5
-71.214806 2 28 37
-68.860382 1 26
-83.490166 1 16
-64.972397 1 2
-83.707138 1 28
-73.268845 2 37 42
-68.317871 1 25
-82.822441 1 1
-84.498337 1 13
-84.155930 1 36
-66.311783 1 3
-69.156311 2 30 37
-72.748611 1 6
-71.582253 1 0
-73.353561 1 22
-70.894501 1 21
-74.929810 1 23
-81.402252 1 20
10 2
-7.034102 1 42
-7.489494 0
11 11
-28.050726 2 16 41
-31.758049 0
-31.511106 1 26
-29.952589 1 18
-29.678818 1 41
-20.193752 2 13 17
-20.936735 1 17
-30.790777 1 44
-31.648527 1 19
-30.287682 1 16
-29.489208 2 16 44
12 2
-6.580062 1 43
-7.489494 0
13 21
-23.669466 2 16 37
-29.811668 0
-24.548653 1 16
-24.282394 1 37
-28.808531 1 26
-28.302267 1 21
-22.073523 1 8
-29.380972 1 36
-29.693283 1 30
-28.318441 1 4
-28.014471 1 3
-27.405834 1 1
-28.318441 1 5
-28.661041 1 28
-25.227716 1 0
-21.834438 2 16 18
-26.391052 1 2
-19.572277 2 11 17
-20.315275 1 17
-27.401007 1 23
-29.577291 1 9
14 7
-25.526390 0
-18.818031 1 16
-23.720984 1 4
-19.626493 1 18
-25.419668 1 5
-23.434265 1 2
-20.178862 1 19
15 10
-24.292738 2 28 30
-20.534225 1 42
-25.526390 0
-19.544157 2 28 42
-24.996946 1 27
-17.692656 2 41 42
-24.676025 1 28
-22.545309 2 30 37
-22.631027 1 41
-23.783392 1 21
16 27
-49.563133 0
-48.092773 1 11
-48.635292 1 8
-47.668678 1 6
-45.613625 1 4
-45.613625 1 5
-29.848585 1 18
-48.698334 1 37
-48.339478 1 26
-42.771408 2 2 14
-44.177414 1 2
-46.201088 1 3
-46.684822 1 0
-44.300125 1 13
-46.876488 2 37 42
-47.961472 2 11 37
-43.168770 2 2 11
-48.320595 1 9
-20.337078 2 13 19
-37.163513 2 13 14
-42.770859 2 11 13
-19.232475 2 13 18
-34.853947 2 14 17
-42.854786 1 14
-29.204954 1 19
-49.107628 1 23
-40.280655 1 17
17 6
-69.164467 0
-66.996124 1 37
-59.668087 1 13
-58.343166 1 11
-47.296455 2 11 13
-59.881992 1 16
18 7
-78.048973 2 13 16
-100.477745 0
-98.672287 1 11
-96.627426 1 2
-94.577850 1 14
-80.763191 1 16
-82.321281 1 19
19 6
-71.251991 0
-65.904465 1 14
-71.142471 1 11
-53.095512 1 18
-69.347412 1 2
-50.893803 1 16
20 13
-79.707649 0
-78.196960 1 37
-73.052612 1 4
-78.663147 1 28
-68.561539 1 30
-74.671173 1 3
-77.780914 1 6
-71.306000 1 2
-70.248146 1 22
-61.544849 1 21
-75.610138 1 23
-76.377197 1 9
-77.533813 1 5
21 33
-55.152645 2 15 37
-68.855972 1 29
-69.796799 0
-37.864361 2 2 28
-68.053772 1 15
-53.196186 2 28 37
-55.806717 1 37
-68.287369 1 13
-47.434147 2 30 37
-68.980957 1 42
-63.126900 1 40
-59.079128 1 26
-54.909927 2 9 28
-54.358700 1 8
-51.386433 2 37 42
-45.262508 1 4
-43.179245 1 2
-45.830776 1 3
-45.873592 1 6
-65.443321 1 1
-42.145245 2 2 30
-46.497246 2 5 28
-59.269943 1 28
-58.522003 1 30
-64.432602 1 36
-48.640388 1 0
-47.357769 1 5
-45.614700 2 3 28
-35.585831 1 22
-58.536617 1 25
-34.440502 1 23
-55.958553 1 9
-51.633961 1 20
22 22
-101.455528 0
-90.169373 1 37
-90.388748 1 8
-101.101089 1 36
-82.647049 1 4
-100.348061 1 1
-96.127258 1 28
-93.040863 1 26
-91.018692 1 30
-85.058609 2 30 37
-90.076370 1 9
-89.012009 1 6
-81.766205 1 5
-89.936844 2 37 42
-78.617310 1 3
-76.811775 2 2 30
-76.880112 1 2
-82.446739 1 0
-90.909721 1 25
-67.244583 1 21
-71.749542 1 23
-91.996017 1 20
23 18
-68.666573 1 4
-54.277275 1 22
-68.629982 1 3
-63.368298 1 2
-73.202637 1 0
-79.885742 1 20
-83.236320 1 26
-81.572601 1 13
-74.180351 1 9
-74.908699 1 6
-71.791786 1 5
-73.379929 2 30 37
-74.159958 1 37
-76.682419 1 28
-83.527740 1 16
-75.711792 1 30
-48.626991 1 21
-83.983261 0
24 1
-45.036644 0
25 15
-76.579437 1 30
-78.243965 0
-47.880486 1 26
-64.143326 1 37
-77.845596 1 36
-69.160980 1 4
-68.016098 1 3
-72.721039 1 28
-69.172050 1 0
-69.730484 1 8
-68.945770 1 5
-63.673687 1 2
-61.829121 1 9
-67.698158 1 22
-66.983810 1 21
26 20
-65.525299 1 36
-64.426865 1 8
-63.164600 1 4
-61.892780 1 3
-57.677303 1 2
-64.132210 1 0
-72.000656 1 11
-71.244461 1 13
-56.375248 1 9
-70.927933 1 6
-61.333469 1 5
-57.798016 1 37
-70.583054 1 30
-41.884102 1 25
-66.724670 1 28
-71.500656 1 23
-63.832924 1 22
-61.529942 1 21
-71.023918 1 16
-72.247597 0
27 4
-91.175331 0
-85.956009 1 42
-90.155945 1 2
-90.645889 1 15
28 31
-47.511765 1 41
-47.893028 0
-44.294014 1 8
-46.505516 1 36
-29.685226 1 30
-38.810349 2 9 37
-10.826849 1 29
-29.435163 2 30 41
-42.877701 1 37
-46.458290 1 4
-44.484554 1 1
-44.124214 1 34
-39.474766 1 32
-27.230192 2 15 30
-42.370117 1 26
-39.214348 2 37 42
-42.370117 1 25
-45.607368 1 0
-40.592186 1 23
-47.042679 1 15
-42.564774 1 22
-26.938086 2 30 37
-46.867470 1 9
-47.087395 1 6
-47.394798 1 3
-46.171585 1 2
-37.366203 1 21
-42.577866 2 15 37
-47.423317 1 44
-46.742416 1 13
-46.848534 1 20
29 7
-72.424202 1 9
-75.609070 1 2
-75.115753 1 41
-50.230373 1 30
-38.636700 1 28
-74.762093 1 21
-75.702911 0
30 30
-41.279015 0
-22.687925 2 15 28
-37.477188 1 42
-22.076231 2 28 42
-37.022953 1 40
-19.298035 2 9 28
-39.668037 1 8
-39.429237 1 4
-15.806494 1 29
-23.071198 1 28
-37.337082 1 2
-33.248085 2 37 42
-39.614487 1 25
-41.259350 1 1
-35.204231 1 34
-41.160629 1 13
-40.790779 1 0
-39.614471 1 26
-15.157566 1 32
-30.132895 1 20
-39.061241 1 6
-39.429237 1 5
-36.611244 1 3
-36.786499 2 2 42
-30.842178 1 22
-30.004248 1 21
-36.424591 2 15 37
-33.242168 2 34 42
-33.007545 1 23
-33.414421 1 9
31 2
-39.141388 1 34
-41.181633 0
32 3
-50.161797 1 30
-67.864937 1 28
-76.283249 0
33 1
-14.965652 0
34 4
-21.949858 1 30
-25.984400 1 31
-24.255812 1 28
-28.024643 0
35 2
-156.422729 1 2
-157.940063 0
36 14
-103.823395 0
-60.042751 1 37
-103.392700 1 13
-97.101097 1 26
-98.941628 1 4
-102.435867 1 28
-99.005470 1 3
-103.246605 1 9
-97.385147 1 0
-99.393837 1 5
-91.678650 1 2
-103.468956 1 22
-98.459221 1 21
-103.425026 1 25
37 44
-51.982849 2 30 42
-47.373199 2 28 42
-51.446842 1 40
-40.507305 2 3 42
-54.607475 0
-37.631508 1 8
-10.826834 1 36
-39.601814 1 4
-40.700752 1 5
-52.770203 2 16 30
-49.592133 1 28
-50.681122 2 15 30
-35.790344 2 2 28
-39.969265 2 5 28
-38.166508 2 3 28
-40.157898 1 26
-48.604736 2 13 28
-37.099792 2 9 28
-38.834930 1 2
-40.951805 1 3
-35.425087 1 0
-40.506836 1 25
-38.163555 1 1
-49.078201 1 13
-53.742668 1 16
-44.784172 1 23
-47.392296 2 16 28
-44.078239 1 39
-45.156929 1 9
-42.387260 1 6
-42.670685 2 9 15
-52.439117 1 17
-36.178192 2 2 42
-43.321320 1 22
-40.617424 1 21
-51.364555 2 16 42
-45.027916 3 16 28 42
-53.096779 1 20
-40.200954 2 5 42
-39.134258 2 4 42
-38.617443 2 21 42
-35.124668 3 2 28 42
-54.209549 1 43
-44.729763 2 9 42
38 1
-49.796158 0
39 3
-154.426712 0
-143.897491 1 37
-150.848022 1 2
40 10
-131.607162 1 30
-135.863220 0
-132.702591 1 37
-120.289482 1 4
-107.535255 1 2
-118.513985 1 3
-126.893997 1 0
-124.266685 1 9
-129.193359 1 21
-120.289482 1 5
41 6
-8.518630 1 15
-9.334762 1 11
-8.405645 1 44
-11.032714 1 28
-10.826849 1 29
-11.413994 0
42 16
-22.938540 2 16 37
-22.747074 2 9 37
-20.459305 2 2 37
-21.097021 2 28 37
-19.354080 1 30
-22.589447 2 3 37
-23.033941 1 3
-23.116058 1 2
-16.492018 2 15 30
-22.700516 1 10
-20.340103 2 21 37
-16.453344 2 30 37
-18.163742 1 15
-22.340078 1 21
-17.936567 1 27
-23.155907 0
43 3
-16.926559 1 12
-17.438065 1 37
-17.835991 0
44 4
-28.512877 1 11
-26.471800 1 41
-29.010420 1 28
-29.480148 0
