6
0 19
-182.419317 0
-145.739515 1 1
-116.568571 1 2
-101.601993 2 1 2
-144.314256 1 3
-134.664877 2 1 3
-105.892478 2 2 3
-96.132855 3 1 2 3
-176.344204 1 4
-113.467957 2 2 4
-138.065851 2 3 4
-103.281016 3 2 3 4
-160.77665 1 5
-137.038293 2 1 5
-103.479708 2 2 5
-99.685813 3 1 2 5
-122.921024 2 3 5
-93.193028 3 2 3 5
-160.504052 2 4 5
1 6
-183.348628 0
-146.668827 1 0
-169.445987 1 2
-157.722827 1 3
-178.128141 1 5
-155.747143 2 3 5
2 6
-204.234768 0
-138.384023 1 0
-190.332127 1 1
-183.144341 1 3
-199.00687 1 5
-180.455115 2 3 5
3 4
-84.183249 0
-46.078188 1 0
-58.557447 1 1
-63.092822 1 2
4 3
-32.131601 0
-26.056488 1 0
-27.270152 1 5
5 7
-59.730003 0
-38.087336 1 0
-54.509515 1 1
-54.502104 1 2
-54.868553 1 4
-53.047217 2 1 4
-52.439188 2 2 4