10
0 9
-1021.607006 0
-999.576282 1 5
-999.576282 1 7
-979.337609 2 5 7
-980.960253 2 4 8
-1019.469749 1 9
-1011.744384 3 1 2 9
-1011.744384 3 3 6 9
-903.444235 3 4 8 9
1 10
-1045.933208 0
-1041.049853 1 3
-1041.049853 1 5
-1023.902483 1 6
-1020.81118 2 5 6
-1023.902483 1 8
-1020.81118 2 3 8
-1012.146229 2 6 8
-1041.91295 3 0 2 9
-1042.619059 3 4 7 9
2 9
-1021.607006 0
-999.576282 1 3
-980.960253 2 4 6
-999.576282 1 7
-979.337609 2 3 7
-1019.469749 1 9
-1011.744384 3 0 1 9
-903.444235 3 4 6 9
-1011.744384 3 5 8 9
3 10
-1045.933208 0
-1041.049853 1 1
-1023.902483 1 2
-1041.049853 1 7
-1020.81118 2 2 7
-1023.902483 1 8
-1020.81118 2 1 8
-1012.146229 2 2 8
-1042.619059 3 4 5 9
-1041.91295 3 0 6 9
4 6
-983.413612 0
-936.375961 2 2 6
-936.375961 2 0 8
-932.383438 1 9
-801.690364 3 2 6 9
-801.690364 3 0 8 9
5 10
-1045.933208 0
-1023.902483 1 0
-1041.049853 1 1
-1023.902483 1 6
-1012.146229 2 0 6
-1020.81118 2 1 6
-1041.049853 1 7
-1020.81118 2 0 7
-1042.619059 3 3 4 9
-1041.91295 3 2 8 9
6 9
-1021.607006 0
-999.576282 1 1
-980.960253 2 2 4
-999.576282 1 5
-979.337609 2 1 5
-1019.469749 1 9
-1011.744384 3 0 3 9
-903.444235 3 2 4 9
-1011.744384 3 7 8 9
7 10
-1045.933208 0
-1023.902483 1 0
-1023.902483 1 2
-1012.146229 2 0 2
-1041.049853 1 3
-1020.81118 2 2 3
-1041.049853 1 5
-1020.81118 2 0 5
-1042.619059 3 1 4 9
-1041.91295 3 6 8 9
8 9
-1021.607006 0
-999.576282 1 1
-999.576282 1 3
-979.337609 2 1 3
-980.960253 2 0 4
-1019.469749 1 9
-903.444235 3 0 4 9
-1011.744384 3 2 5 9
-1011.744384 3 6 7 9
9 14
-621.618453 0
-619.481196 1 0
-619.481196 1 2
-592.810616 3 0 1 2
-570.588279 1 4
-556.168701 3 3 4 5
-619.481196 1 6
-592.810616 3 0 3 6
-495.526931 3 2 4 6
-556.168701 3 1 4 7
-619.481196 1 8
-495.526931 3 0 4 8
-592.810616 3 2 5 8
-592.810616 3 6 7 8