10
0 7
-1022.155443 0
-1002.921804 1 5
-1002.921804 1 7
-995.61153 2 5 7
-993.144297 2 4 8
-1021.160293 1 9
-886.7983 3 4 8 9
1 5
-1046.495433 0
-1044.558215 1 3
-1044.558215 1 5
-1027.261793 1 6
-1027.261793 1 8
2 7
-1022.155443 0
-1002.921804 1 3
-993.144297 2 4 6
-1002.921804 1 7
-995.61153 2 3 7
-1021.160293 1 9
-886.7983 3 4 6 9
3 5
-1046.495433 0
-1044.558215 1 1
-1027.261793 1 2
-1044.558215 1 7
-1027.261793 1 8
4 6
-983.938475 0
-948.345638 2 2 6
-948.345638 2 0 8
-933.888981 1 9
-783.999892 3 2 6 9
-783.999892 3 0 8 9
5 5
-1046.495433 0
-1027.261793 1 0
-1044.558215 1 1
-1027.261793 1 6
-1044.558215 1 7
6 7
-1022.155443 0
-1002.921804 1 1
-993.144297 2 2 4
-1002.921804 1 5
-995.61153 2 1 5
-1021.160293 1 9
-886.7983 3 2 4 9
7 5
-1046.495433 0
-1027.261793 1 0
-1027.261793 1 2
-1044.558215 1 3
-1044.558215 1 5
8 7
-1022.155443 0
-1002.921804 1 1
-1002.921804 1 3
-995.61153 2 1 3
-993.144297 2 0 4
-1021.160293 1 9
-886.7983 3 0 4 9
9 12
-621.844524 0
-620.849374 1 0
-620.849374 1 2
-615.223917 3 0 1 2
-571.79503 1 4
-620.849374 1 6
-615.223917 3 0 3 6
-473.386808 3 2 4 6
-620.849374 1 8
-473.386808 3 0 4 8
-615.223917 3 2 5 8
-615.223917 3 6 7 8