18
0 16
-344.754489 0
-329.05128 1 2
-317.197072 1 3
-327.744581 1 4
-325.897121 2 2 4
-309.804156 2 3 4
-343.997507 1 9
-343.120162 1 11
-344.218275 1 13
-340.19353 2 13 14
-332.973899 1 15
-322.590639 2 2 15
-311.848378 2 3 15
-327.662792 2 4 15
-332.49506 2 11 15
-342.185203 1 16
1 5
-292.582145 0
-290.210571 1 5
-290.128391 1 10
-290.203774 1 15
-290.03825 1 17
2 11
-237.784457 0
-222.081249 1 0
-220.505644 1 3
-235.772911 1 9
-233.031128 1 13
-237.468435 1 15
-235.712699 2 7 15
-235.648283 2 9 15
-232.330048 2 13 15
-231.333763 3 7 13 15
-237.518305 2 6 16
3 28
-231.112148 0
-203.554732 1 0
-213.833335 1 2
-203.541648 2 0 2
-229.425754 1 4
-229.304802 1 6
-213.631552 2 2 6
-226.53362 1 9
-229.784922 1 10
-220.331649 1 11
-198.612653 2 0 11
-206.282969 2 2 11
-220.062818 2 9 11
-202.625612 1 13
-184.230896 2 0 13
-197.180813 2 2 13
-201.066097 2 4 13
-195.02886 2 11 13
-194.718868 3 2 11 13
-202.21215 2 13 14
-202.043606 2 13 15
-223.789921 1 16
-202.316234 2 0 16
-211.675119 2 2 16
-192.40102 2 13 16
-225.995408 1 17
-211.928802 2 2 17
-220.078013 2 11 17
4 39
-330.902593 0
-313.892685 1 0
-329.216199 1 3
-321.815301 1 7
-310.341203 1 10
-308.980112 2 0 10
-307.139104 2 7 10
-325.603363 1 11
-313.403668 2 0 11
-318.866011 2 7 11
-305.500793 2 10 11
-305.481877 3 7 10 11
-325.012188 1 13
-323.452673 2 3 13
-321.681495 2 7 13
-322.784426 2 11 13
-298.542238 1 15
-293.231131 2 0 15
-296.349484 2 3 15
-290.750292 2 7 15
-284.982019 2 10 15
-293.72838 2 11 15
-289.795858 3 7 11 15
-282.987207 3 10 11 15
-298.303267 2 13 15
-311.694663 1 16
-307.10532 2 0 16
-308.709666 2 7 16
-299.647172 2 10 16
-310.529759 2 13 16
-282.040157 2 15 16
-278.366569 3 10 15 16
-315.013555 1 17
-307.403031 2 0 17
-312.133483 2 11 17
-287.790694 2 15 17
-287.049066 3 11 15 17
-307.078997 2 16 17
-281.48557 3 15 16 17
5 12
-203.275716 0
-200.904142 1 1
-199.98524 1 6
-198.621288 2 1 6
-198.072748 1 9
-193.974285 2 6 9
-200.168155 1 10
-196.575889 2 6 10
-199.201927 2 8 10
-196.828214 2 9 10
-201.632724 1 17
-198.960243 2 6 17
6 5
-37.232964 0
-35.425617 1 3
-33.942488 1 5
-33.937883 2 3 5
-36.793571 2 2 16
7 4
-182.291615 0
-173.204324 1 4
-177.949299 1 16
-179.728893 1 17
8 4
-182.291615 0
-176.581589 1 9
-181.665818 1 16
-176.286223 2 9 16
9 15
-204.226331 0
-203.469349 1 0
-202.214785 1 2
-199.647803 1 3
-199.023363 1 5
-193.961586 2 3 5
-198.516305 1 8
-196.505035 2 5 8
-201.574975 1 13
-196.245749 2 5 13
-198.295013 3 8 13 15
-197.487714 3 6 8 16
-202.35581 1 17
-200.927172 2 2 17
-202.256188 2 12 17
10 14
-216.038477 0
-213.584723 1 1
-214.711251 1 3
-195.477088 1 4
-212.930916 1 5
-211.985009 2 5 8
-207.110779 1 13
-204.967193 2 5 13
-207.048896 2 8 13
-201.794338 3 5 8 13
-215.212633 2 6 15
-194.429843 1 17
-191.257289 2 4 17
-189.046822 2 13 17
11 7
-81.887878 0
-80.253551 1 0
-71.107379 1 3
-76.588648 1 4
-80.636221 1 13
-79.774553 2 0 13
-74.896905 1 16
12 2
-79.14468 0
-78.02683 1 15
13 36
-133.992088 0
-133.455874 1 0
-129.238758 1 2
-105.505551 1 3
-128.101683 1 4
-126.073759 2 2 4
-99.742026 2 3 4
-131.340732 1 9
-125.06439 1 10
-122.918885 2 2 10
-98.812195 2 3 10
-123.480044 2 8 10
-132.740432 1 11
-128.713594 2 2 11
-130.789635 2 9 11
-124.324749 2 10 11
-126.34079 1 14
-121.654048 2 0 14
-122.692895 2 2 14
-95.649058 2 3 14
-126.097643 2 9 14
-121.956767 2 10 14
-121.475455 3 0 10 14
-121.21964 3 2 10 14
-92.638669 3 3 10 14
-126.331569 2 11 14
-133.945409 1 15
-128.807023 2 2 15
-101.976759 2 3 15
-133.710963 2 7 15
-98.301258 3 3 10 15
-123.699955 4 7 9 10 15
-105.27596 2 3 16
-131.559207 1 17
-131.495556 2 11 17
-126.155181 2 14 17
14 13
-162.911931 0
-155.260634 1 13
-151.235889 2 0 13
-154.847172 2 3 13
-154.774411 1 15
-148.128909 2 13 15
-161.821981 1 16
-160.322507 1 17
-154.918481 2 13 17
-152.524817 2 15 17
-159.868759 2 16 17
-154.883598 3 13 16 17
-152.213239 3 15 16 17
15 19
-111.352682 0
-99.572092 1 0
-108.97431 1 1
-111.036659 1 2
-78.992327 1 4
-78.910538 2 0 4
-76.189843 2 2 4
-108.744812 2 2 7
-109.412819 2 6 10
-110.234831 1 12
-77.755288 2 4 12
-111.306003 1 13
-110.604923 2 2 13
-110.723998 2 3 13
-104.353105 3 2 7 13
-110.59363 4 2 9 10 13
-103.215161 1 14
-94.837241 2 0 14
-78.350659 2 4 14
16 20
-201.330227 0
-198.760941 1 0
-194.008 1 3
-182.122297 1 4
-199.707505 2 2 6
-196.987911 1 7
-191.118339 2 3 7
-200.70443 1 8
-199.596865 3 6 8 9
-194.339254 1 11
-182.032102 2 4 11
-192.516103 2 7 11
-193.778408 2 3 13
-200.240277 1 14
-194.0586 2 11 14
-198.48596 1 17
-198.077971 2 0 17
-193.170574 2 11 17
-198.015717 3 0 13 17
-198.032212 2 14 17
17 24
-220.277712 0
-217.733816 1 1
-215.160971 1 3
-204.388674 1 4
-202.933074 2 3 4
-218.63472 1 5
-217.71499 1 7
-218.40719 1 9
-216.840857 2 7 9
-198.669077 1 10
-196.449394 2 7 10
-217.291173 2 9 12
-217.844831 1 13
-217.688288 1 14
-216.391462 2 1 14
-201.909952 2 4 14
-216.44906 2 5 14
-216.140868 2 7 14
-217.502678 2 13 14
-217.433445 1 16
-216.60136 2 9 16
-214.551983 2 13 16
-215.480223 2 14 16
-213.975737 3 13 14 16