18
0 16
-344.232806 0
-344.197145 1 1
-327.570475 1 2
-318.966841 1 3
-325.408167 1 4
-319.363801 2 2 4
-342.492099 1 9
-344.108625 1 11
-343.69066 1 13
-343.956234 1 14
-340.625604 2 13 14
-332.848827 1 15
-322.637 2 2 15
-340.939608 1 16
-340.689583 2 13 16
-343.831782 1 17
1 6
-292.183126 0
-292.147465 1 0
-289.280614 1 5
-289.198809 1 10
-290.281303 1 15
-289.092833 1 17
2 8
-237.557927 0
-220.895596 1 0
-220.090698 1 3
-235.126213 1 9
-232.720704 1 13
-237.265474 1 15
-235.317999 2 7 15
-231.918851 2 13 15
3 16
-230.812845 0
-205.546881 1 0
-213.345615 1 2
-226.311536 1 9
-229.427383 1 10
-221.052482 1 11
-207.933775 2 2 11
-202.902934 1 13
-191.86678 2 0 13
-197.984904 2 2 13
-199.99092 2 11 13
-223.400212 1 16
-211.634463 2 2 16
-193.525353 2 13 16
-225.555849 1 17
-211.973665 2 2 17
4 25
-330.410873 0
-311.586234 1 0
-321.014485 1 7
-309.399339 1 10
-303.789353 2 0 10
-306.643048 2 7 10
-327.0542 1 11
-324.168762 1 13
-311.426518 2 0 13
-320.177529 2 7 13
-298.665589 1 15
-297.031444 2 0 15
-291.782781 2 7 15
-285.878659 2 10 15
-310.818978 1 16
-305.482101 2 0 16
-307.017914 2 7 16
-297.605394 2 10 16
-308.754566 2 13 16
-282.987412 2 15 16
-313.836804 1 17
-301.659 2 0 17
-309.295586 2 10 17
-288.22233 2 15 17
-304.424932 2 16 17
5 11
-203.049065 0
-200.146554 1 1
-200.686937 1 6
-197.629117 1 9
-195.722631 2 6 9
-199.641965 1 10
-198.184787 2 6 10
-197.861346 2 8 10
-195.55496 2 9 10
-201.072849 1 17
-200.545114 2 6 17
6 2
-37.000856 0
-34.638728 1 5
7 4
-182.064865 0
-172.668477 1 4
-177.44857 1 16
-179.179345 1 17
8 4
-182.064865 0
-176.076011 1 9
-181.161328 1 16
-174.868105 2 9 16
9 15
-203.999685 0
-202.258978 1 0
-201.567971 1 2
-199.498376 1 3
-198.579736 1 5
-193.162657 2 3 5
-198.010831 1 8
-195.249065 2 5 8
-201.503025 1 13
-195.941824 2 5 13
-203.897062 1 16
-197.603839 2 8 16
-201.730659 1 17
-199.005383 2 2 17
-198.466965 2 5 17
10 13
-215.811876 0
-212.827559 1 1
-214.426414 1 3
-194.800343 1 4
-212.404776 1 5
-210.602328 2 5 8
-207.175881 1 13
-204.989562 2 5 13
-203.348116 3 5 8 13
-215.771923 1 16
-193.825935 1 17
-189.284718 2 4 17
-189.930169 2 13 17
11 6
-81.659726 0
-81.535545 1 0
-71.899363 1 3
-78.303053 1 4
-81.551658 1 13
-74.96908 1 16
12 2
-78.916429 0
-78.330726 1 15
13 22
-133.764962 0
-133.222817 1 0
-128.927739 1 2
-105.855051 1 3
-127.522852 1 4
-124.423519 2 2 4
-103.424117 2 3 4
-131.268302 1 9
-125.128968 1 10
-123.116218 2 2 10
-102.438671 2 3 10
-124.848208 2 8 10
-133.656895 1 11
-126.140679 1 14
-122.81005 2 0 14
-122.055875 2 2 14
-96.875177 2 3 14
-122.304084 2 10 14
-128.621472 2 2 15
-104.0208 2 3 15
-131.377279 1 17
-125.916336 2 14 17
14 12
-162.685061 0
-162.408489 1 0
-155.060778 1 13
-151.995723 2 0 13
-154.691141 1 15
-149.104413 2 13 15
-161.388273 1 16
-154.790528 2 13 16
-159.96767 1 17
-154.506726 2 13 17
-152.272812 2 15 17
-158.827657 2 16 17
15 12
-111.125246 0
-99.741267 1 0
-109.223423 1 1
-110.832792 1 2
-79.379962 1 4
-77.905104 2 2 4
-108.877288 2 2 7
-110.539542 1 12
-110.526525 2 2 13
-108.849584 3 2 7 13
-103.131325 1 14
-96.064591 2 0 14
16 18
-201.103568 0
-197.810371 1 0
-193.690935 1 3
-181.511674 1 4
-196.487274 1 7
-190.107151 2 3 7
-200.200032 1 8
-201.000945 1 9
-199.79304 2 8 9
-201.063615 1 10
-194.412923 1 11
-192.304067 2 7 11
-194.359489 2 8 11
-199.80678 1 14
-197.871992 1 17
-195.451765 2 0 17
-192.652743 2 11 17
-196.731979 2 14 17
17 27
-220.051126 0
-219.650103 1 0
-216.960833 1 1
-214.794131 1 3
-203.477057 1 4
-218.07491 1 5
-217.165606 1 7
-216.787205 2 5 7
-217.7821 1 9
-202.109918 2 4 9
-215.364318 2 7 9
-198.065185 1 10
-197.961432 2 4 10
-195.127457 2 7 10
-217.663443 1 13
-217.274851 2 5 13
-217.333735 1 14
-216.266948 2 1 14
-200.067171 2 4 14
-215.316235 2 5 14
-215.333104 2 7 14
-217.109391 2 13 14
-216.819549 1 16
-216.499152 2 5 16
-214.979557 2 9 16
-214.057424 2 13 16
-214.258933 2 14 16