19
0 48
-836.05126 0
-659.142182 1 1
-608.723533 1 2
-685.639289 1 3
-628.540609 2 1 3
-606.042181 1 6
-612.487791 1 7
-607.017148 1 8
-704.321928 1 9
-643.409904 2 3 9
-625.77846 1 10
-613.422598 1 11
-739.132529 1 12
-661.263908 2 3 12
-822.792358 1 13
-826.480541 1 14
-753.800315 1 16
-608.970237 2 1 16
-591.048802 2 2 16
-670.375507 2 3 16
-596.754741 2 6 16
-591.649435 2 7 16
-577.988858 2 8 16
-637.090386 2 9 16
-602.280272 2 10 16
-592.120672 2 11 16
-662.427129 2 12 16
-742.239489 1 17
-582.020985 2 1 17
-571.420677 2 2 17
-651.267318 2 3 17
-568.762519 2 6 17
-559.02494 2 7 17
-554.241362 2 8 17
-624.429492 2 9 17
-576.970999 2 10 17
-562.192822 2 11 17
-638.752336 2 12 17
-739.078582 2 16 17
-779.939215 1 18
-622.7133 2 1 18
-669.376402 2 3 18
-601.736035 2 6 18
-608.317026 2 7 18
-638.51135 2 9 18
-683.992928 2 12 18
-694.798225 2 16 18
-682.098088 2 17 18
1 52
-907.157085 0
-730.248007 1 0
-610.491031 1 2
-786.679351 1 3
-729.580671 2 0 3
-610.441597 1 6
-584.839535 2 2 6
-570.62842 1 7
-545.541937 2 6 7
-578.783054 1 8
-554.457509 2 7 8
-376.116616 1 9
-361.019689 2 0 9
-318.157746 2 2 9
-360.414535 2 3 9
-313.374945 2 6 9
-289.31415 2 7 9
-296.343927 2 8 9
-656.771519 1 10
-317.558155 2 9 10
-614.21395 1 11
-610.101619 2 2 11
-607.835107 2 6 11
-300.844561 2 9 11
-443.323288 1 12
-397.302698 2 0 12
-366.567987 2 2 12
-424.25316 2 3 12
-347.642042 2 6 12
-364.927282 2 7 12
-349.515398 2 8 12
-298.840437 2 9 12
-385.663904 2 10 12
-369.823476 2 11 12
-899.567281 1 15
-605.762823 2 2 15
-566.548447 2 7 15
-881.735446 1 16
-608.55389 2 2 16
-775.164611 2 3 16
-552.850777 2 7 16
-887.67323 1 17
-727.454726 2 0 17
-823.910224 1 18
-666.684309 2 0 18
-596.283856 2 2 18
-752.481866 2 3 18
-351.955285 2 9 18
-651.611114 2 10 18
-428.950181 2 12 18
-782.006588 2 16 18
-734.384754 2 17 18
2 51
-803.045236 0
-575.717508 1 0
-506.379182 1 1
-467.964749 2 0 1
-596.412435 1 3
-529.353544 2 0 3
-450.110452 2 1 3
-440.859004 1 6
-415.256942 2 1 6
-332.311293 1 7
-431.320762 1 8
-425.875918 2 6 8
-596.03483 1 9
-515.746289 2 0 9
-493.806034 2 3 9
-422.300216 2 6 9
-454.940249 1 10
-449.549215 2 0 10
-419.524643 2 1 10
-428.563322 2 9 10
-415.720053 1 11
-411.607722 2 1 11
-410.461065 2 9 11
-618.991963 1 12
-513.756114 2 0 12
-511.931965 2 3 12
-436.298085 2 6 12
-445.71427 2 10 12
-798.481385 1 13
-798.74094 1 15
-504.936483 2 1 15
-613.539348 2 12 15
-743.543164 1 16
-470.361608 2 1 16
-588.301847 2 3 16
-545.061529 2 9 16
-553.378811 2 12 16
-753.585111 1 17
-486.148964 2 1 17
-425.140768 2 8 17
-577.078363 2 9 17
-450.800001 2 10 17
-577.220346 2 12 17
-693.493129 1 18
-526.139351 2 0 18
-465.866761 2 1 18
-590.221807 2 3 18
-505.455931 2 9 18
-538.434277 2 12 18
-656.602003 2 16 18
-614.917499 2 17 18
3 35
-588.225046 0
-437.813075 1 0
-467.747312 1 1
-437.145739 2 0 1
-381.592245 1 2
-579.22999 1 4
-580.832501 1 5
-306.488596 1 6
-332.167305 1 7
-376.097875 1 8
-519.331721 1 9
-331.248613 1 10
-343.425172 1 11
-519.271578 1 12
-582.574447 1 13
-535.69771 1 16
-429.126874 2 1 16
-380.456393 2 2 16
-368.714513 2 8 16
-470.124649 2 9 16
-323.746353 2 10 16
-460.192081 2 12 16
-540.306958 1 17
-445.168902 2 1 17
-372.03445 2 8 17
-496.77441 2 9 17
-324.695903 2 10 17
-479.652108 2 12 17
-494.20575 1 18
-383.642936 2 0 18
-422.777392 2 1 18
-438.995247 2 9 18
-459.111477 2 12 18
-477.117631 2 16 18
-463.411872 2 17 18
4 4
-57.536374 0
-48.541318 1 3
-25.766736 1 5
-39.275618 1 13
5 4
-71.883038 0
-64.490493 1 3
-40.113399 1 4
-53.696574 1 13
6 68
-804.244314 0
-574.235235 1 0
-507.528825 1 1
-469.253505 2 0 1
-442.058081 1 2
-416.406586 2 1 2
-522.507864 1 3
-464.099285 2 0 3
-373.508002 2 1 3
-394.430568 2 2 3
-370.244363 1 7
-345.15788 2 1 7
-367.869887 2 3 7
-414.256042 1 8
-408.811198 2 2 8
-371.393363 2 3 8
-574.684719 1 9
-491.479274 2 0 9
-400.950106 2 2 9
-389.976215 2 3 9
-318.100306 2 7 9
-385.215058 2 8 9
-371.348765 1 10
-342.462636 2 1 10
-363.843952 2 2 10
-354.47607 2 3 10
-359.916673 2 7 10
-369.888974 2 8 10
-319.762625 2 9 10
-351.03814 1 11
-344.659297 2 1 11
-343.877605 2 3 11
-313.284723 2 9 11
-638.459062 1 12
-531.839181 2 0 12
-453.027771 2 3 12
-569.203288 2 9 12
-795.874349 1 13
-800.517208 1 15
-715.540614 1 16
-558.49504 2 0 16
-460.088602 2 1 16
-419.081959 2 2 16
-507.622796 2 3 16
-353.748647 2 7 16
-400.218064 2 8 16
-514.839098 2 9 16
-356.631328 2 10 16
-558.793337 2 12 16
-735.450645 1 17
-561.973674 2 0 17
-480.485518 2 1 17
-436.421907 2 2 17
-520.151146 2 3 17
-366.433253 2 7 17
-409.178506 2 8 17
-540.259975 2 9 17
-368.986171 2 10 17
-588.636145 2 12 17
-666.340552 1 18
-488.137371 2 0 18
-454.407815 2 1 18
-429.423581 2 2 18
-513.929967 2 3 18
-454.834225 2 9 18
-540.381647 2 12 18
-614.049573 2 16 18
-590.226779 2 17 18
7 63
-845.752225 0
-622.188756 1 0
-509.22356 1 1
-476.767359 2 0 1
-375.018282 1 2
-352.210441 2 1 2
-589.694483 1 3
-536.825369 2 0 3
-399.861002 2 1 3
-361.974676 2 2 3
-411.752274 1 6
-346.852614 2 1 6
-320.439326 2 2 6
-430.236031 1 8
-405.910486 2 1 8
-345.143408 2 2 8
-418.464363 2 3 8
-388.150392 2 6 8
-633.606624 1 9
-549.576067 2 0 9
-472.487871 2 3 9
-377.022211 2 6 9
-425.999747 2 8 9
-414.209387 1 10
-351.458159 2 1 10
-320.981216 2 2 10
-402.777296 2 6 10
-399.861097 2 8 10
-385.45385 2 9 10
-326.318464 1 11
-300.516591 2 1 11
-271.549953 2 2 11
-318.12182 2 9 11
-604.010489 1 12
-503.85501 2 0 12
-347.154276 2 2 12
-446.484705 2 3 12
-351.446389 2 6 12
-392.530134 2 8 12
-598.760739 2 9 12
-358.444822 2 10 12
-293.083604 2 11 12
-802.01352 1 16
-473.128851 2 1 16
-587.86951 2 9 16
-545.797804 2 12 16
-805.36922 1 17
-622.154672 2 0 17
-501.83632 2 1 17
-626.004853 2 9 17
-576.289793 2 12 17
-796.066411 2 16 17
-688.761854 1 18
-517.139665 2 0 18
-444.63333 2 1 18
-347.628778 2 2 18
-561.430278 2 3 18
-424.734688 2 8 18
-497.245586 2 9 18
-402.144478 2 10 18
-512.508824 2 12 18
-677.96135 2 16 18
-626.737858 2 17 18
8 65
-619.207003 0
-390.172891 1 0
-290.832972 1 1
-269.967062 2 0 1
-247.482529 1 2
-220.361188 2 1 2
-407.079832 1 3
-333.515864 2 0 3
-234.120317 2 1 3
-229.218731 1 6
-198.598669 2 1 6
-214.235646 2 2 6
-203.690809 1 7
-187.519898 2 1 7
-407.233627 1 9
-334.090077 2 0 9
-246.613315 2 2 9
-298.037072 2 3 9
-217.763966 2 6 9
-199.62675 2 7 9
-186.143114 1 10
-144.486218 2 1 10
-170.047217 2 2 10
-184.683324 2 6 10
-171.794824 2 7 10
-165.444398 2 9 10
-134.583538 1 11
-132.729411 2 1 11
-407.785222 1 12
-312.428965 2 0 12
-232.838504 2 2 12
-297.255198 2 3 12
-213.447284 2 6 12
-196.304867 2 7 12
-388.131038 2 9 12
-179.969188 2 10 12
-598.854363 1 13
-536.019031 1 16
-360.207574 2 0 16
-259.937105 2 1 16
-229.8471 2 2 16
-369.035834 2 3 16
-220.69648 2 6 16
-181.614197 2 7 16
-352.20553 2 9 16
-353.826829 2 12 16
-546.937998 1 17
-358.939871 2 0 17
-261.780515 2 1 17
-218.493654 2 2 17
-378.66549 2 3 17
-220.665859 2 6 17
-183.373304 2 7 17
-372.908534 2 9 17
-366.562536 2 12 17
-522.783583 2 16 17
-479.73891 1 18
-322.171486 2 0 18
-243.058792 2 1 18
-224.20124 2 2 18
-385.853918 2 3 18
-295.7283 2 9 18
-322.060676 2 12 18
-453.506782 2 16 18
-450.406644 2 17 18
9 39
-860.301469 0
-728.572138 1 0
-329.261 1 1
-653.291063 1 2
-791.408145 1 3
-630.741875 1 6
-612.183088 2 2 6
-648.155868 1 7
-596.011812 2 6 7
-648.328093 1 8
-619.287109 2 6 8
-644.091809 2 7 8
-705.091474 1 10
-678.768779 1 11
-506.105612 1 12
-491.531429 2 0 12
-486.722323 2 2 12
-436.849838 2 6 12
-500.855862 2 7 12
-486.451428 2 8 12
-499.294435 2 11 12
-853.049359 1 15
-845.347362 1 16
-646.865727 2 2 16
-779.774301 2 3 16
-631.203352 2 7 16
-843.906005 1 17
-726.096007 2 0 17
-831.854864 1 18
-690.426999 2 0 18
-643.817666 2 2 18
-776.644361 2 3 18
-620.348538 2 6 18
-640.338596 2 7 18
-647.844254 2 8 18
-696.804009 2 10 18
-669.569825 2 11 18
-787.404378 2 16 18
-743.19547 2 17 18
10 58
-656.406664 0
-446.133864 1 0
-406.021099 1 1
-378.01456 2 0 1
-308.301678 1 2
-399.430231 1 3
-341.550262 2 0 3
-293.260029 2 1 3
-275.759169 2 2 3
-223.511115 1 6
-224.863827 1 7
-214.536137 2 6 7
-223.342776 1 8
-203.349214 2 3 8
-178.975708 2 6 8
-192.967842 2 7 8
-501.196669 1 9
-430.350061 2 0 9
-339.391423 2 3 9
-175.411033 1 11
-484.060523 1 12
-393.924817 2 0 12
-322.599595 2 3 12
-637.11427 1 13
-445.178401 2 0 13
-403.776462 2 1 13
-302.464453 2 2 13
-216.526917 2 6 13
-215.954644 2 7 13
-655.276159 1 15
-577.349263 1 16
-425.829221 2 0 16
-372.545895 2 1 16
-301.274088 2 2 16
-365.397907 2 3 16
-218.439977 2 6 16
-219.759838 2 7 16
-447.524171 2 9 16
-429.783352 2 12 16
-576.444046 1 17
-411.175556 2 0 17
-363.65326 2 1 17
-273.658936 2 2 17
-360.832991 2 3 17
-209.979572 2 6 17
-204.271588 2 7 17
-454.651909 2 9 17
-433.783615 2 12 17
-562.115445 2 16 17
-517.926966 1 18
-369.63558 2 0 18
-345.627856 2 1 18
-283.450277 2 2 18
-372.244889 2 3 18
-382.876111 2 9 18
-391.845232 2 12 18
-489.315596 2 16 18
-467.57515 2 17 18
11 57
-660.811788 0
-438.183126 1 0
-367.868653 1 1
-341.80143 2 0 1
-273.486605 1 2
-273.097193 2 1 2
-416.011913 1 3
-356.957224 2 0 3
-275.277733 2 1 3
-262.119432 2 2 3
-207.605614 1 6
-204.999124 2 1 6
-197.975766 2 2 6
-141.378027 1 7
-176.188323 1 8
-140.850666 2 6 8
-110.531282 2 7 8
-479.279097 1 9
-405.095492 2 0 9
-333.669472 2 3 9
-179.816156 1 10
-171.937064 2 1 10
-169.730123 2 2 10
-165.454495 2 6 10
-119.678105 2 7 10
-151.968777 2 8 10
-466.708461 1 12
-369.358493 2 0 12
-323.633267 2 3 12
-459.897284 2 9 12
-641.529439 1 13
-579.274052 1 16
-417.594409 2 0 16
-327.556928 2 1 16
-259.56645 2 2 16
-391.452386 2 3 16
-136.837913 2 7 16
-419.500756 2 9 16
-404.889823 2 12 16
-583.656736 1 17
-403.610068 2 0 17
-334.007658 2 1 17
-248.436104 2 2 17
-390.651378 2 3 17
-128.331894 2 7 17
-437.192853 2 9 17
-413.371193 2 12 17
-565.803461 2 16 17
-516.932937 1 18
-351.829458 2 0 18
-308.944082 2 1 18
-243.28535 2 2 18
-395.801997 2 3 18
-354.647898 2 9 18
-367.311672 2 12 18
-490.821021 2 16 18
-473.094701 2 17 18
12 33
-839.120932 0
-742.2022 1 0
-375.287135 1 1
-655.067658 1 2
-770.167464 1 3
-673.33568 1 6
-597.379196 1 7
-627.69915 1 8
-589.993253 2 7 8
-484.925074 1 9
-479.443643 2 6 9
-450.079189 2 7 9
-465.822484 2 8 9
-666.774791 1 10
-470.978315 2 9 10
-645.017605 1 11
-465.543261 2 9 11
-822.558609 1 16
-731.185423 2 0 16
-632.394256 2 2 16
-747.05298 2 3 16
-665.811331 2 6 16
-566.342892 2 7 16
-820.88662 1 17
-717.399467 2 0 17
-644.521855 2 2 17
-760.231771 2 3 17
-591.807193 2 7 17
-807.772365 1 18
-711.826078 2 0 18
-652.713512 2 2 18
-783.894607 2 16 18
-739.727539 2 17 18
13 15
-243.272354 0
-230.013452 1 0
-238.708503 1 2
-237.621754 1 3
-225.011597 1 4
-225.08589 1 5
-234.902389 1 6
-222.919713 1 8
-223.979959 1 10
-223.990005 1 11
-196.825397 1 16
-194.458959 1 17
-190.021319 2 4 17
-191.572922 2 5 17
-238.042467 1 18
14 3
-711.51529 0
-701.94457 1 0
-704.192672 1 18
15 10
-747.074941 0
-739.485137 1 1
-742.770645 1 2
-738.042437 2 1 2
-743.347835 1 6
-739.822831 1 9
-745.944436 1 10
-746.982447 1 16
-739.608585 1 17
-724.218118 1 18
16 54
-835.983528 0
-753.732583 1 0
-810.561889 1 1
-776.481456 1 2
-774.544316 2 1 2
-783.456192 1 3
-771.941451 2 1 3
-775.345604 2 2 3
-747.279829 1 6
-737.992388 2 0 6
-792.244823 1 7
-774.46718 2 1 7
-752.795556 1 8
-723.767266 2 0 8
-745.412194 2 3 8
-738.757578 2 6 8
-821.029421 1 9
-770.05612 2 2 9
-771.822349 2 3 9
-775.292307 2 7 9
-756.926127 1 10
-733.427939 2 0 10
-749.423867 2 3 10
-742.20869 2 6 10
-754.445793 1 11
-733.143867 2 0 11
-819.421205 1 12
-742.715805 2 0 12
-753.808053 2 2 12
-760.341708 2 3 12
-739.75548 2 6 12
-761.20852 2 7 12
-789.536571 1 13
-749.320048 2 0 13
-766.614348 2 2 13
-765.957427 2 3 13
-744.081901 2 6 13
-777.766172 2 7 13
-751.131289 2 10 13
-835.891035 1 15
-474.672641 1 17
-471.511733 2 0 17
-471.037116 2 2 17
-457.338576 2 6 17
-465.369831 2 7 17
-450.518226 2 8 17
-460.344039 2 10 17
-456.819366 2 11 17
-818.477028 1 18
-733.336038 2 0 18
-776.573392 2 1 18
-774.026543 2 9 18
-794.599271 2 12 18
-470.072811 2 17 18
17 55
-887.379416 0
-793.567645 1 0
-867.89556 1 1
-790.774364 2 0 1
-837.919291 1 2
-839.461327 1 3
-818.585747 1 6
-781.306084 2 0 6
-846.996411 1 7
-793.533561 2 0 7
-815.11041 1 8
-762.334625 2 0 8
-808.930416 2 2 8
-811.046986 2 3 8
-810.032875 2 6 8
-870.983951 1 9
-791.091514 2 0 9
-807.416797 1 10
-758.609336 2 0 10
-803.276549 2 2 10
-800.864088 2 3 10
-805.054204 2 6 10
-810.224364 1 11
-758.994587 2 0 11
-869.145105 1 12
-768.764912 2 0 12
-827.373488 2 2 12
-829.525635 2 3 12
-841.424408 2 7 12
-838.566021 1 13
-790.233089 2 0 13
-824.422021 2 2 13
-813.998826 2 3 13
-809.77475 2 6 13
-827.883201 2 7 13
-789.631965 2 10 13
-879.91306 1 15
-526.068528 1 16
-511.346795 2 0 16
-520.121419 2 7 16
-512.83308 2 8 16
-510.83471 2 10 16
-512.597937 2 11 16
-846.67018 1 18
-748.829053 2 0 18
-757.14471 2 1 18
-768.09455 2 2 18
-815.876302 2 3 18
-770.556407 2 6 18
-784.646184 2 7 18
-758.010786 2 9 18
-796.318363 2 10 18
-802.831943 2 11 18
-778.625353 2 12 18
-498.265963 2 16 18
18 49
-1182.368558 0
-1126.256513 1 0
-1099.121697 1 1
-1062.692815 2 0 1
-1072.816451 1 2
-1058.609276 2 1 2
-1088.349261 1 3
-1072.086374 2 0 3
-1054.151776 2 1 3
-1044.464795 1 6
-1040.158649 2 0 6
-1025.378187 1 7
-1021.207422 2 0 7
-1042.900464 1 8
-1153.921952 1 9
-1088.111374 2 0 9
-1063.343054 2 2 9
-1073.585478 2 3 9
-1034.071459 2 6 9
-1017.560914 2 7 9
-1042.416625 2 8 9
-1043.888859 1 10
-1038.728454 2 1 10
-1035.601394 2 9 10
-1038.489707 1 11
-1029.290753 2 9 11
-1151.019991 1 12
-1095.88039 2 0 12
-1070.462305 2 2 12
-1177.138671 1 13
-1175.04594 1 14
-1159.511735 1 15
-1164.862058 1 16
-1105.859968 2 0 16
-1065.133199 2 1 16
-1106.919074 2 9 16
-1126.198057 2 12 16
-1141.659322 1 17
-1081.517921 2 0 17
-988.370846 2 1 17
-1002.99171 2 2 17
-1064.764236 2 3 17
-996.435456 2 6 17
-963.027959 2 7 17
-1040.948787 2 9 17
-1032.790425 2 10 17
-1031.097287 2 11 17
-1060.50024 2 12 17
-1137.059492 2 16 17