19
0 133
-836.557812 0
-657.071625 1 1
-606.861318 1 2
-601.548778 2 1 2
-682.091805 1 3
-605.99229 2 1 3
-593.026233 2 2 3
-680.12599 2 3 4
-603.287025 1 6
-597.973803 2 1 6
-581.485568 2 2 6
-609.511869 1 7
-603.836303 2 1 7
-602.784141 2 2 7
-604.846332 2 3 7
-594.416521 2 6 7
-603.654211 1 8
-590.056615 2 2 8
-585.844325 2 3 8
-585.806096 2 6 8
-598.285418 2 7 8
-703.563168 1 9
-623.581636 2 3 9
-602.373296 2 6 9
-601.04188 2 7 9
-622.123969 1 10
-605.332041 2 1 10
-595.129484 2 2 10
-600.626623 2 3 10
-589.1682 3 2 3 10
-619.998456 2 4 10
-620.161244 2 5 10
-601.675363 2 6 10
-606.520567 2 7 10
-601.120042 2 8 10
-613.554464 2 9 10
-609.688071 1 11
-605.688287 2 1 11
-597.664634 2 2 11
-601.095697 2 3 11
-595.946542 2 6 11
-599.474139 2 8 11
-605.724764 2 10 11
-738.832629 1 12
-641.858146 2 3 12
-820.098441 1 13
-646.511178 2 1 13
-669.756181 2 3 13
-601.807309 3 1 3 13
-600.463365 2 6 13
-605.344835 2 7 13
-601.960769 3 3 7 13
-599.281896 2 8 13
-585.000506 3 3 8 13
-693.620447 2 9 13
-618.164348 3 3 9 13
-602.560566 2 10 13
-600.541111 3 1 10 13
-594.785235 3 3 10 13
-598.175413 3 6 10 13
-597.439466 3 8 10 13
-603.882924 2 11 13
-598.424474 3 3 11 13
-602.158785 3 10 11 13
-722.775149 2 12 13
-636.983787 3 3 12 13
-828.66393 1 14
-608.912225 2 7 14
-597.981465 2 8 14
-620.481933 2 10 14
-606.174634 2 11 14
-755.548046 1 16
-598.611975 2 1 16
-579.665355 2 2 16
-655.493908 2 3 16
-583.650052 2 6 16
-578.517234 2 7 16
-557.694654 2 8 16
-628.896996 2 9 16
-585.613127 2 10 16
-573.198971 2 11 16
-654.195656 2 12 16
-744.810904 1 17
-575.397793 2 1 17
-562.844708 2 2 17
-635.786703 2 3 17
-569.723436 3 1 3 17
-555.402799 2 6 17
-546.498386 2 7 17
-533.581544 2 8 17
-617.999339 2 9 17
-593.223781 3 3 9 17
-558.569182 2 10 17
-541.146141 2 11 17
-632.560642 2 12 17
-602.460447 3 3 12 17
-730.225153 2 16 17
-782.180481 1 18
-609.20004 2 1 18
-594.539236 2 2 18
-647.884823 2 3 18
-589.916376 3 1 3 18
-576.370115 3 2 3 18
-579.186352 2 6 18
-574.080222 3 2 6 18
-583.178414 2 7 18
-583.04223 3 3 7 18
-575.615976 3 6 7 18
-589.584148 2 8 18
-572.11581 3 3 8 18
-575.678582 3 6 8 18
-580.133765 3 7 8 18
-628.784691 2 9 18
-600.975788 3 3 9 18
-607.01158 2 10 18
-602.968007 3 1 10 18
-584.883405 3 3 10 18
-606.613107 3 9 10 18
-581.239704 2 11 18
-579.507931 3 3 11 18
-578.795513 3 6 11 18
-677.031151 2 12 18
-636.706614 3 3 12 18
-772.44716 2 13 18
-697.487661 2 16 18
-595.771417 3 1 16 18
-578.869755 3 2 16 18
-561.549768 3 7 16 18
-542.026778 3 8 16 18
-618.753015 3 9 16 18
-577.787353 3 10 16 18
-551.495981 3 11 16 18
-681.945682 2 17 18
1 130
-907.709014 0
-728.222826 1 0
-609.331122 1 2
-604.018582 2 0 2
-783.911924 1 3
-707.812409 2 0 3
-905.775328 1 4
-905.759033 1 5
-607.20723 1 6
-601.894007 2 0 6
-557.640604 2 2 6
-567.695426 1 7
-562.01986 2 0 7
-566.855116 2 2 7
-513.877034 2 6 7
-572.494666 1 8
-551.815638 2 2 8
-571.343584 2 4 8
-543.836007 2 6 8
-529.48435 3 2 6 8
-518.8051 2 7 8
-491.975325 3 6 7 8
-372.458865 1 9
-335.143399 2 0 9
-291.472571 2 2 9
-332.842347 2 3 9
-283.492541 2 6 9
-259.440959 2 7 9
-260.448714 2 8 9
-257.012305 3 7 8 9
-653.231316 1 10
-636.439388 2 0 10
-594.990979 2 2 10
-653.027789 2 3 10
-643.909672 2 4 10
-645.865275 2 5 10
-597.641704 2 6 10
-561.862564 2 7 10
-287.339301 2 9 10
-285.584314 3 4 9 10
-286.466395 3 5 9 10
-608.967628 1 11
-604.967845 2 0 11
-582.099187 2 2 11
-607.890778 2 4 11
-572.79614 2 6 11
-556.82749 3 2 6 11
-551.566837 2 7 11
-265.799015 2 9 11
-439.665424 1 12
-374.151612 2 0 12
-347.23139 2 2 12
-397.093559 2 3 12
-319.792872 2 6 12
-337.257535 2 7 12
-317.726307 3 6 7 12
-315.154531 2 8 12
-300.366819 3 6 8 12
-268.421374 2 9 12
-260.603873 3 0 9 12
-238.330236 3 2 9 12
-253.601824 3 3 9 12
-226.914421 3 6 9 12
-214.275504 3 7 9 12
-204.431832 3 8 9 12
-355.052485 2 10 12
-225.136175 3 9 10 12
-339.040098 2 11 12
-318.428359 3 6 11 12
-213.877055 3 9 11 12
-561.828743 2 7 13
-649.817208 2 10 13
-902.192947 1 15
-596.959948 2 2 15
-779.502505 2 3 15
-595.64659 2 6 15
-555.795412 3 2 6 15
-552.345024 2 7 15
-513.101427 3 6 7 15
-559.142575 2 8 15
-551.476218 3 2 8 15
-536.764593 3 6 8 15
-511.946298 3 7 8 15
-645.997765 2 10 15
-642.445638 3 4 10 15
-644.947704 3 5 10 15
-598.101073 2 11 15
-572.409744 3 6 11 15
-546.891782 3 7 11 15
-884.008682 1 16
-727.072611 2 0 16
-599.918361 2 2 16
-764.073915 2 3 16
-540.711549 2 7 16
-608.587004 2 11 16
-427.930218 2 12 16
-890.803657 1 17
-721.390546 2 0 17
-779.305193 2 3 17
-432.17056 2 12 17
-826.437919 1 18
-653.457479 2 0 18
-573.128638 2 2 18
-734.304663 2 3 18
-586.819756 2 6 18
-545.794427 3 2 6 18
-554.270997 2 7 18
-548.575506 2 8 18
-534.779786 3 2 8 18
-530.436387 3 6 8 18
-510.889435 3 7 8 18
-318.619841 2 9 18
-623.39117 2 10 18
-619.347597 3 0 10 18
-585.452454 2 11 18
-567.925263 3 2 11 18
-567.493183 3 6 11 18
-539.805241 3 7 11 18
-402.07462 2 12 18
-257.364529 3 9 12 18
-824.398479 2 13 18
-731.360785 3 3 13 18
-823.916674 3 4 13 18
-822.225246 3 5 13 18
-620.912508 3 10 13 18
-789.141154 2 16 18
-735.757167 2 17 18
-711.56896 3 3 17 18
-537.221703 3 8 17 18
-585.138334 3 11 17 18
2 175
-803.519928 0
-573.823434 1 0
-505.142036 1 1
-449.61919 2 0 1
-590.963693 1 3
-501.898121 2 0 3
-423.682828 2 1 3
-803.256721 1 4
-588.755539 2 3 4
-801.537115 1 5
-587.930686 2 3 5
-435.330872 1 6
-413.529415 2 0 6
-385.764247 2 1 6
-432.521392 2 3 6
-328.793314 1 7
-322.065586 2 0 7
-327.953004 2 1 7
-314.049472 2 6 7
-425.517057 1 8
-411.919461 2 0 8
-404.838028 2 1 8
-410.23082 2 3 8
-400.436673 3 1 3 8
-387.257236 2 6 8
-372.905579 3 1 6 8
-310.841508 2 7 8
-308.442425 3 6 7 8
-595.179969 1 9
-498.882327 2 0 9
-467.991281 2 3 9
-455.880356 3 0 3 9
-391.416603 2 6 9
-322.993093 2 7 9
-406.407085 2 8 9
-394.264872 3 3 8 9
-375.138035 3 6 8 9
-450.656244 1 10
-423.661759 2 0 10
-392.415907 2 1 10
-440.43713 2 3 10
-436.565897 2 4 10
-435.954437 2 5 10
-410.870616 2 6 10
-407.465956 3 0 6 10
-384.484449 3 1 6 10
-402.311115 2 8 10
-389.597884 3 1 8 10
-402.514596 2 9 10
-394.773145 3 4 9 10
-395.024737 3 5 9 10
-387.244733 3 6 9 10
-391.850817 3 8 9 10
-409.912217 1 11
-397.88878 2 0 11
-383.043776 2 1 11
-408.691119 2 3 11
-392.272621 2 6 11
-391.098669 3 0 6 11
-376.30397 3 1 6 11
-323.448608 2 7 11
-397.835571 2 8 11
-381.777895 2 9 11
-375.642099 3 6 9 11
-617.99764 1 12
-496.913223 2 0 12
-486.128437 2 3 12
-464.731054 3 0 3 12
-409.320857 2 6 12
-409.168222 3 0 6 12
-418.589028 2 8 12
-582.822327 2 9 12
-418.933288 2 10 12
-417.239944 3 0 10 12
-416.119508 3 4 10 12
-416.424101 3 5 10 12
-399.117007 3 6 10 12
-400.984353 2 11 12
-794.730588 1 13
-491.299979 2 1 13
-422.736126 3 1 3 13
-432.8759 2 6 13
-419.565648 2 8 13
-401.185791 3 1 8 13
-590.605888 2 9 13
-429.009512 2 10 13
-385.123469 3 1 10 13
-399.076897 3 8 10 13
-393.289886 3 9 10 13
-405.804704 2 11 13
-382.138778 3 1 11 13
-396.312654 3 8 11 13
-594.624335 2 12 13
-480.160558 3 3 12 13
-408.76582 3 6 12 13
-415.589944 3 8 12 13
-576.661323 3 9 12 13
-406.548283 3 10 12 13
-398.431939 3 11 12 13
-800.394312 1 15
-495.161313 2 1 15
-592.835713 2 9 15
-605.116819 2 12 15
-745.556337 1 16
-569.673646 2 0 16
-461.466016 2 1 16
-570.094906 2 3 16
-569.131718 3 3 4 16
-569.224838 3 3 5 16
-424.163171 2 6 16
-319.740398 2 7 16
-411.739226 2 8 16
-401.154951 3 1 8 16
-536.024844 2 9 16
-403.734786 3 8 9 16
-449.72311 2 10 16
-398.531646 2 11 16
-544.171237 2 12 16
-755.945277 1 17
-480.357508 2 1 17
-588.307696 2 3 17
-433.775086 2 6 17
-398.994962 2 8 17
-397.928639 3 1 8 17
-385.392083 3 6 8 17
-572.630825 2 9 17
-428.35985 2 10 17
-407.471474 3 6 10 17
-391.39813 3 8 10 17
-398.022317 3 9 10 17
-395.265618 2 11 17
-385.960597 3 8 11 17
-571.565822 2 12 17
-416.288095 3 10 12 17
-739.905221 2 16 17
-697.068643 1 18
-509.427397 2 0 18
-443.759361 2 1 18
-563.657238 2 3 18
-492.142531 3 0 3 18
-420.070078 2 6 18
-379.044749 3 1 6 18
-328.018778 2 7 18
-310.691302 3 6 7 18
-400.879667 2 8 18
-387.083947 3 1 8 18
-372.181617 3 6 8 18
-485.048024 2 9 18
-467.719104 3 0 9 18
-462.86847 3 3 9 18
-393.025062 3 8 9 18
-427.469617 2 10 18
-422.134639 3 0 10 18
-383.541844 3 1 10 18
-325.326292 3 7 10 18
-393.011376 3 8 10 18
-395.307906 3 9 10 18
-386.082544 2 11 18
-368.555353 3 1 11 18
-378.215826 3 6 11 18
-321.971784 3 7 11 18
-386.006626 3 8 11 18
-374.139159 3 9 11 18
-524.456845 2 12 18
-481.05461 3 0 12 18
-482.976888 3 3 12 18
-414.351736 3 10 12 18
-384.073763 3 11 12 18
-693.666908 2 13 18
-563.377778 3 3 13 18
-661.273234 2 16 18
-613.057871 2 17 18
-543.336985 3 3 17 18
-397.113578 3 8 17 18
-378.071251 3 11 17 18
3 221
-588.171838 0
-433.70583 1 0
-464.374748 1 1
-413.295413 2 0 1
-375.615603 1 2
-361.780518 2 0 2
-568.923694 1 4
-407.303425 2 0 4
-448.038815 2 1 4
-392.386011 3 0 1 4
-354.422512 2 2 4
-337.596377 3 0 2 4
-570.989712 1 5
-412.542913 2 0 5
-451.955919 2 1 5
-400.047047 3 0 1 5
-357.383283 2 2 5
-344.141958 3 0 2 5
-302.435987 1 6
-299.626507 2 2 6
-276.46858 2 4 6
-275.212193 3 0 4 6
-279.847889 2 5 6
-326.10369 1 7
-321.438152 2 0 7
-303.944475 2 4 7
-296.680521 3 0 4 7
-307.044221 2 5 7
-303.29511 3 0 5 7
-294.131135 2 6 7
-271.930833 3 4 6 7
-275.267381 3 5 6 7
-371.543078 1 8
-353.733192 2 0 8
-356.256841 2 2 8
-350.164002 2 4 8
-329.319806 3 0 4 8
-338.254322 3 2 4 8
-353.237049 2 5 8
-335.915051 3 0 5 8
-341.311826 3 2 5 8
-300.407699 2 6 8
-516.025494 1 9
-500.612115 2 4 9
-504.347214 2 5 9
-327.677305 1 10
-306.179958 2 0 10
-327.473779 2 1 10
-317.458191 2 2 10
-319.356477 2 4 10
-302.151034 3 0 4 10
-320.700499 2 5 10
-285.369477 2 6 10
-306.546565 2 7 10
-303.600134 3 0 7 10
-323.659308 2 8 10
-338.970774 1 11
-330.378401 2 0 11
-337.749676 2 2 11
-316.205658 2 4 11
-305.99996 3 0 4 11
-319.410773 2 5 11
-312.674396 3 0 5 11
-320.515193 2 10 11
-515.882089 1 12
-418.907606 2 0 12
-500.927913 2 4 12
-398.458227 3 0 4 12
-504.591492 2 5 12
-406.104208 3 0 5 12
-576.220639 1 13
-425.878379 2 0 13
-459.984865 2 1 13
-374.200717 2 2 13
-568.902931 2 4 13
-447.794219 3 1 4 13
-299.70375 2 6 13
-324.49445 2 7 13
-321.110384 3 0 7 13
-367.906988 2 8 13
-353.625598 3 0 8 13
-511.868816 2 9 13
-320.05499 2 10 13
-336.843722 2 11 13
-507.729502 2 12 13
-495.557933 3 4 12 13
-501.79668 3 5 12 13
-533.46269 1 16
-433.408552 2 0 16
-413.527923 2 1 16
-358.001258 2 2 16
-513.459217 2 4 16
-392.971073 3 1 4 16
-331.407636 3 2 4 16
-518.075268 2 5 16
-400.572867 3 1 5 16
-337.875961 3 2 5 16
-312.825214 2 7 16
-286.000761 3 4 7 16
-292.540984 3 5 7 16
-345.038947 2 8 16
-316.63856 3 4 8 16
-323.156686 3 5 8 16
-453.684563 2 9 16
-436.420027 3 4 9 16
-443.938207 3 5 9 16
-300.926684 2 10 16
-297.992052 3 4 10 16
-300.363288 3 5 10 16
-293.697618 3 7 10 16
-326.573551 2 11 16
-298.870679 3 4 11 16
-305.450943 3 5 11 16
-443.532848 2 12 16
-426.988982 3 4 12 16
-434.500083 3 5 12 16
-527.763245 2 13 16
-355.329766 3 2 13 16
-310.504723 3 7 13 16
-340.12675 3 8 13 16
-323.223987 3 11 13 16
-537.125661 1 17
-428.101459 2 0 17
-425.627196 2 1 17
-369.48808 2 2 17
-517.410912 2 4 17
-401.762226 3 0 4 17
-409.05485 3 1 4 17
-348.254749 3 2 4 17
-523.275914 2 5 17
-408.097388 3 0 5 17
-417.598667 3 1 5 17
-355.67174 3 2 5 17
-275.678279 3 4 6 17
-311.277914 2 7 17
-282.154921 3 4 7 17
-289.571731 3 5 7 17
-344.559031 2 8 17
-315.363431 3 4 8 17
-322.832723 3 5 8 17
-477.633216 2 9 17
-463.16606 3 4 9 17
-471.618739 3 5 9 17
-297.447933 2 10 17
-297.240025 3 4 10 17
-323.518688 2 11 17
-294.247861 3 4 11 17
-301.764551 3 5 11 17
-460.097719 2 12 17
-444.673062 3 4 12 17
-453.14801 3 5 12 17
-524.605884 2 13 17
-414.933837 3 0 13 17
-419.066941 3 1 13 17
-358.992537 3 2 13 17
-285.465018 3 6 13 17
-293.594997 3 7 13 17
-324.776996 3 8 13 17
-477.576318 3 9 13 17
-304.078292 3 11 13 17
-454.106697 3 12 13 17
-530.111043 2 16 17
-518.722485 3 13 16 17
-488.853639 1 18
-354.557981 2 0 18
-396.720383 2 1 18
-355.442234 2 2 18
-337.273114 3 0 2 18
-457.89541 2 4 18
-320.053301 3 0 4 18
-372.892395 3 1 4 18
-327.124046 3 2 4 18
-306.307967 4 0 2 4 18
-464.039055 2 5 18
-327.22494 3 0 5 18
-381.065736 3 1 5 18
-334.481691 3 2 5 18
-314.560136 4 0 2 5 18
-300.66542 3 4 7 18
-362.748529 2 8 18
-345.280192 3 0 8 18
-333.58845 3 4 8 18
-313.747748 4 0 4 8 18
-341.139459 3 5 8 18
-322.001678 4 0 5 8 18
-413.979795 2 9 18
-390.235119 3 4 9 18
-398.489388 3 5 9 18
-309.411438 2 10 18
-287.283263 3 0 10 18
-336.64987 2 11 18
-307.072167 3 4 11 18
-304.436873 4 0 4 11 18
-314.71753 3 5 11 18
-433.464692 2 12 18
-411.516122 3 4 12 18
-419.793896 3 5 12 18
-472.227644 2 13 18
-350.403826 3 0 13 18
-379.189951 3 1 13 18
-341.938514 3 2 13 18
-331.85359 4 0 2 13 18
-311.055838 3 7 13 18
-349.769576 3 8 13 18
-344.837558 4 0 8 13 18
-402.060391 3 9 13 18
-325.561398 3 11 13 18
-416.667639 3 12 13 18
-457.452609 2 16 18
-427.465761 3 4 16 18
-437.321613 3 5 16 18
-445.895128 3 13 16 18
-432.676691 2 17 18
-406.828393 3 4 17 18
-414.462861 3 5 17 18
-344.341124 3 8 17 18
-310.971654 4 4 8 17 18
-320.158995 4 5 8 17 18
-295.41344 3 10 17 18
-427.810496 3 12 17 18
-420.476343 3 13 17 18
4 41
-56.883177 0
-54.949492 1 1
-56.61997 1 2
-37.635034 1 3
-35.669219 2 0 3
-35.426879 2 2 3
-12.67149 1 5
-11.498833 2 3 5
-31.137422 2 3 6
-55.844366 1 7
-33.685151 2 3 7
-36.611971 2 3 8
-55.842138 1 9
-51.658543 1 10
-49.533029 2 0 10
-42.336899 2 1 10
-37.568197 2 2 10
-21.145006 2 6 10
-32.543986 2 7 10
-37.374933 2 8 10
-34.850202 2 3 11
-32.663867 2 10 11
-31.995447 3 1 10 11
-55.680102 1 12
-45.596579 2 10 12
-29.093592 1 13
-21.775885 2 3 13
-20.907225 3 1 3 13
-19.70092 3 2 3 13
-19.686827 3 3 6 13
-19.697798 3 3 7 13
-19.616907 3 3 8 13
-18.471238 2 10 13
-19.636888 3 3 11 13
-20.900947 3 3 12 13
-35.958362 3 3 8 17
-51.115557 2 10 17
-17.347765 2 13 17
-27.950104 2 3 18
-32.548244 2 10 18
-31.388736 3 7 10 18
5 39
-71.29566 0
-69.345679 1 1
-69.312847 1 2
-54.113535 1 3
-51.080527 2 2 3
-27.083972 1 4
-69.976061 1 6
-47.387963 2 3 6
-68.226342 1 7
-49.166873 2 3 7
-53.008872 2 3 8
-70.442222 1 9
-66.616784 1 10
-64.654058 2 0 10
-59.250743 2 1 10
-51.914977 2 2 10
-35.967661 2 6 10
-46.749489 2 7 10
-52.401244 2 8 10
-70.769606 1 11
-51.209605 2 3 11
-47.666923 2 10 11
-70.481012 1 12
-62.627447 2 10 12
-44.015929 1 13
-41.118466 2 3 13
-39.168454 3 1 3 13
-38.819914 3 2 3 13
-39.863326 3 3 6 13
-38.888363 3 3 7 13
-39.900656 3 3 8 13
-33.35506 2 10 13
-39.893207 3 3 11 13
-39.429804 3 3 12 13
-65.348264 2 10 17
-33.91367 2 13 17
-46.584103 2 3 18
-46.71101 2 10 18
-45.06741 3 7 10 18
6 396
-804.729959 0
-571.459172 1 0
-504.228175 1 1
-445.130353 2 0 1
-436.540904 1 2
-411.165153 2 0 2
-384.850386 2 1 2
-518.994109 1 3
-440.435213 2 0 3
-348.641851 2 1 3
-360.551807 2 2 3
-321.314549 3 1 2 3
-512.496497 2 3 4
-346.689456 3 1 3 4
-803.41036 1 5
-512.268537 2 3 5
-347.632471 3 1 3 5
-362.732392 1 7
-347.637044 2 0 7
-308.914 2 1 7
-347.988551 2 2 7
-344.938687 3 0 2 7
-330.759837 2 3 7
-292.798431 3 1 3 7
-322.166126 3 2 3 7
-406.514872 1 8
-388.666757 2 0 8
-377.856213 2 1 8
-377.159441 3 0 1 8
-368.255052 2 2 8
-366.091759 3 0 2 8
-345.923764 3 1 2 8
-335.379493 2 3 8
-318.536724 3 1 3 8
-322.174886 3 2 3 8
-313.43772 4 1 2 3 8
-335.352793 3 3 4 8
-335.2487 3 3 5 8
-327.189693 2 7 8
-300.359919 3 1 7 8
-324.790611 3 2 7 8
-301.451379 3 3 7 8
-292.606937 4 1 3 7 8
-573.839114 1 9
-472.649242 2 0 9
-484.87279 2 1 9
-443.163803 3 0 1 9
-370.075748 2 2 9
-369.86286 3 0 2 9
-369.444308 2 3 9
-339.894784 3 1 3 9
-304.056421 3 2 3 9
-366.909714 3 3 4 9
-367.824394 3 3 5 9
-283.720468 2 7 9
-269.67443 3 3 7 9
-350.780476 2 8 9
-319.511426 3 2 8 9
-295.273322 3 3 8 9
-289.946457 4 2 3 8 9
-272.04038 3 7 8 9
-268.741073 4 3 7 8 9
-366.783148 1 10
-346.334541 2 0 10
-311.193536 2 1 10
-326.99752 2 2 10
-303.262077 3 1 2 10
-324.47532 2 3 10
-284.345941 3 1 3 10
-303.810659 3 2 3 10
-336.269611 2 4 10
-329.03337 3 0 4 10
-291.640654 3 1 4 10
-316.103515 3 2 4 10
-303.366217 3 3 4 10
-271.959034 4 1 3 4 10
-293.189405 4 2 3 4 10
-336.134025 2 5 10
-328.938469 3 0 5 10
-292.552494 3 1 5 10
-315.892505 3 2 5 10
-303.350233 3 3 5 10
-273.001155 4 1 3 5 10
-293.137168 4 2 3 5 10
-320.237471 2 7 10
-285.21716 3 1 7 10
-316.107797 3 2 7 10
-302.103375 3 3 7 10
-273.568625 4 1 3 7 10
-313.205706 3 4 7 10
-280.75198 4 1 4 7 10
-311.55432 4 2 4 7 10
-296.105966 4 3 4 7 10
-312.991178 3 5 7 10
-281.567222 4 1 5 7 10
-311.323287 4 2 5 7 10
-296.050236 4 3 5 7 10
-329.982937 2 8 10
-309.020239 3 1 8 10
-321.61233 3 2 8 10
-300.482156 3 3 8 10
-318.009216 3 4 8 10
-313.426993 4 2 4 8 10
-289.032297 4 3 4 8 10
-317.82865 3 5 8 10
-313.200649 4 2 5 8 10
-288.988306 4 3 5 8 10
-310.386244 3 7 8 10
-297.430502 4 3 7 8 10
-303.928171 4 4 7 8 10
-303.698313 4 5 7 8 10
-292.729524 2 9 10
-277.459662 3 2 9 10
-263.971999 3 3 9 10
-265.259426 3 4 9 10
-249.337077 4 3 4 9 10
-266.15849 3 5 9 10
-250.379622 4 3 5 9 10
-259.395692 3 7 9 10
-253.341679 4 3 7 9 10
-254.081101 4 4 7 9 10
-254.889978 4 5 7 9 10
-279.506377 3 8 9 10
-343.197908 1 11
-329.45638 2 0 11
-307.02642 2 1 11
-325.558311 2 2 11
-322.666268 3 0 2 11
-300.286614 3 1 2 11
-307.734376 2 3 11
-284.764936 3 1 3 11
-300.60022 3 2 3 11
-329.997804 2 7 11
-322.886958 3 0 7 11
-294.496522 3 1 7 11
-322.512132 3 2 7 11
-306.407751 3 3 7 11
-333.7423 2 8 11
-324.410075 3 2 8 11
-300.964557 3 3 8 11
-321.435463 3 7 8 11
-300.485692 4 3 7 8 11
-278.514081 2 9 11
-272.378285 3 2 9 11
-259.61555 3 3 9 11
-266.258057 3 7 9 11
-317.121616 2 10 11
-314.93272 3 0 10 11
-287.173156 3 1 10 11
-309.382178 3 2 10 11
-293.795217 3 3 10 11
-271.312995 4 1 3 10 11
-309.913085 3 4 10 11
-309.80516 4 0 4 10 11
-282.786549 4 1 4 10 11
-304.259289 4 2 4 10 11
-287.835188 4 3 4 10 11
-309.755774 3 5 10 11
-309.692764 4 0 5 10 11
-283.706261 4 1 5 10 11
-304.054816 4 2 5 10 11
-287.797614 4 3 5 10 11
-313.561214 3 7 10 11
-307.429348 4 4 7 10 11
-307.199491 4 5 7 10 11
-311.780712 3 8 10 11
-292.413689 4 3 8 10 11
-305.078874 4 4 8 10 11
-285.643667 5 3 4 8 10 11
-304.906207 4 5 8 10 11
-285.596604 5 3 5 8 10 11
-309.07229 4 7 8 10 11
-303.182677 5 4 7 8 10 11
-302.947669 5 5 7 8 10 11
-261.363243 3 9 10 11
-251.081655 4 3 9 10 11
-256.120391 4 4 9 10 11
-257.031934 4 5 9 10 11
-636.252367 1 12
-511.292934 2 0 12
-427.575583 2 2 12
-430.324817 2 3 12
-426.388901 3 3 4 12
-427.303394 3 3 5 12
-350.743885 2 7 12
-549.766204 2 9 12
-361.289608 3 3 9 12
-354.537908 2 10 12
-331.794638 3 4 10 12
-332.701841 3 5 10 12
-790.031985 1 13
-570.396909 2 0 13
-490.621148 2 1 13
-428.177296 2 2 13
-513.515096 2 3 13
-344.161151 3 1 3 13
-356.621806 3 2 3 13
-511.426038 3 3 4 13
-512.259956 3 3 5 13
-353.237988 2 7 13
-308.679101 3 1 7 13
-343.97297 3 2 7 13
-326.731725 3 3 7 13
-403.046035 2 8 13
-563.920357 2 9 13
-476.317362 3 1 9 13
-370.071941 3 2 9 13
-367.763653 3 3 9 13
-282.76016 3 7 9 13
-335.886114 2 10 13
-331.500961 3 0 10 13
-292.092547 3 1 10 13
-317.945352 3 2 10 13
-305.971811 3 3 10 13
-275.589246 4 1 3 10 13
-297.190155 4 2 3 10 13
-314.601156 3 7 10 13
-283.462597 4 1 7 10 13
-299.956707 4 3 7 10 13
-317.319898 3 8 10 13
-315.120369 4 2 8 10 13
-291.515138 4 3 8 10 13
-305.174389 4 7 8 10 13
-266.770897 3 9 10 13
-253.979338 4 3 9 10 13
-257.697252 4 7 9 10 13
-342.63476 2 11 13
-333.574344 3 8 11 13
-309.572023 3 10 11 13
-283.465722 4 1 10 11 13
-306.109649 4 2 10 11 13
-290.415558 4 3 10 11 13
-308.675997 4 7 10 11 13
-304.632781 4 8 10 11 13
-288.18253 5 3 8 10 11 13
-304.379034 5 7 8 10 11 13
-257.814105 4 9 10 11 13
-614.083516 2 12 13
-422.207421 3 3 12 13
-349.83597 3 7 12 13
-540.758962 3 9 12 13
-332.240418 3 10 12 13
-802.830726 1 15
-496.28437 2 1 15
-573.212018 2 9 15
-631.40499 2 12 15
-715.571916 1 16
-543.673922 2 0 16
-443.982007 2 1 16
-435.624731 3 0 1 16
-394.17875 2 2 16
-375.715299 3 1 2 16
-491.679655 2 3 16
-354.185996 3 2 3 16
-484.822747 3 3 4 16
-485.613369 3 3 5 16
-323.293039 2 7 16
-368.301379 2 8 16
-357.065266 3 1 8 16
-356.535574 3 2 8 16
-315.968549 3 7 8 16
-502.581727 2 9 16
-362.5945 3 2 9 16
-333.08281 3 8 9 16
-331.595886 2 10 16
-296.289908 3 1 10 16
-307.197086 3 2 10 16
-309.225286 3 4 10 16
-290.751686 4 1 4 10 16
-310.266204 3 5 10 16
-298.721454 3 7 10 16
-297.871572 4 4 7 10 16
-302.267527 3 8 10 16
-300.816121 4 4 8 10 16
-301.847754 4 5 8 10 16
-281.871062 3 9 10 16
-265.031739 4 4 9 10 16
-272.711288 4 8 9 10 16
-318.960004 2 11 16
-306.851786 3 1 11 16
-314.598898 3 7 11 16
-297.874475 3 10 11 16
-297.197743 4 4 10 11 16
-544.128539 2 12 16
-504.69059 3 0 12 16
-485.108526 3 9 12 16
-311.575866 3 10 13 16
-737.422305 1 17
-548.014199 2 0 17
-463.589782 2 1 17
-415.252113 2 2 17
-505.90854 2 3 17
-439.622076 3 0 3 17
-500.794827 3 3 4 17
-501.738577 3 3 5 17
-336.862348 2 7 17
-305.936932 3 1 7 17
-336.346153 3 2 7 17
-376.841279 2 8 17
-359.362047 3 1 8 17
-363.2384 3 2 8 17
-320.004639 3 7 8 17
-529.58913 2 9 17
-456.89919 3 1 9 17
-369.721453 3 2 9 17
-275.926002 3 7 9 17
-333.021703 3 8 9 17
-342.994772 2 10 17
-304.514074 3 1 10 17
-322.106396 3 2 10 17
-324.681645 3 4 10 17
-289.48531 4 1 4 10 17
-313.814061 4 2 4 10 17
-324.537784 3 5 10 17
-290.440406 4 1 5 10 17
-313.621619 4 2 5 10 17
-312.736016 3 7 10 17
-308.302493 4 4 7 10 17
-308.085635 4 5 7 10 17
-313.69359 3 8 10 17
-304.066096 4 1 8 10 17
-305.891006 4 4 8 10 17
-305.710132 4 5 8 10 17
-307.847333 4 7 8 10 17
-302.783994 5 4 7 8 10 17
-302.554591 5 5 7 8 10 17
-280.568025 3 9 10 17
-262.415766 4 4 9 10 17
-263.355594 4 5 9 10 17
-278.274926 4 8 9 10 17
-328.107541 2 11 17
-302.84841 3 1 11 17
-324.513191 3 7 11 17
-323.341619 3 8 11 17
-276.819286 3 9 11 17
-308.201314 3 10 11 17
-303.411094 4 4 10 11 17
-303.246092 4 5 10 11 17
-307.47207 4 8 10 11 17
-301.97427 5 4 8 10 11 17
-301.796685 5 5 8 10 11 17
-578.241788 2 12 17
-514.910408 3 9 12 17
-503.272296 3 3 13 17
-324.867478 3 10 13 17
-290.668188 4 1 10 13 17
-314.996343 4 2 10 13 17
-309.484916 4 7 10 13 17
-305.953077 4 8 10 13 17
-303.910485 5 7 8 10 13 17
-264.69676 4 9 10 13 17
-303.473596 4 10 11 13 17
-301.995023 5 8 10 11 13 17
-703.638876 2 16 17
-665.580692 1 18
-462.586563 2 0 18
-425.962528 2 1 18
-406.939736 3 0 1 18
-388.582127 2 2 18
-368.123114 3 0 2 18
-361.247916 3 1 2 18
-488.38505 2 3 18
-429.90499 3 0 3 18
-356.092117 2 7 18
-338.764641 3 2 7 18
-383.070887 2 8 18
-369.165322 3 0 8 18
-364.931769 3 1 8 18
-354.372837 3 2 8 18
-325.540595 3 7 8 18
-430.499894 2 9 18
-388.278109 3 0 9 18
-422.520619 3 1 9 18
-340.926825 3 2 9 18
-367.23422 3 3 9 18
-344.181595 3 8 9 18
-346.262995 2 10 18
-335.396925 3 0 10 18
-291.616641 3 9 10 18
-332.462615 2 11 18
-324.595897 3 2 11 18
-326.416893 3 7 11 18
-331.226994 3 8 11 18
-519.719474 2 12 18
-660.895268 2 13 18
-601.396244 2 16 18
-380.848218 3 2 16 18
-515.487842 3 12 16 18
-571.07091 2 17 18
-460.768465 3 0 17 18
-477.735701 3 3 17 18
-363.339732 3 8 17 18
-332.130811 3 10 17 18
-327.885451 3 11 17 18
-517.088198 3 12 17 18
-570.185064 3 16 17 18
7 231
-846.259092 0
-619.213149 1 0
-506.245504 1 1
-453.010183 2 0 1
-371.532478 1 2
-367.455301 2 0 2
-329.056472 2 1 2
-584.190944 1 3
-506.945471 2 0 3
-370.051148 2 1 3
-330.49118 2 2 3
-291.976384 3 1 2 3
-845.22028 1 4
-580.241062 2 3 4
-370.016477 3 1 3 4
-843.189773 1 5
-579.244282 2 3 5
-369.739115 3 1 3 5
-404.261525 1 6
-395.391021 2 0 6
-310.931329 2 1 6
-282.980125 2 2 6
-255.927501 3 1 2 6
-395.956673 2 3 6
-404.010377 2 5 6
-422.3628 1 8
-416.994007 2 0 8
-368.673233 2 1 8
-307.687251 2 2 8
-296.11967 3 1 2 8
-378.948052 2 3 8
-327.656298 3 1 3 8
-296.691956 3 2 3 8
-283.776666 4 1 2 3 8
-421.974074 2 5 8
-343.037621 2 6 8
-291.176939 3 1 6 8
-264.22281 3 2 6 8
-632.930317 1 9
-530.409028 2 0 9
-360.743442 2 2 9
-446.627368 2 3 9
-437.824052 3 0 3 9
-318.523331 3 2 3 9
-445.772038 3 3 4 9
-445.561706 3 3 5 9
-342.811671 2 6 9
-277.465034 3 2 6 9
-391.625043 2 8 9
-353.036911 3 3 8 9
-312.884947 3 6 8 9
-409.426309 1 10
-393.822907 2 0 10
-318.057557 2 1 10
-289.266449 2 2 10
-270.55369 3 1 2 10
-388.295568 2 3 10
-312.041026 3 1 3 10
-390.311751 2 4 10
-389.68391 3 0 4 10
-308.932845 3 1 4 10
-379.157939 3 3 4 10
-304.551494 4 1 3 4 10
-389.559014 2 5 10
-388.829552 3 0 5 10
-308.836187 3 1 5 10
-378.302802 3 3 5 10
-304.280384 4 1 3 5 10
-362.880632 2 6 10
-292.081181 3 1 6 10
-278.376725 3 2 6 10
-359.550732 2 8 10
-309.29673 3 1 8 10
-280.970035 3 2 8 10
-356.114783 3 3 8 10
-306.404453 4 1 3 8 10
-359.05016 3 4 8 10
-358.252408 3 5 8 10
-339.954039 3 6 8 10
-358.327512 2 9 10
-349.572914 3 3 9 10
-343.153674 3 4 9 10
-342.709718 4 3 4 9 10
-343.141502 3 5 9 10
-342.539599 4 3 5 9 10
-324.993679 3 6 9 10
-336.919331 3 8 9 10
-318.641282 1 11
-261.240491 2 1 11
-232.177674 2 2 11
-211.984506 3 1 2 11
-309.229054 2 3 11
-253.956582 3 1 3 11
-305.441179 2 6 11
-248.710593 3 1 6 11
-229.131495 3 2 6 11
-281.592197 2 9 11
-228.190715 3 2 9 11
-275.965981 3 3 9 11
-269.336174 3 6 9 11
-312.325257 2 10 11
-256.889274 3 1 10 11
-279.694741 3 9 10 11
-600.912497 1 12
-480.490352 2 0 12
-498.504608 2 1 12
-323.056931 2 2 12
-417.026259 2 3 12
-403.901609 3 0 3 12
-293.728655 3 2 3 12
-414.689517 3 3 4 12
-414.498026 3 3 5 12
-315.404016 2 6 12
-247.972328 3 2 6 12
-356.103332 2 8 12
-279.718017 3 2 8 12
-321.512772 3 3 8 12
-278.730632 4 2 3 8 12
-281.916239 3 6 8 12
-245.086531 4 2 6 8 12
-578.305042 2 9 12
-410.667314 3 3 9 12
-326.848479 2 10 12
-258.787963 3 2 10 12
-323.200858 3 3 10 12
-316.326128 3 4 10 12
-315.909668 4 3 4 10 12
-316.328168 3 5 10 12
-315.7681 4 3 5 10 12
-296.613886 3 6 10 12
-304.980799 3 8 10 12
-254.557503 2 11 12
-199.246335 3 2 11 12
-248.746514 3 3 11 12
-241.92751 3 6 11 12
-251.672788 3 10 11 12
-845.838916 1 13
-494.195425 2 1 13
-369.010721 3 1 3 13
-365.52999 3 1 8 13
-630.594157 2 9 13
-392.875761 2 10 13
-305.067584 3 1 10 13
-384.849544 3 3 10 13
-304.60719 4 1 3 10 13
-345.103588 3 9 10 13
-260.848289 3 1 11 13
-581.11952 2 12 13
-491.818751 3 1 12 13
-412.830516 3 3 12 13
-353.234698 3 8 12 13
-570.698513 3 9 12 13
-312.44152 3 10 12 13
-304.920339 4 8 10 12 13
-254.335798 3 11 12 13
-501.556326 2 1 15
-597.230612 2 12 15
-804.559152 1 16
-461.262019 2 1 16
-583.921676 2 3 16
-416.990915 2 8 16
-362.615645 3 1 8 16
-579.87277 2 9 16
-530.8596 2 12 16
-349.056971 3 8 12 16
-808.156103 1 17
-609.843585 2 0 17
-490.972545 2 1 17
-582.308356 2 3 17
-577.205259 3 3 4 17
-577.055744 3 3 5 17
-410.07452 2 8 17
-622.149822 2 9 17
-317.444689 2 11 17
-563.052883 2 12 17
-353.211413 3 8 12 17
-787.544751 2 16 17
-687.988769 1 18
-488.986703 2 0 18
-415.821846 2 1 18
-401.840638 3 0 1 18
-318.938904 2 2 18
-310.550187 3 1 2 18
-527.896116 2 3 18
-463.053524 3 0 3 18
-378.500194 2 6 18
-374.929818 3 0 6 18
-269.121418 3 2 6 18
-378.376986 2 8 18
-368.926603 3 0 8 18
-340.690916 3 1 8 18
-289.97301 3 2 8 18
-367.318888 3 3 8 18
-320.846694 3 6 8 18
-470.63883 2 9 18
-431.679608 3 0 9 18
-421.625536 3 3 9 18
-333.239867 3 6 9 18
-353.289672 3 8 9 18
-312.138697 4 6 8 9 18
-362.917546 2 10 18
-349.702392 3 0 10 18
-299.082802 3 1 10 18
-260.774222 3 2 10 18
-361.758039 3 4 10 18
-361.273947 3 5 10 18
-340.93159 3 6 10 18
-257.529474 4 2 6 10 18
-332.189656 3 8 10 18
-319.835723 3 9 10 18
-318.162833 4 6 9 10 18
-282.444785 2 11 18
-236.797572 3 1 11 18
-218.334025 3 2 11 18
-276.399063 3 6 11 18
-244.047792 3 9 11 18
-279.422252 3 10 11 18
-236.141694 4 1 10 11 18
-489.243987 2 12 18
-425.944702 3 0 12 18
-313.465067 3 2 12 18
-347.925273 3 8 12 18
-317.421128 3 10 12 18
-244.299029 3 11 12 18
-356.338127 3 10 13 18
-330.049041 4 8 10 13 18
-277.187423 4 10 11 13 18
-678.567134 2 16 18
-620.211906 2 17 18
-518.580885 3 3 17 18
-375.653715 3 8 17 18
8 298
-619.463907 0
-386.560306 1 0
-284.24956 1 1
-237.17418 2 0 1
-241.461036 1 2
-224.656333 2 0 2
-183.945552 2 1 2
-402.835148 1 3
-306.587669 2 0 3
-199.455361 2 1 3
-198.384434 3 0 1 3
-222.102274 2 2 3
-220.162629 3 0 2 3
-176.209206 3 1 2 3
-401.812085 2 3 4
-401.730485 2 3 5
-221.24882 1 6
-203.767891 2 0 6
-157.877598 2 1 6
-173.175184 2 2 6
-145.01893 3 1 2 6
-219.220533 2 3 6
-195.567615 1 7
-184.341164 2 0 7
-146.677289 2 1 7
-177.615809 2 2 7
-160.024916 2 6 7
-138.123207 3 1 6 7
-154.417869 3 2 6 7
-404.943402 1 9
-310.862768 2 0 9
-216.170518 2 2 9
-274.829811 2 3 9
-257.872919 3 0 3 9
-201.103401 3 2 3 9
-181.884764 2 6 9
-165.606197 3 2 6 9
-163.638128 2 7 9
-151.95804 3 6 7 9
-179.700826 1 10
-158.696898 2 0 10
-104.931654 2 1 10
-131.355697 2 2 10
-102.113631 3 1 2 10
-175.682829 2 3 10
-165.417216 2 4 10
-101.204237 3 1 4 10
-165.485286 2 5 10
-102.313609 3 1 5 10
-142.900615 2 6 10
-102.758357 3 1 6 10
-125.970507 3 2 6 10
-129.825249 2 7 10
-96.170827 3 1 7 10
-123.059284 3 2 7 10
-119.974022 3 6 7 10
-132.343351 2 9 10
-121.679572 3 2 9 10
-121.794992 3 4 9 10
-122.904364 3 5 9 10
-119.120204 3 6 9 10
-110.93517 3 7 9 10
-125.673066 1 11
-115.459134 2 0 11
-89.923384 2 1 11
-113.59642 2 2 11
-116.217458 2 6 11
-112.448183 3 2 6 11
-103.25158 2 9 11
-102.248206 3 0 9 11
-115.979431 2 10 11
-85.713865 3 1 10 11
-112.632456 3 2 10 11
-110.638526 3 6 10 11
-93.443439 3 9 10 11
-403.674505 1 12
-284.48702 2 0 12
-279.163613 2 1 12
-204.265893 2 2 12
-268.913526 2 3 12
-245.982782 3 0 3 12
-195.574637 3 2 3 12
-176.504829 2 6 12
-157.078777 3 1 6 12
-159.448083 3 2 6 12
-158.86534 2 7 12
-146.200462 3 1 7 12
-143.017052 3 6 7 12
-362.726042 2 9 12
-250.276483 3 3 9 12
-144.092116 2 10 12
-137.735337 3 4 10 12
-138.844718 3 5 10 12
-131.109111 3 6 10 12
-122.224436 3 7 10 12
-112.238016 2 11 12
-592.279967 1 13
-371.463422 2 0 13
-256.950153 2 1 13
-226.19583 3 0 1 13
-217.115027 2 2 13
-212.995699 3 0 2 13
-166.835965 3 1 2 13
-383.966316 2 3 13
-299.210642 3 0 3 13
-179.623268 3 1 3 13
-203.886547 3 2 3 13
-165.36592 4 1 2 3 13
-381.807339 3 3 4 13
-382.748507 3 3 5 13
-205.294017 2 6 13
-196.22786 3 0 6 13
-144.480896 3 1 6 13
-159.788858 3 2 6 13
-135.37751 4 1 2 6 13
-169.99646 2 7 13
-128.284718 3 1 7 13
-156.71356 3 2 7 13
-145.591688 3 6 7 13
-126.335543 4 1 6 7 13
-143.613351 4 2 6 7 13
-382.551223 2 9 13
-306.848971 3 0 9 13
-200.887855 3 2 9 13
-260.39259 3 3 9 13
-190.936018 4 2 3 9 13
-170.355904 3 6 9 13
-159.00804 4 2 6 9 13
-145.965325 3 7 9 13
-142.083283 4 6 7 9 13
-167.33628 2 10 13
-103.984854 3 1 10 13
-125.323416 3 9 10 13
-376.024181 2 12 13
-280.411849 3 0 12 13
-196.98979 3 2 12 13
-253.871883 3 3 12 13
-194.261985 4 2 3 12 13
-171.288819 3 6 12 13
-148.139359 3 7 12 13
-139.45999 4 6 7 12 13
-348.060773 3 9 12 13
-244.377901 4 3 9 12 13
-140.515846 3 10 12 13
-280.135007 2 1 15
-402.040931 2 12 15
-534.079828 1 16
-336.226437 2 0 16
-230.298978 2 1 16
-205.218149 3 0 1 16
-200.262718 2 2 16
-193.341764 3 0 2 16
-169.987914 3 1 2 16
-345.656085 2 3 16
-265.927676 3 0 3 16
-190.535005 3 1 3 16
-188.195234 4 0 1 3 16
-194.47273 3 2 3 16
-343.33406 3 3 4 16
-344.230035 3 3 5 16
-186.809291 2 6 16
-173.837355 3 0 6 16
-143.382237 3 1 6 16
-162.619542 3 2 6 16
-146.511591 2 7 16
-144.961929 3 0 7 16
-131.652605 3 1 7 16
-139.187101 3 6 7 16
-328.674349 2 9 16
-274.646906 3 0 9 16
-196.384292 3 2 9 16
-256.940929 3 3 9 16
-246.581291 4 0 3 9 16
-159.175433 3 6 9 16
-141.135299 3 7 9 16
-177.803347 2 10 16
-163.815809 3 4 10 16
-164.928378 3 5 10 16
-123.428663 3 7 10 16
-114.429852 2 11 16
-111.485247 3 0 11 16
-329.70382 2 12 16
-268.254237 3 0 12 16
-259.982292 3 3 12 16
-170.455366 3 6 12 16
-303.84301 3 9 12 16
-532.025035 2 13 16
-228.723644 3 1 13 16
-199.615734 3 2 13 16
-344.38854 3 3 13 16
-143.667261 3 7 13 16
-166.166389 3 10 13 16
-544.208855 1 17
-332.979495 2 0 17
-230.544797 2 1 17
-210.141267 3 0 1 17
-187.258541 2 2 17
-184.026399 3 0 2 17
-148.115929 3 1 2 17
-351.642226 2 3 17
-254.536666 3 0 3 17
-172.776361 3 1 3 17
-171.523999 3 2 3 17
-345.937777 3 3 4 17
-171.878306 4 1 3 4 17
-346.957229 3 3 5 17
-183.627829 2 6 17
-173.164723 3 0 6 17
-126.317063 3 1 6 17
-135.244827 3 2 6 17
-119.807916 4 1 2 6 17
-146.127272 2 7 17
-108.94153 3 1 7 17
-132.68516 3 2 7 17
-129.269562 3 6 7 17
-353.062748 2 9 17
-289.166774 3 0 9 17
-181.310189 3 2 9 17
-253.781573 3 3 9 17
-239.458763 4 0 3 9 17
-156.495321 3 6 9 17
-127.660607 3 7 9 17
-176.743913 2 10 17
-122.730779 2 11 17
-113.425758 3 2 11 17
-341.862756 2 12 17
-269.358539 3 0 12 17
-180.698686 3 2 12 17
-246.835177 3 3 12 17
-228.087082 4 0 3 12 17
-245.380132 4 3 4 12 17
-162.381088 3 6 12 17
-132.021286 3 7 12 17
-327.593936 3 9 12 17
-344.806021 3 3 13 17
-171.391102 4 1 3 13 17
-246.098609 4 3 12 13 17
-500.954393 2 16 17
-328.933524 3 0 16 17
-209.912852 3 1 16 17
-177.700773 3 2 16 17
-330.077632 3 3 16 17
-171.454238 4 2 3 16 17
-328.735312 4 3 4 16 17
-329.737631 4 3 5 16 17
-173.337174 3 6 16 17
-125.106961 3 7 16 17
-321.335973 3 9 16 17
-310.123688 3 12 16 17
-472.966973 1 18
-280.370639 2 0 18
-195.104559 2 1 18
-180.824834 3 0 1 18
-176.777996 2 2 18
-172.060038 3 0 2 18
-138.429144 3 1 2 18
-346.861863 2 3 18
-271.09285 3 0 3 18
-173.261728 3 1 3 18
-190.457168 2 6 18
-186.949398 3 0 6 18
-134.073799 3 1 6 18
-142.568707 3 2 6 18
-127.429622 4 1 2 6 18
-163.355189 2 7 18
-160.31054 3 0 7 18
-119.973628 3 1 7 18
-147.812102 3 2 7 18
-132.803667 3 6 7 18
-257.465022 2 9 18
-221.284448 3 0 9 18
-165.44206 3 2 9 18
-231.08243 3 3 9 18
-171.146723 3 6 9 18
-140.115864 3 7 9 18
-173.832468 2 10 18
-124.515763 2 11 18
-284.021205 2 12 18
-232.161699 3 0 12 18
-164.580834 3 2 12 18
-228.88535 3 3 12 18
-175.913874 3 6 12 18
-142.702491 3 7 12 18
-255.907321 3 9 12 18
-469.078333 2 13 18
-346.620264 3 3 13 18
-426.524632 2 16 18
-271.063749 3 0 16 18
-194.022637 3 1 16 18
-174.885159 3 2 16 18
-327.31285 3 3 16 18
-263.926931 4 0 3 16 18
-253.245966 3 9 16 18
-280.71862 3 12 16 18
-413.568485 2 17 18
-278.780622 3 0 17 18
-325.232918 3 3 17 18
-399.25187 3 16 17 18
9 78
-860.820988 0
-727.826344 1 0
-325.570839 1 1
-652.481029 1 2
-788.674644 1 3
-859.779948 1 4
-859.96755 1 5
-629.930143 1 6
-629.016413 2 0 6
-306.215454 2 1 6
-586.015873 2 2 6
-647.492213 1 7
-639.022223 2 0 7
-641.691992 2 2 7
-568.480289 2 6 7
-646.300483 1 8
-627.190511 2 2 8
-590.566087 2 6 8
-578.446885 3 2 6 8
-615.562726 2 7 8
-560.413413 3 6 7 8
-703.886995 1 10
-695.317489 2 0 10
-629.833372 2 6 10
-677.449233 1 11
-649.314911 2 2 11
-612.765406 2 6 11
-640.400148 2 7 11
-503.418417 1 12
-473.507207 2 0 12
-468.243104 2 2 12
-416.932254 2 6 12
-480.810962 2 7 12
-462.469954 2 8 12
-486.623544 2 10 12
-476.696529 2 11 12
-855.511629 1 15
-647.95303 2 2 15
-787.634412 2 3 15
-625.892921 2 6 15
-643.266159 2 8 15
-700.793589 2 10 15
-677.418973 2 11 15
-846.079944 1 16
-719.428894 2 0 16
-636.54845 2 2 16
-766.301817 2 3 16
-621.393562 2 7 16
-640.674465 2 8 16
-701.273306 2 10 16
-670.37792 2 11 16
-846.67338 1 17
-719.861815 2 0 17
-787.180934 2 3 17
-843.834068 2 16 17
-836.489382 1 18
-683.093592 2 0 18
-624.468763 2 2 18
-761.615538 2 3 18
-601.408584 2 6 18
-576.813461 3 2 6 18
-619.139443 2 7 18
-556.148257 3 6 7 18
-620.987431 2 8 18
-613.132826 3 2 8 18
-582.098139 3 6 8 18
-595.900117 3 7 8 18
-674.991218 2 10 18
-674.592745 3 0 10 18
-645.695784 2 11 18
-607.298791 3 7 11 18
-498.22765 2 12 18
-793.064906 2 16 18
-618.808937 3 7 16 18
-619.78624 3 8 16 18
-747.39352 2 17 18
-743.201767 3 3 17 18
-620.890004 3 8 17 18
10 457
-656.67992 0
-442.246077 1 0
-402.202222 1 1
-350.462638 2 0 1
-303.816235 1 2
-292.084402 2 0 2
-289.476093 2 1 2
-396.185387 1 3
-314.720205 2 0 3
-265.301252 2 1 3
-261.84632 3 0 1 3
-245.658824 2 2 3
-241.800791 3 0 2 3
-651.455285 1 4
-429.707482 2 0 4
-389.589629 2 1 4
-337.492982 3 0 1 4
-284.764462 2 2 4
-275.170483 3 0 2 4
-273.394573 3 1 2 4
-652.001043 1 5
-430.997952 2 0 5
-392.107286 2 1 5
-340.166699 3 0 1 5
-286.418365 2 2 5
-276.789662 3 0 2 5
-276.148295 3 1 2 5
-218.733109 1 6
-217.121446 2 0 6
-209.167583 2 1 6
-194.272852 2 2 6
-201.666598 2 3 6
-201.005343 3 1 3 6
-188.917675 3 2 3 6
-182.773286 2 4 6
-182.745604 3 0 4 6
-174.715768 3 1 4 6
-161.622704 3 2 4 6
-184.724708 2 5 6
-184.548289 3 0 5 6
-177.743332 3 1 5 6
-163.564633 3 2 5 6
-219.847137 1 7
-216.855835 2 0 7
-214.014275 2 1 7
-200.290012 2 3 7
-199.017817 3 0 3 7
-196.546756 2 4 7
-189.64014 3 1 4 7
-198.370283 2 5 7
-192.479564 3 1 5 7
-177.352216 2 6 7
-171.63355 3 3 6 7
-145.188965 3 4 6 7
-147.130498 3 5 6 7
-216.916838 1 8
-214.382669 2 0 8
-193.710897 2 2 8
-169.033068 2 3 8
-196.300724 2 4 8
-196.091616 3 0 4 8
-174.171412 3 2 4 8
-198.003182 2 5 8
-197.722886 3 0 5 8
-175.91085 3 2 5 8
-140.384903 2 6 8
-134.135731 3 3 6 8
-105.958161 3 4 6 8
-107.901782 3 5 6 8
-154.10477 2 7 8
-146.199799 3 3 7 8
-132.465743 3 4 7 8
-134.281515 3 5 7 8
-137.301321 3 6 7 8
-499.745927 1 9
-409.737223 2 0 9
-319.72995 2 3 9
-308.281064 3 0 3 9
-496.480737 2 4 9
-403.928531 3 0 4 9
-498.800112 2 5 9
-406.574377 3 0 5 9
-218.636338 2 6 9
-169.724913 1 11
-165.761607 2 0 11
-151.269332 2 3 11
-144.773462 2 4 11
-143.964618 3 0 4 11
-146.622231 2 5 11
-145.689797 3 0 5 11
-143.648622 2 6 11
-137.330173 3 3 6 11
-109.284684 3 4 6 11
-111.228306 3 5 6 11
-163.408888 2 7 11
-140.545078 3 4 7 11
-142.36814 3 5 7 11
-160.031278 2 8 11
-149.096984 3 3 8 11
-136.768476 3 4 8 11
-138.609411 3 5 8 11
-138.06969 3 6 8 11
-105.26213 4 4 6 8 11
-107.203149 4 5 6 8 11
-480.389903 1 12
-367.681064 2 0 12
-395.776964 2 1 12
-281.325551 2 2 12
-295.002499 2 3 12
-278.398033 3 0 3 12
-235.256064 3 2 3 12
-470.30638 2 4 12
-355.71305 3 0 4 12
-385.920778 3 1 4 12
-265.92872 3 2 4 12
-472.536337 2 5 12
-358.363949 3 0 5 12
-388.460362 3 1 5 12
-268.68366 3 2 5 12
-198.675445 2 6 12
-188.471595 3 2 6 12
-193.802146 3 3 6 12
-165.08901 3 4 6 12
-156.190726 4 2 4 6 12
-168.117548 3 5 6 12
-159.221443 4 2 5 6 12
-206.325885 2 7 12
-184.585477 3 4 7 12
-187.454802 3 5 7 12
-463.59503 2 9 12
-457.621111 3 4 9 12
-460.013385 3 5 9 12
-633.429129 1 13
-415.891253 2 0 13
-369.774103 2 1 13
-323.804035 3 0 1 13
-267.708052 2 2 13
-261.468111 3 0 2 13
-263.597592 3 1 2 13
-377.26348 2 3 13
-302.292533 3 0 3 13
-243.792956 3 1 3 13
-217.922441 3 2 3 13
-622.806775 2 4 13
-409.72365 3 0 4 13
-360.831336 3 1 4 13
-321.02904 4 0 1 4 13
-259.256161 3 2 4 13
-257.540152 4 0 2 4 13
-257.034931 4 1 2 4 13
-375.098749 3 3 4 13
-622.76826 2 5 13
-410.329071 3 0 5 13
-361.75501 3 1 5 13
-321.950045 4 0 1 5 13
-260.17319 3 2 5 13
-258.477259 4 0 2 5 13
-257.94946 4 1 2 5 13
-375.970627 3 3 5 13
-179.283258 2 6 13
-176.995306 3 0 6 13
-171.245502 3 1 6 13
-157.476107 3 2 6 13
-169.720195 3 3 6 13
-168.160523 3 4 6 13
-162.759126 4 1 4 6 13
-149.534497 4 2 4 6 13
-169.286173 3 5 6 13
-163.858944 4 1 5 6 13
-150.638027 4 2 5 6 13
-180.465974 2 7 13
-168.000297 3 3 7 13
-171.159372 3 4 7 13
-172.193751 3 5 7 13
-141.829141 3 6 7 13
-141.225279 4 3 6 7 13
-133.120969 4 4 6 7 13
-134.224203 4 5 6 7 13
-208.485441 2 8 13
-206.64301 3 0 8 13
-187.99669 3 2 8 13
-167.642541 3 3 8 13
-122.759303 3 6 8 13
-121.427673 4 3 6 8 13
-147.403741 3 7 8 13
-144.496277 4 3 7 8 13
-479.072521 2 9 13
-390.072175 3 0 9 13
-305.304672 3 3 9 13
-474.04578 3 4 9 13
-389.476327 4 0 4 9 13
-474.82723 3 5 9 13
-155.76016 2 11 13
-154.036021 3 0 11 13
-143.77787 3 3 11 13
-144.721981 3 4 11 13
-145.773155 3 5 11 13
-122.697424 3 6 11 13
-121.773389 4 3 6 11 13
-152.15969 3 7 11 13
-152.038687 3 8 11 13
-450.611727 2 12 13
-348.783603 3 0 12 13
-262.535676 3 2 12 13
-279.342209 3 3 12 13
-276.565666 4 0 3 12 13
-441.701036 3 4 12 13
-345.985287 4 0 4 12 13
-255.971692 4 2 4 12 13
-442.567895 3 5 12 13
-346.88512 4 0 5 12 13
-256.895174 4 2 5 12 13
-168.768628 3 6 12 13
-160.236684 4 4 6 12 13
-161.337641 4 5 6 12 13
-445.221634 3 9 12 13
-441.120651 4 4 9 12 13
-442.010095 4 5 9 12 13
-655.956112 1 15
-399.76093 2 1 15
-474.535333 2 12 15
-576.089946 1 16
-406.155027 2 0 16
-355.315184 2 1 16
-344.41727 3 0 1 16
-280.256719 2 2 16
-343.553941 2 3 16
-283.16401 3 0 3 16
-260.951684 3 1 3 16
-225.006189 3 2 3 16
-569.601579 2 4 16
-395.855898 3 0 4 16
-337.644509 3 1 4 16
-326.735609 4 0 1 4 16
-257.809785 3 2 4 16
-572.658938 2 5 16
-396.265621 3 0 5 16
-343.862355 3 1 5 16
-328.703531 4 0 1 5 16
-262.956883 3 2 5 16
-192.113916 2 6 16
-177.976083 3 3 6 16
-157.252707 3 4 6 16
-162.59432 3 5 6 16
-196.691345 2 7 16
-177.56375 3 3 7 16
-173.57613 3 4 7 16
-178.809154 3 5 7 16
-172.119761 3 6 7 16
-168.727508 4 3 6 7 16
-140.28525 4 4 6 7 16
-146.696054 4 5 6 7 16
-193.262671 3 4 8 16
-431.283309 2 9 16
-397.399772 3 0 9 16
-310.534505 3 3 9 16
-426.83389 3 4 9 16
-389.559996 4 0 4 9 16
-391.465034 4 0 5 9 16
-411.919045 2 12 16
-289.699742 3 3 12 16
-399.487672 3 4 12 16
-405.59129 3 5 12 16
-358.245728 4 0 5 12 16
-573.543573 2 13 16
-396.446618 3 0 13 16
-339.369142 3 1 13 16
-259.208431 3 2 13 16
-568.55518 3 4 13 16
-256.902164 4 2 4 13 16
-569.087289 3 5 13 16
-258.506803 4 2 5 13 16
-162.594579 3 6 13 16
-156.052743 4 4 6 13 16
-157.845194 4 5 6 13 16
-175.523532 3 7 13 16
-207.684927 3 8 13 16
-429.668445 3 9 13 16
-387.010476 4 0 9 13 16
-401.865861 3 12 13 16
-575.309083 1 17
-389.067361 2 0 17
-341.964974 2 1 17
-327.860559 3 0 1 17
-247.723656 2 2 17
-335.631355 2 3 17
-268.334861 3 0 3 17
-238.752935 3 1 3 17
-190.947603 3 2 3 17
-565.04708 2 4 17
-372.366158 3 0 4 17
-334.149777 3 1 4 17
-316.475727 4 0 1 4 17
-234.495982 3 2 4 17
-566.648159 2 5 17
-373.961451 3 0 5 17
-337.415787 3 1 5 17
-319.300093 4 0 1 5 17
-236.736964 3 2 5 17
-180.881551 2 6 17
-154.577939 3 2 6 17
-168.960778 3 3 6 17
-153.843163 4 2 3 6 17
-147.201266 3 4 6 17
-122.910608 4 2 4 6 17
-149.511503 3 5 6 17
-125.20389 4 2 5 6 17
-177.253227 2 7 17
-165.381243 3 3 7 17
-159.042513 3 4 7 17
-161.31778 3 5 7 17
-153.126895 3 6 7 17
-152.051522 4 3 6 7 17
-123.033357 4 4 6 7 17
-125.326514 4 5 6 7 17
-207.84414 2 8 17
-190.14968 3 4 8 17
-192.391511 3 5 8 17
-441.489391 2 9 17
-292.317844 3 3 9 17
-439.245114 3 4 9 17
-165.96654 2 11 17
-412.656653 2 12 17
-355.94157 3 0 12 17
-275.44494 3 3 12 17
-407.044141 3 4 12 17
-345.365756 4 0 4 12 17
-410.210222 3 5 12 17
-348.139061 4 0 5 12 17
-556.105418 2 13 17
-367.291389 3 0 13 17
-324.40676 3 1 13 17
-311.590394 4 0 1 13 17
-224.465401 3 2 13 17
-138.559734 3 6 13 17
-114.243101 4 2 6 13 17
-148.38223 3 7 13 17
-114.318031 4 6 7 13 17
-184.002908 3 8 13 17
-179.507287 4 2 8 13 17
-104.499065 4 6 8 13 17
-144.974496 4 7 8 13 17
-432.946634 3 9 13 17
-140.214529 3 11 13 17
-106.496034 4 6 11 13 17
-397.933159 3 12 13 17
-341.244698 4 0 12 13 17
-545.959057 2 16 17
-339.660571 3 1 16 17
-331.345588 3 3 16 17
-538.156324 3 4 16 17
-331.082985 4 1 4 16 17
-541.470842 3 5 16 17
-423.698904 3 9 16 17
-421.049984 4 4 9 16 17
-396.950059 3 12 16 17
-392.212795 4 4 12 16 17
-532.968768 3 13 16 17
-418.275986 4 9 13 16 17
-387.045831 4 12 13 16 17
-515.083147 1 18
-339.914245 2 0 18
-312.036397 2 1 18
-305.804364 3 0 1 18
-245.484121 2 2 18
-335.640946 2 3 18
-272.639528 3 0 3 18
-255.300518 3 1 3 18
-216.526942 3 2 3 18
-488.723058 2 4 18
-305.379206 3 0 4 18
-290.766138 3 1 4 18
-276.465314 4 0 1 4 18
-221.185871 3 2 4 18
-219.414558 4 0 2 4 18
-490.395469 2 5 18
-307.190946 3 0 5 18
-293.866908 3 1 5 18
-279.355584 4 0 1 5 18
-223.214743 3 2 5 18
-221.213033 4 0 2 5 18
-195.76545 2 6 18
-187.178543 3 2 6 18
-189.035473 3 3 6 18
-159.099932 3 4 6 18
-153.18961 4 2 4 6 18
-161.415925 3 5 6 18
-155.496706 4 2 5 6 18
-190.011924 2 7 18
-187.319438 3 2 7 18
-180.078375 3 3 7 18
-156.05407 3 4 7 18
-152.360512 4 2 4 7 18
-158.37002 3 5 7 18
-154.667603 4 2 5 7 18
-158.196846 3 6 7 18
-123.947892 4 4 6 7 18
-126.254987 4 5 6 7 18
-215.948642 2 8 18
-187.357034 3 4 8 18
-189.559114 3 5 8 18
-353.584982 2 9 18
-331.413399 3 0 9 18
-283.848428 3 3 9 18
-333.78773 3 4 9 18
-304.038372 4 0 4 9 18
-336.785477 3 5 9 18
-306.928918 4 0 5 9 18
-141.280928 3 4 11 18
-143.57054 3 5 11 18
-133.116493 4 4 7 11 18
-135.423594 4 5 7 11 18
-358.754718 2 12 18
-320.748939 3 0 12 18
-270.977025 3 3 12 18
-339.627579 3 4 12 18
-293.131187 4 0 4 12 18
-342.669613 3 5 12 18
-296.021785 4 0 5 12 18
-186.931859 3 7 12 18
-481.150965 2 13 18
-315.119847 3 0 13 18
-277.664994 3 1 13 18
-272.057083 4 0 1 13 18
-217.499139 3 2 13 18
-328.256443 3 3 13 18
-477.131114 3 4 13 18
-477.537156 3 5 13 18
-165.554684 3 6 13 18
-164.838428 4 1 6 13 18
-155.956169 4 2 6 13 18
-142.855719 3 7 13 18
-119.534372 4 6 7 13 18
-193.275197 3 8 13 18
-186.931199 4 2 8 13 18
-189.535502 4 5 8 13 18
-133.316893 4 7 8 13 18
-327.35369 3 9 13 18
-298.850979 4 0 9 13 18
-148.716352 3 11 13 18
-130.512062 4 7 11 13 18
-328.532158 3 12 13 18
-292.345063 4 0 12 13 18
-475.051276 2 16 18
-322.773752 3 3 16 18
-449.937591 3 4 16 18
-454.163238 3 5 16 18
-456.860909 3 13 16 18
-439.490102 2 17 18
-332.362823 3 0 17 18
-302.226851 3 3 17 18
-419.655689 3 4 17 18
-303.769015 4 0 4 17 18
-421.213698 3 5 17 18
-305.567342 4 0 5 17 18
-414.407014 3 13 17 18
-302.052093 4 0 13 17 18
11 224
-661.121866 0
-434.252125 1 0
-362.380481 1 1
-310.997143 2 0 1
-267.514155 1 2
-258.317471 2 0 2
-240.282221 2 1 2
-411.920803 1 3
-330.924695 2 0 3
-244.657159 2 1 3
-229.648228 2 2 3
-210.246358 3 1 2 3
-409.135971 2 3 4
-244.578456 3 1 3 4
-660.595812 1 5
-409.016872 2 3 5
-199.589815 1 6
-192.249332 2 0 6
-165.178726 2 1 6
-156.531563 2 2 6
-155.718449 3 1 2 6
-133.504057 1 7
-117.375468 2 1 7
-128.159351 2 2 7
-100.769469 2 6 7
-167.331025 1 8
-163.150953 2 0 8
-139.649539 2 2 8
-138.600923 2 3 8
-132.499435 3 2 3 8
-94.558453 2 6 8
-65.43744 2 7 8
-59.683209 3 6 7 8
-477.750111 1 9
-384.139344 2 0 9
-264.348038 2 2 9
-312.111509 2 3 9
-305.811706 3 0 3 9
-182.425078 2 6 9
-126.411992 2 7 9
-174.16686 1 10
-157.767655 2 0 10
-134.213656 2 1 10
-133.5388 2 2 10
-167.004748 2 3 10
-155.172184 2 4 10
-153.662289 3 0 4 10
-123.872203 3 1 4 10
-155.216999 2 5 10
-153.696041 3 0 5 10
-124.966537 3 1 5 10
-124.505328 2 6 10
-110.193276 3 1 6 10
-115.923458 3 2 6 10
-77.065809 2 7 10
-73.045372 3 1 7 10
-70.389551 3 6 7 10
-110.445465 2 8 10
-110.166572 3 4 8 10
-110.166418 3 5 8 10
-92.24324 3 6 8 10
-160.805793 2 9 10
-145.52189 3 4 9 10
-146.611616 3 5 9 10
-463.218722 1 12
-342.771181 2 0 12
-246.205435 2 2 12
-296.644355 2 3 12
-280.028521 3 0 3 12
-218.416212 3 2 3 12
-295.211037 3 3 4 12
-296.239983 3 3 5 12
-171.245104 2 6 12
-155.136492 3 2 6 12
-116.863728 2 7 12
-97.768599 3 6 7 12
-436.496835 2 9 12
-284.830817 3 3 9 12
-157.24196 2 10 12
-145.876354 3 4 10 12
-146.965796 3 5 10 12
-635.153251 1 13
-418.937734 2 0 13
-336.397106 2 1 13
-300.812689 3 0 1 13
-246.227367 2 2 13
-227.235905 3 1 2 13
-395.776334 2 3 13
-324.444627 3 0 3 13
-227.850835 3 1 3 13
-215.284102 3 2 3 13
-204.875065 4 1 2 3 13
-393.637337 3 3 4 13
-394.551076 3 3 5 13
-187.756026 2 6 13
-185.549612 3 0 6 13
-155.973793 3 1 6 13
-147.258044 3 2 6 13
-112.883818 2 7 13
-103.049969 3 1 7 13
-111.27896 3 2 7 13
-91.503974 3 6 7 13
-456.716369 2 9 13
-379.729395 3 0 9 13
-299.762086 3 3 9 13
-175.165067 3 6 9 13
-112.854514 3 7 9 13
-157.484283 2 10 13
-157.082501 3 0 10 13
-127.016632 3 1 10 13
-149.809493 3 9 10 13
-434.955541 2 12 13
-338.931364 3 0 12 13
-238.763145 3 2 12 13
-281.615275 3 3 12 13
-276.625981 4 0 3 12 13
-168.31308 3 6 12 13
-108.171819 3 7 12 13
-420.894217 3 9 12 13
-279.517671 4 3 9 12 13
-149.004033 3 10 12 13
-359.971344 2 1 15
-459.300376 2 12 15
-578.331626 1 16
-395.98255 2 0 16
-302.909948 2 1 16
-291.781678 3 0 1 16
-231.306934 2 2 16
-371.442487 2 3 16
-312.858161 3 0 3 16
-214.806179 3 2 3 16
-369.854837 3 3 4 16
-370.722643 3 3 5 16
-181.719713 2 6 16
-100.717143 2 7 16
-92.023003 3 6 7 16
-158.681649 2 8 16
-402.629602 2 9 16
-361.718535 3 0 9 16
-310.942948 3 3 9 16
-385.085492 2 12 16
-336.347426 3 0 12 16
-379.686998 3 9 12 16
-100.194119 3 7 13 16
-582.84388 1 17
-379.179116 2 0 17
-309.723 2 1 17
-286.467613 3 0 1 17
-222.164221 2 2 17
-215.976558 3 1 2 17
-369.236907 2 3 17
-284.115797 3 0 3 17
-233.669409 3 1 3 17
-189.805837 3 2 3 17
-364.118417 3 3 4 17
-365.116818 3 3 5 17
-173.529116 2 6 17
-165.925146 3 0 6 17
-148.981628 3 1 6 17
-133.461492 3 2 6 17
-92.132466 2 7 17
-87.772835 3 1 7 17
-79.783308 3 6 7 17
-161.365803 2 8 17
-421.589869 2 9 17
-354.280109 3 0 9 17
-296.687387 3 3 9 17
-168.820025 3 6 9 17
-173.501337 2 10 17
-392.124201 2 12 17
-323.640944 3 0 12 17
-221.178106 3 2 12 17
-280.942739 3 3 12 17
-269.293181 4 0 3 12 17
-188.703333 4 2 3 12 17
-280.408621 4 3 4 12 17
-157.670184 3 6 12 17
-85.41602 3 7 12 17
-388.258718 3 9 12 17
-364.593986 3 3 13 17
-550.585746 2 16 17
-293.302635 3 1 16 17
-212.27417 3 2 16 17
-88.299074 3 7 16 17
-401.270429 3 9 16 17
-366.715231 3 12 16 17
-512.501686 1 18
-311.560908 2 0 18
-271.516221 2 1 18
-246.91008 3 0 1 18
-201.515587 2 2 18
-192.657223 3 0 2 18
-196.312213 3 1 2 18
-360.297917 2 3 18
-291.921025 3 0 3 18
-235.448546 3 1 3 18
-179.38361 2 6 18
-178.99277 3 0 6 18
-160.057036 3 1 6 18
-137.529358 3 2 6 18
-106.957702 2 7 18
-92.491946 3 1 7 18
-100.910708 3 2 7 18
-77.282478 3 6 7 18
-164.050476 2 8 18
-321.708088 2 9 18
-275.292883 3 0 9 18
-277.004139 3 3 9 18
-95.11705 3 7 9 18
-168.870735 2 10 18
-333.43282 2 12 18
-272.39071 3 0 12 18
-193.049739 3 2 12 18
-263.009475 3 3 12 18
-192.38466 4 2 3 12 18
-168.116827 3 6 12 18
-88.487863 3 7 12 18
-261.620014 4 3 9 12 18
-508.386774 2 13 18
-471.803914 2 16 18
-442.296555 2 17 18
-310.050284 3 0 17 18
-338.123631 3 3 17 18
-440.863939 3 16 17 18
12 82
-839.620699 0
-741.895516 1 0
-371.577109 1 1
-654.098412 1 2
-767.33095 1 3
-727.097292 2 0 3
-838.417624 1 4
-838.806051 1 5
-671.143107 1 6
-645.133091 2 2 6
-670.478022 2 4 6
-594.274105 1 7
-363.836214 2 1 7
-582.285598 2 6 7
-623.831297 1 8
-366.491162 2 1 8
-616.903268 2 2 8
-623.034677 2 4 8
-557.57183 2 7 8
-363.359386 3 1 7 8
-482.218128 1 9
-469.860487 2 2 9
-458.145218 2 6 9
-427.592854 2 7 9
-440.000768 2 8 9
-663.330682 1 10
-365.151852 2 1 10
-631.607727 2 2 10
-657.268719 2 4 10
-659.341345 2 5 10
-651.085443 2 6 10
-580.752853 2 7 10
-446.067231 2 9 10
-641.717555 1 11
-632.789692 2 2 11
-640.910304 2 4 11
-577.633776 2 7 11
-440.964852 2 9 11
-426.430917 3 7 9 11
-645.018977 2 2 13
-669.176762 2 6 13
-580.405835 2 7 13
-577.003817 3 6 7 13
-662.30783 2 10 13
-575.693836 3 7 11 13
-653.511367 2 2 15
-823.174418 1 16
-721.822027 2 0 16
-367.095954 2 1 16
-621.789317 2 2 16
-733.244576 2 3 16
-720.953652 3 0 3 16
-651.73104 2 6 16
-549.474865 2 7 16
-618.798409 2 8 16
-659.003516 2 10 16
-656.830047 3 4 10 16
-629.928284 2 11 16
-823.438704 1 17
-711.188442 2 0 17
-364.805607 2 1 17
-639.059249 2 2 17
-746.410762 2 3 17
-664.258188 2 6 17
-578.335484 2 7 17
-621.092605 2 8 17
-660.786274 2 10 17
-632.719026 2 11 17
-571.619039 3 7 11 17
-810.178606 1 18
-705.029276 2 0 18
-637.566808 2 2 18
-754.789659 2 3 18
-664.317389 2 6 18
-621.232839 2 8 18
-471.916874 2 9 18
-653.850177 2 10 18
-631.109741 2 11 18
-629.10096 3 2 11 18
-786.92332 2 16 18
-740.942391 2 17 18
-736.076197 3 3 17 18
13 122
-243.046924 0
-226.587553 1 0
-234.257584 1 2
-231.095725 1 3
-218.760101 2 0 3
-215.257338 1 4
-197.655978 2 0 4
-210.191682 2 2 4
-215.236576 2 3 4
-215.767193 1 5
-201.455982 2 0 5
-210.396 2 2 5
-228.34895 1 6
-225.525289 2 0 6
-225.893977 2 2 6
-225.616712 2 3 6
-205.230093 2 4 6
-204.598675 3 2 4 6
-206.024326 2 5 6
-204.96959 3 2 5 6
-242.626748 1 7
-236.760065 2 1 7
-215.862984 1 8
-211.490669 2 0 8
-209.911575 2 2 8
-212.226893 2 3 8
-211.383074 3 0 3 8
-191.716767 2 4 8
-185.247535 3 0 4 8
-187.517965 3 2 4 8
-192.386892 2 5 8
-190.106055 3 0 5 8
-187.758634 3 2 5 8
-212.394147 2 6 8
-190.958555 3 4 6 8
-191.761622 3 5 6 8
-219.796132 1 10
-200.232729 2 0 10
-216.382024 2 1 10
-198.149401 2 2 10
-212.173818 2 3 10
-186.608828 2 4 10
-177.672146 3 0 4 10
-184.683381 3 2 4 10
-186.534409 2 5 10
-180.787101 3 0 5 10
-184.150825 3 2 5 10
-188.899099 2 6 10
-185.39915 3 0 6 10
-203.245585 2 7 10
-207.431586 2 8 10
-217.078308 1 11
-211.273162 2 0 11
-212.970796 2 2 11
-214.951256 2 3 11
-193.346334 2 4 11
-185.389772 3 0 4 11
-190.866642 3 2 4 11
-194.063465 2 5 11
-190.25375 3 0 5 11
-191.140451 3 2 5 11
-216.51516 2 6 11
-203.113555 2 10 11
-199.547576 3 0 10 11
-225.17815 2 2 12
-209.26075 3 2 4 12
-206.090308 3 2 5 12
-226.382605 2 6 12
-228.758478 2 7 12
-212.78127 3 4 7 12
-209.859993 3 5 7 12
-218.77328 2 10 12
-190.484878 1 16
-184.785433 2 3 16
-161.964463 2 4 16
-165.460002 2 5 16
-188.430085 2 8 16
-183.517888 3 3 8 16
-187.938505 2 10 16
-187.789476 3 1 10 16
-178.157403 3 2 10 16
-160.918064 3 4 10 16
-161.888353 3 5 10 16
-167.918486 3 6 10 16
-181.848798 3 7 10 16
-176.301547 3 8 10 16
-177.746553 3 10 11 16
-188.808634 1 17
-176.288857 2 3 17
-144.778839 2 4 17
-148.713116 2 5 17
-173.652613 3 3 6 17
-169.452652 3 3 8 17
-169.604969 2 10 17
-142.675234 3 4 10 17
-145.34774 3 5 10 17
-151.477675 3 6 10 17
-165.393455 3 8 10 17
-171.645936 3 3 11 17
-165.334321 3 10 11 17
-232.549651 1 18
-222.816331 2 0 18
-230.51021 2 1 18
-229.147917 2 2 18
-215.923657 2 3 18
-212.979779 3 1 3 18
-215.644197 3 2 3 18
-206.748412 2 4 18
-197.310151 3 1 4 18
-202.240456 3 2 4 18
-210.625288 2 5 18
-198.765131 3 1 5 18
-206.909211 3 2 5 18
-227.864228 2 6 18
-203.072965 3 4 6 18
-205.174858 3 4 9 18
-206.365414 3 5 9 18
-198.61747 2 10 18
-198.021932 3 0 10 18
-196.138808 3 1 10 18
-192.03805 3 7 10 18
-183.759908 3 10 16 18
14 3
-711.917937 0
-704.024056 1 0
-707.29294 1 18
15 17
-747.496654 0
-741.980587 1 1
-744.371038 1 2
-731.999864 2 1 2
-745.597421 1 6
-734.036781 2 1 6
-737.291409 2 1 7
-737.866034 2 1 8
-742.187295 1 9
-739.84304 2 2 9
-741.560199 2 6 9
-746.772846 1 10
-739.539295 2 1 10
-739.57145 2 1 11
-743.783993 2 2 12
-741.769407 1 17
-727.038294 1 18
16 111
-836.482808 0
-755.473042 1 0
-812.782476 1 1
-754.322827 2 0 1
-778.519218 1 2
-751.323254 2 0 2
-769.106457 2 1 2
-781.773661 1 3
-755.175764 2 0 3
-761.935652 2 1 3
-760.904873 2 2 3
-747.324765 1 6
-727.687792 2 0 6
-736.157064 2 2 6
-794.782869 1 7
-767.798992 2 1 7
-781.504392 2 3 7
-751.098729 1 8
-705.139172 2 0 8
-737.320899 2 2 8
-724.594598 2 3 8
-712.885236 2 6 8
-697.757256 3 0 6 8
-745.726845 2 7 8
-821.741764 1 9
-747.075592 2 0 9
-762.586639 2 2 9
-759.400833 2 3 9
-768.684218 2 7 9
-745.472712 2 8 9
-755.892835 1 10
-719.381992 2 0 10
-754.959701 2 2 10
-729.142214 2 3 10
-720.705573 2 6 10
-708.737216 3 0 6 10
-753.279146 2 9 10
-753.692568 1 11
-717.203468 2 0 11
-753.311944 2 1 11
-742.311996 2 2 11
-741.295345 2 3 11
-729.454664 2 6 11
-742.449354 2 8 11
-746.621255 2 9 11
-820.036527 1 12
-735.399554 2 0 12
-808.301321 2 1 12
-746.210123 2 2 12
-747.687286 2 3 12
-727.912699 2 6 12
-749.983629 2 7 12
-746.065841 2 8 12
-739.019479 3 7 8 12
-751.565669 2 10 12
-741.903296 2 11 12
-783.920763 1 13
-726.569841 2 0 13
-767.707852 2 1 13
-743.467325 2 2 13
-735.463369 2 3 13
-724.537503 3 1 3 13
-724.596374 3 2 3 13
-716.413639 2 6 13
-755.172731 2 7 13
-749.947184 3 1 7 13
-723.665831 2 8 13
-701.20609 3 0 8 13
-695.885593 3 3 8 13
-698.184553 3 6 8 13
-774.986726 2 9 13
-743.274412 3 2 9 13
-719.986926 3 3 9 13
-745.226993 3 7 9 13
-723.340108 3 8 9 13
-724.035208 2 10 13
-707.125205 3 0 10 13
-707.280534 3 3 10 13
-699.72496 3 6 10 13
-722.865317 3 8 10 13
-727.469783 2 11 13
-714.33604 3 0 11 13
-713.850048 3 3 11 13
-713.076853 3 6 11 13
-722.268621 3 8 11 13
-774.126518 2 12 13
-725.843038 3 0 12 13
-736.552894 3 2 12 13
-716.125374 3 3 12 13
-712.584635 3 6 12 13
-735.10191 3 7 12 13
-726.136554 3 11 12 13
-471.674203 1 17
-457.088451 2 0 17
-469.514474 2 1 17
-455.634147 2 2 17
-464.659585 2 3 17
-437.890774 2 6 17
-451.062851 2 7 17
-428.41974 2 8 17
-427.600119 3 6 8 17
-468.834891 2 9 17
-442.324177 2 10 17
-439.416069 2 11 17
-823.325465 1 18
-738.632644 2 0 18
-786.028699 2 1 18
-779.900988 2 9 18
-800.070179 2 12 18
-765.886031 3 9 13 18
-450.59484 2 17 18
17 176
-887.920548 0
-796.17364 1 0
-871.015191 1 1
-789.34136 2 0 1
-840.345897 1 2
-836.874371 1 3
-790.569269 2 0 3
-832.26764 2 1 3
-834.218374 2 2 3
-820.612893 1 6
-772.728667 2 0 6
-819.057107 2 2 6
-849.817559 1 7
-786.804076 2 0 7
-834.991783 2 3 7
-812.665496 1 8
-742.592829 2 0 8
-786.143401 2 2 8
-785.681449 2 3 8
-738.518266 3 0 3 8
-783.640098 3 2 3 8
-785.02784 3 3 4 8
-782.991902 2 6 8
-742.125499 3 0 6 8
-781.126749 3 2 6 8
-800.377216 2 7 8
-873.77294 1 9
-788.20911 2 0 9
-835.380661 2 3 9
-806.549711 1 10
-742.994923 2 0 10
-784.253318 2 2 10
-776.320339 2 3 10
-806.006725 2 4 10
-805.281191 2 5 10
-782.761335 2 6 10
-779.362194 3 2 6 10
-803.592798 2 8 10
-809.642561 1 11
-741.100631 2 0 11
-794.995962 2 2 11
-794.190475 2 3 11
-794.552194 2 6 11
-808.445968 2 7 11
-806.700274 2 8 11
-805.884188 2 10 11
-871.738553 1 12
-765.466566 2 0 12
-864.243689 2 1 12
-825.306734 2 2 12
-815.954183 2 3 12
-813.727975 2 6 12
-833.878938 2 7 12
-809.926803 2 8 12
-804.005303 2 10 12
-800.644032 2 11 12
-833.682258 1 13
-769.156783 2 0 13
-820.119554 2 1 13
-802.422748 2 2 13
-782.067503 2 3 13
-758.212241 3 0 3 13
-779.20163 3 1 3 13
-821.936431 2 4 13
-764.434532 3 0 4 13
-814.812961 3 1 4 13
-797.609794 3 2 4 13
-778.899228 3 3 4 13
-823.579998 2 5 13
-763.754667 3 0 5 13
-818.026956 3 1 5 13
-800.397659 3 2 5 13
-781.816751 3 3 5 13
-786.063434 2 6 13
-761.717642 3 0 6 13
-771.824703 3 3 6 13
-778.629185 3 4 6 13
-781.675587 3 5 6 13
-806.333029 2 7 13
-775.433576 3 3 7 13
-800.730444 3 4 7 13
-803.641523 3 5 7 13
-786.0372 2 8 13
-740.887235 3 0 8 13
-777.024819 3 2 8 13
-742.907208 3 3 8 13
-723.909204 4 0 3 8 13
-776.375172 3 4 8 13
-737.130788 4 0 4 8 13
-773.660654 4 2 4 8 13
-779.361298 3 5 8 13
-736.646508 4 0 5 8 13
-768.448085 3 6 8 13
-761.324635 4 4 6 8 13
-765.440496 4 5 6 8 13
-784.347542 3 7 8 13
-823.096395 2 9 13
-818.284241 3 4 9 13
-821.405317 3 5 9 13
-756.358547 2 10 13
-720.556918 3 0 10 13
-741.852504 3 3 10 13
-745.339911 3 6 10 13
-783.650585 2 11 13
-740.015857 3 0 11 13
-750.885155 3 3 11 13
-730.397391 4 0 3 11 13
-775.105747 3 4 11 13
-737.319422 4 0 4 11 13
-778.14597 3 5 11 13
-736.863927 4 0 5 11 13
-778.207916 3 6 11 13
-772.191675 4 4 6 11 13
-776.307536 4 5 6 11 13
-821.572826 2 12 13
-756.02202 3 0 12 13
-767.950021 3 3 12 13
-816.252359 3 4 12 13
-819.426419 3 5 12 13
-882.193301 1 15
-523.111942 1 16
-497.789049 2 0 16
-517.460826 2 2 16
-519.760296 2 3 16
-511.178902 2 6 16
-506.097542 2 7 16
-489.986507 2 8 16
-484.692912 3 7 8 16
-520.866066 2 9 16
-492.981053 2 10 16
-495.366062 2 11 16
-489.753757 3 0 11 16
-493.679472 3 7 11 16
-514.869996 3 3 13 16
-516.664549 3 4 13 16
-516.442401 3 5 13 16
-483.33595 3 10 13 16
-851.757589 1 18
-751.52279 2 0 18
-761.076836 2 1 18
-767.746817 2 2 18
-795.58064 2 3 18
-757.247807 2 6 18
-749.704692 3 0 6 18
-783.980726 2 7 18
-792.359101 2 8 18
-773.951696 3 3 8 18
-762.661727 2 9 18
-776.164544 2 10 18
-762.166546 3 3 10 18
-781.552458 2 11 18
-773.406355 3 3 11 18
-782.521373 2 12 18
-776.867178 3 3 12 18
-819.293875 2 13 18
-753.958501 3 1 13 18
-767.542574 3 3 13 18
-818.820106 3 4 13 18
-817.876579 3 5 13 18
-749.832413 3 6 13 18
-773.399517 3 7 13 18
-775.194783 3 8 13 18
-745.987574 3 9 13 18
-752.549924 3 10 13 18
-768.044713 3 11 13 18
-773.061569 3 12 13 18
-479.026964 2 16 18
-461.92729 3 1 16 18
-444.014268 3 2 16 18
-447.815783 3 6 16 18
-427.034891 3 7 16 18
-451.754203 3 8 16 18
-465.743028 3 9 16 18
-444.61675 3 10 16 18
-448.08699 3 11 16 18
-468.022655 3 12 16 18
18 187
-1183.37718 0
-1128.999849 1 0
-1102.106086 1 1
-1054.234501 2 0 1
-1076.925895 1 2
-1064.603812 2 0 2
-1040.723411 2 1 2
-1084.058981 1 3
-1049.851999 2 0 3
-1034.451721 2 1 3
-1018.375807 3 0 1 3
-1056.752526 2 2 3
-1040.096409 3 0 2 3
-1074.374051 2 3 4
-1049.778828 3 0 3 4
-1076.52955 2 3 5
-1049.500276 3 0 3 5
-1044.227913 1 6
-1020.127239 2 0 6
-1023.840439 2 1 6
-1016.043884 3 0 1 6
-1028.967118 2 2 6
-1017.12094 3 1 2 6
-1025.106857 1 7
-998.773402 2 0 7
-1011.682428 2 1 7
-1024.332321 2 2 7
-1018.466582 2 6 7
-1015.108412 3 2 6 7
-1036.880245 1 8
-1022.810182 2 0 8
-1012.961084 2 1 8
-997.885155 3 0 1 8
-1012.242855 2 2 8
-1012.007517 3 0 2 8
-995.207003 3 1 2 8
-1028.085696 2 3 8
-1014.357181 3 0 3 8
-1008.258087 3 1 3 8
-1028.021112 3 3 4 8
-1013.43626 2 6 8
-1003.308746 3 0 6 8
-1000.03664 3 1 6 8
-998.36064 3 2 6 8
-992.894431 2 7 8
-974.742778 3 0 7 8
-984.978767 3 1 7 8
-991.245333 3 6 7 8
-1159.045574 1 9
-1084.267097 2 0 9
-1048.913629 2 2 9
-1056.999875 2 3 9
-1034.394027 3 0 3 9
-1015.706354 2 6 9
-999.895964 3 0 6 9
-996.754087 2 7 9
-985.537676 3 0 7 9
-1011.567194 2 8 9
-994.688777 3 0 8 9
-998.18517 3 2 8 9
-1004.968312 3 6 8 9
-973.231822 3 7 8 9
-1041.780407 1 10
-1026.668017 2 0 10
-1011.940261 2 1 10
-1009.576227 3 0 1 10
-1018.59378 2 2 10
-1003.066198 3 1 2 10
-1023.51454 2 3 10
-1007.771322 3 0 3 10
-1022.670108 2 4 10
-1012.700676 3 0 4 10
-1017.424611 3 3 4 10
-1007.064556 4 0 3 4 10
-1021.874633 2 5 10
-1011.011244 3 0 5 10
-1020.643554 3 3 5 10
-1006.905318 4 0 3 5 10
-1021.260254 2 6 10
-1015.730402 3 0 6 10
-995.271645 2 7 10
-982.547502 3 0 7 10
-992.965505 3 1 7 10
-990.101553 3 2 7 10
-994.116395 3 4 7 10
-993.589566 3 5 7 10
-1035.912049 2 8 10
-1012.884629 2 9 10
-1005.943273 3 0 9 10
-1005.677938 3 2 9 10
-1007.914362 3 4 9 10
-1007.384185 3 5 9 10
-1011.771745 3 6 9 10
-974.39284 3 7 9 10
-1034.757 1 11
-1006.308632 2 0 11
-1011.241826 2 1 11
-990.147437 3 0 1 11
-1010.927327 2 2 11
-998.943564 3 0 2 11
-996.753403 3 1 2 11
-1032.436095 2 3 11
-1024.021707 2 6 11
-1009.964913 3 2 6 11
-998.560503 2 7 11
-968.350564 3 0 7 11
-986.798906 3 1 7 11
-997.083678 3 2 7 11
-994.979591 3 6 7 11
-1033.599697 2 8 11
-1003.00355 2 9 11
-975.420635 3 0 9 11
-995.364814 3 2 9 11
-965.459145 3 7 9 11
-962.521173 4 0 7 9 11
-1153.935087 1 12
-1092.133609 2 0 12
-1060.394292 2 2 12
-1071.51769 2 3 12
-1037.402194 2 6 12
-1034.281787 2 8 12
-1148.74432 2 9 12
-1032.299902 2 10 12
-1024.149185 2 11 12
-1007.238595 3 2 11 12
-1172.879908 1 13
-1125.228627 2 0 13
-1083.806153 2 1 13
-1071.816228 2 2 13
-1068.886913 2 3 13
-1049.754074 3 0 3 13
-1003.011239 3 1 3 13
-1039.554024 3 2 3 13
-1083.333571 3 1 4 13
-1043.74319 2 6 13
-1021.674365 2 7 13
-1008.235753 3 3 7 13
-1147.893302 2 9 13
-1038.084877 3 3 9 13
-1020.601744 2 10 13
-991.697044 3 1 10 13
-1019.879877 3 3 10 13
-984.06411 3 7 10 13
-996.174471 3 9 10 13
-1144.288728 2 12 13
-1053.226864 3 3 12 13
-1178.752183 1 14
-1162.91882 1 15
-1170.219836 1 16
-1112.159451 2 0 16
-1075.352308 2 1 16
-1117.204798 2 9 16
-1133.968739 2 12 16
-1147.214221 1 17
-1084.348999 2 0 17
-992.167731 2 1 17
-1004.326815 2 2 17
-1042.765251 2 3 17
-975.029018 3 1 3 17
-997.79454 3 2 3 17
-1041.529534 3 3 4 17
-1040.686414 3 3 5 17
-980.862827 2 6 17
-967.265775 3 1 6 17
-959.270024 2 7 17
-1016.57385 2 8 17
-976.655954 3 1 8 17
-1016.355943 3 3 8 17
-1047.934361 2 9 17
-1003.152378 3 2 9 17
-998.786083 3 3 9 17
-963.161447 3 6 9 17
-936.807633 3 7 9 17
-981.936582 3 8 9 17
-1011.39524 2 10 17
-979.459652 3 1 10 17
-1009.360747 3 3 10 17
-1006.720661 3 4 10 17
-1004.065006 3 5 10 17
-976.362006 3 9 10 17
-1006.666897 2 11 17
-974.122453 3 1 11 17
-989.472529 3 2 11 17
-970.684462 3 9 11 17
-1064.717907 2 12 17
-1032.430685 3 3 12 17
-1126.134858 2 16 17