17
0 140
-293.418243 0
-256.704326 1 1
-163.727819 1 3
-162.240054 2 1 3
-71.553127 1 4
-71.483036 2 2 4
-64.044171 2 3 4
-168.134113 1 5
-163.929902 2 1 5
-133.812664 2 3 5
-250.724461 1 6
-240.199368 2 1 6
-162.837662 2 3 6
-233.302536 1 7
-223.909192 2 1 7
-58.918995 3 3 4 7
-229.336429 2 6 7
-190.218526 1 8
-187.231229 2 1 8
-155.104112 2 3 8
-201.593014 1 9
-193.403835 2 1 9
-150.512391 2 3 9
-185.367499 2 8 9
-258.784729 1 11
-227.318172 2 1 11
-258.689466 2 2 11
-142.76768 2 3 11
-60.319143 2 4 11
-56.884528 3 3 4 11
-137.277717 2 5 11
-117.167379 3 3 5 11
-211.905148 2 6 11
-211.416509 3 1 6 11
-142.593467 3 3 6 11
-197.412425 2 7 11
-54.007168 4 3 4 7 11
-195.152964 3 6 7 11
-161.489522 2 8 11
-139.878338 3 3 8 11
-165.322437 2 9 11
-132.283298 3 3 9 11
-158.764396 3 8 9 11
-168.697312 1 12
-139.145419 2 3 12
-69.510578 2 4 12
-136.969538 2 5 12
-167.308365 2 7 12
-151.665197 2 8 12
-153.017897 2 9 12
-147.949044 2 11 12
-129.751072 3 3 11 12
-119.335554 3 5 11 12
-136.534712 3 8 11 12
-133.189067 3 9 11 12
-219.034868 1 13
-209.142793 2 1 13
-153.145253 2 3 13
-219.013429 2 6 13
-209.787587 2 7 13
-183.636854 2 8 13
-186.366363 2 9 13
-190.548802 2 11 13
-140.099265 3 3 11 13
-189.944836 3 6 11 13
-185.385916 3 7 11 13
-161.235012 3 8 11 13
-157.46212 3 9 11 13
-161.880346 2 12 13
-186.960001 1 14
-180.946572 2 1 14
-136.373286 2 3 14
-154.096279 2 5 14
-128.698777 3 3 5 14
-174.305672 2 7 14
-162.962426 2 8 14
-163.710976 2 9 14
-135.505943 3 3 9 14
-158.169377 2 11 14
-122.128086 3 3 11 14
-132.394928 3 5 11 14
-152.002625 3 7 11 14
-140.663188 3 8 11 14
-137.757136 3 9 11 14
-146.615138 2 12 14
-128.468869 3 3 12 14
-134.92101 3 5 12 14
-144.219526 3 8 12 14
-146.085752 3 9 12 14
-127.353352 3 11 12 14
-127.154803 4 9 11 12 14
-170.611222 2 13 14
-135.317656 3 3 13 14
-148.384814 3 11 13 14
-219.937164 1 15
-198.118154 2 1 15
-149.661769 2 3 15
-162.397102 2 5 15
-213.003781 2 6 15
-204.663361 2 7 15
-178.379127 2 8 15
-181.71286 2 9 15
-181.259413 3 1 9 15
-148.030924 3 3 9 15
-195.948801 2 11 15
-186.932086 3 1 11 15
-138.870487 3 3 11 15
-190.118944 3 6 11 15
-181.55312 3 7 11 15
-154.148405 3 8 11 15
-157.595906 3 9 11 15
-158.85332 2 12 15
-142.695832 3 11 12 15
-194.341681 2 13 15
-188.676958 3 1 13 15
-177.122913 3 11 13 15
-169.740302 2 14 15
-168.243064 3 1 14 15
-130.712311 3 3 14 15
-169.313682 3 7 14 15
-162.487408 3 9 14 15
-148.670135 3 11 14 15
-166.159014 3 13 14 15
-258.636843 1 16
-239.971614 2 1 16
-62.091117 3 3 4 16
-236.318349 2 6 16
-233.776465 3 1 6 16
-230.216882 2 7 16
-201.141165 2 9 16
-225.493578 2 11 16
-215.978689 3 1 11 16
-201.35246 3 6 11 16
-216.038374 2 13 16
-182.589172 2 14 16
-157.16322 3 11 14 16
-146.547678 3 12 14 16
-212.894616 2 15 16
-212.508954 3 6 15 16
-189.018928 3 11 15 16
1 40
-302.239023 0
-265.525106 1 0
-268.372854 1 3
-260.736008 1 4
-272.5519 1 5
-265.752385 1 6
-255.227292 2 0 6
-257.652644 2 3 6
-253.610476 2 4 6
-264.990196 2 5 6
-271.48632 1 7
-262.092976 2 0 7
-267.398128 2 3 7
-260.396458 2 4 7
-263.582028 2 6 7
-266.144891 1 8
-263.157593 2 0 8
-260.899227 2 6 8
-276.729177 1 9
-301.499168 1 11
-270.957968 2 5 11
-268.678939 2 7 11
-260.360681 1 12
-258.946165 2 4 12
-255.293479 2 6 12
-257.98331 2 7 12
-257.307499 2 8 12
-277.456838 1 13
-275.989979 2 9 13
-271.659462 1 14
-267.312853 2 3 14
-264.367776 2 6 14
-267.107535 2 7 14
-269.393454 2 11 14
-293.728017 1 15
-292.893892 2 11 15
-285.873488 1 16
-266.273859 2 3 16
-264.577936 2 6 16
-269.084361 2 14 16
2 21
-304.781913 0
-303.629906 1 3
-302.049401 1 4
-301.97931 2 0 4
-296.034299 1 5
-297.40745 1 6
-289.829151 1 7
-299.049673 1 8
-291.849437 1 9
-303.748995 1 11
-303.653732 2 0 11
-303.233607 2 3 11
-298.98384 2 4 11
-295.055689 2 5 11
-298.447084 2 8 11
-291.271154 2 9 11
-288.282838 1 13
-286.505214 2 11 13
-298.537049 1 15
-297.75901 2 11 15
-302.740239 1 16
3 142
-297.197501 0
-167.507076 1 0
-263.331331 1 1
-296.045494 1 2
-173.293275 1 4
-165.784319 2 0 4
-193.621882 1 5
-159.300433 2 0 5
-190.413086 2 1 5
-167.799944 2 4 5
-253.181037 1 6
-165.294238 2 0 6
-245.081296 2 1 6
-214.470094 1 7
-146.254666 2 0 7
-210.381902 2 1 7
-161.869365 2 4 7
-145.945053 3 0 4 7
-189.778135 2 5 7
-178.688959 1 8
-143.574544 2 0 8
-152.668245 2 4 8
-178.370005 2 7 8
-209.249391 1 9
-158.168768 2 0 9
-203.028752 2 1 9
-165.319201 2 4 9
-186.552711 2 5 9
-165.070222 3 4 5 9
-196.230262 2 7 9
-177.110395 2 8 9
-287.337757 1 11
-255.651386 2 1 11
-286.82237 2 2 11
-189.283018 2 5 11
-243.63502 2 6 11
-206.673958 2 7 11
-177.405769 2 8 11
-200.51896 2 9 11
-185.340743 1 12
-155.788851 2 0 12
-159.775116 2 4 12
-163.507127 2 5 12
-164.97387 2 7 12
-159.174369 3 4 7 12
-154.139844 2 8 12
-167.488921 2 9 12
-229.143652 1 13
-163.254038 2 0 13
-220.6811 2 1 13
-162.690947 3 0 4 13
-227.386616 2 6 13
-202.146584 2 7 13
-176.800673 2 8 13
-197.669923 2 9 13
-224.274232 2 11 13
-178.963756 2 12 13
-152.721118 3 8 12 13
-205.797769 1 14
-155.211054 2 0 14
-201.45116 2 1 14
-161.21184 2 4 14
-182.612736 2 5 14
-180.372909 2 7 14
-145.450095 3 0 7 14
-159.172644 3 4 7 14
-168.180065 2 8 14
-180.641887 2 9 14
-152.436853 3 0 9 14
-158.548071 3 4 9 14
-178.022691 3 5 9 14
-179.121294 3 7 9 14
-200.38837 2 11 14
-171.011159 2 12 14
-152.864889 3 0 12 14
-156.141822 3 4 12 14
-162.235871 3 7 12 14
-194.72459 2 13 14
-234.964978 1 15
-164.689584 2 0 15
-215.599784 2 1 15
-171.364443 2 4 15
-188.668911 2 5 15
-225.784741 2 6 15
-198.360307 2 7 15
-175.850395 2 8 15
-195.424985 2 9 15
-184.989267 3 5 9 15
-232.919443 2 11 15
-179.594259 2 12 15
-211.815131 2 13 15
-211.212578 3 1 13 15
-194.966483 2 14 15
-236.559152 1 16
-145.150754 2 0 16
-216.959524 2 1 16
-160.884534 2 4 16
-179.114293 2 5 16
-178.309307 3 1 5 16
-216.220226 2 6 16
-213.927077 3 1 6 16
-202.230167 2 7 16
-142.307689 3 0 7 16
-198.516978 3 1 7 16
-169.763345 2 8 16
-136.615951 3 0 8 16
-152.238448 3 4 8 16
-191.914395 2 9 16
-144.80649 3 0 9 16
-188.346204 3 1 9 16
-177.935373 3 5 9 16
-190.290086 3 7 9 16
-231.426989 2 11 16
-215.577103 3 1 11 16
-179.100992 3 5 11 16
-213.786611 3 6 11 16
-199.505046 3 7 11 16
-188.584299 3 9 11 16
-174.458537 2 12 16
-173.863187 3 1 12 16
-159.647281 3 4 12 16
-163.346356 3 5 12 16
-203.822847 2 13 16
-199.393684 3 1 13 16
-196.221921 3 7 13 16
-189.364287 3 9 13 16
-182.179803 2 14 16
-141.204086 3 0 14 16
-180.529493 3 1 14 16
-155.712418 3 4 14 16
-173.41256 3 5 14 16
-175.956121 3 7 14 16
-163.871893 3 8 14 16
-172.506344 3 9 14 16
-181.617063 3 11 14 16
-164.777813 3 12 14 16
-181.998337 3 13 14 16
-205.614465 2 15 16
-194.38761 3 1 15 16
-192.574483 3 7 15 16
-188.092591 3 9 15 16
-198.232257 3 13 15 16
4 175
-298.962815 0
-77.0977 1 0
-257.4598 1 1
-296.230304 1 2
-73.168708 2 0 2
-175.058589 1 3
-75.374942 2 0 3
-170.417494 2 1 3
-156.280747 1 5
-63.120935 2 0 5
-149.449735 2 1 5
-130.458809 2 3 5
-246.626553 1 6
-72.03835 2 0 6
-234.484644 2 1 6
-167.212716 2 3 6
-220.298544 1 7
-61.839314 2 0 7
-209.208682 2 1 7
-167.697814 2 3 7
-61.529701 3 0 3 7
-215.2747 2 6 7
-182.256927 1 8
-67.294613 2 0 8
-177.583034 2 1 8
-156.236213 2 3 8
-181.83098 2 6 8
-201.04623 1 9
-73.592752 2 0 9
-189.673875 2 1 9
-157.11604 2 3 9
-195.034855 2 7 9
-178.357771 2 8 9
-277.798694 1 11
-240.811378 2 1 11
-273.033539 2 2 11
-168.406535 2 3 11
-139.932135 2 5 11
-130.376413 3 3 5 11
-222.765688 2 6 11
-219.163808 3 1 6 11
-164.983134 3 3 6 11
-198.681705 2 7 11
-165.578374 3 3 7 11
-195.546191 3 6 7 11
-168.640977 2 8 11
-180.369584 2 9 11
-179.590185 3 1 9 11
-156.816037 3 3 9 11
-174.034208 1 12
-74.847474 2 0 12
-172.619692 2 1 12
-148.46858 2 3 12
-129.249211 2 5 12
-161.434583 2 7 12
-147.767928 2 8 12
-154.388331 2 9 12
-167.28078 2 11 12
-125.560345 3 5 11 12
-158.208925 3 7 11 12
-152.506719 3 9 11 12
-207.633191 1 13
-63.717413 2 0 13
-195.221181 2 1 13
-151.908776 2 3 13
-63.154322 3 0 3 13
-152.909464 2 5 13
-205.701988 2 6 13
-190.418936 2 7 13
-169.197213 2 8 13
-175.392012 2 9 13
-193.187122 2 11 13
-191.421865 3 1 11 13
-190.803434 3 6 11 13
-180.442509 3 7 11 13
-162.800949 3 8 11 13
-164.85348 3 9 11 13
-156.887537 2 12 13
-147.304743 3 3 12 13
-181.566608 1 14
-66.900334 2 0 14
-173.078907 2 1 14
-179.824779 2 2 14
-64.852444 3 0 2 14
-136.980678 2 3 14
-140.713365 2 5 14
-139.911715 3 1 5 14
-122.209285 3 3 5 14
-179.229997 2 6 14
-162.31835 2 7 14
-60.549282 3 0 7 14
-153.011075 2 8 14
-157.038382 2 9 14
-156.924447 3 1 9 14
-134.944567 3 3 9 14
-166.785942 2 11 14
-166.780336 3 2 11 14
-136.224485 3 3 11 14
-135.626149 3 5 11 14
-154.278777 3 7 11 14
-147.71743 3 8 11 14
-148.603003 3 9 11 14
-145.206445 2 12 14
-130.337108 3 3 12 14
-141.668402 3 8 12 14
-140.492899 3 11 12 14
-156.214233 2 13 14
-62.565189 3 0 13 14
-126.877497 3 3 13 14
-61.092759 4 0 3 13 14
-151.344431 3 8 13 14
-151.864161 3 9 13 14
-147.587663 3 11 13 14
-139.933963 3 12 13 14
-220.590802 1 15
-75.247741 2 0 15
-193.966462 2 1 15
-74.553025 3 0 1 15
-156.990267 2 3 15
-151.193865 2 5 15
-207.954711 2 6 15
-193.510934 2 7 15
-191.031588 3 1 7 15
-170.045597 2 8 15
-179.554837 2 9 15
-175.958693 3 1 9 15
-155.943936 3 3 9 15
-210.556016 2 11 15
-199.396238 3 6 11 15
-186.040875 3 7 11 15
-164.320381 3 8 11 15
-172.682994 3 9 11 15
-160.797045 2 12 15
-159.5502 3 11 12 15
-184.572603 2 13 15
-174.518771 3 1 13 15
-174.452519 3 9 13 15
-181.365572 3 11 13 15
-165.498296 2 14 15
-161.738532 3 1 14 15
-132.891618 3 3 14 15
-159.730467 3 7 14 15
-159.272831 3 11 14 15
-247.520749 1 16
-64.054381 2 0 16
-226.519525 2 1 16
-171.84613 2 3 16
-153.194618 2 5 16
-221.255801 2 6 16
-217.769465 3 1 6 16
-212.487017 2 7 16
-207.508376 3 1 7 16
-181.857054 2 8 16
-194.217679 2 9 16
-230.231596 2 11 16
-217.357386 3 1 11 16
-167.765431 3 3 11 16
-202.055377 3 6 11 16
-195.981824 3 7 11 16
-179.296157 3 9 11 16
-170.548053 2 12 16
-159.996205 3 11 12 16
-196.516964 2 13 16
-61.908818 3 0 13 16
-193.478058 3 1 13 16
-187.955585 3 11 13 16
-169.409681 2 14 16
-166.864837 3 1 14 16
-159.564798 3 11 14 16
-156.072978 3 13 14 16
-201.886894 2 15 16
-188.994874 3 1 15 16
-198.821032 3 6 15 16
-195.590977 3 11 15 16
-163.028729 3 14 15 16
5 231
-304.772718 0
-179.488588 1 0
-275.085594 1 1
-296.025103 1 2
-174.172346 2 0 2
-269.595106 2 1 2
-201.197099 1 3
-171.281945 2 0 3
-199.905446 2 2 3
-162.090649 1 4
-156.597319 2 3 4
-207.749763 1 6
-128.951606 2 0 6
-206.987574 2 1 6
-206.625422 2 2 6
-153.47589 2 3 6
-121.725101 2 4 6
-178.171787 1 7
-117.893547 2 0 7
-153.479829 2 3 7
-118.238034 2 4 7
-152.410681 2 6 7
-104.497602 3 0 6 7
-136.612869 3 3 6 7
-106.148805 3 4 6 7
-116.333946 1 8
-94.797985 2 0 8
-90.639614 2 4 8
-101.86508 2 6 8
-84.65751 3 0 6 8
-83.03536 3 4 6 8
-105.917896 2 7 8
-79.105587 3 0 7 8
-80.617637 3 4 7 8
-99.670792 3 6 7 8
-139.495828 1 9
-106.37989 2 0 9
-116.799148 2 3 9
-96.45535 2 4 9
-96.206371 3 3 4 9
-124.115941 2 6 9
-92.100418 3 0 6 9
-107.188781 3 3 6 9
-86.401567 3 4 6 9
-118.129332 2 7 9
-91.263095 3 0 7 9
-111.877802 3 3 7 9
-90.567978 3 4 7 9
-116.103348 3 6 7 9
-91.081515 4 0 6 7 9
-89.043822 2 8 9
-78.261808 3 0 8 9
-74.509675 3 4 8 9
-88.721575 4 3 6 8 9
-75.683859 4 0 7 8 9
-301.463602 1 11
-270.922402 2 1 11
-292.770297 2 2 11
-200.201335 2 6 11
-178.104878 2 7 11
-150.704554 3 6 7 11
-122.601597 3 6 9 11
-200.331935 1 12
-168.604161 2 0 12
-195.505563 2 2 12
-178.498318 2 3 12
-155.546938 2 4 12
-164.188506 2 6 12
-163.996418 3 2 6 12
-151.701806 3 3 6 12
-145.550003 2 7 12
-134.31669 3 6 7 12
-107.894729 2 8 12
-101.323494 3 6 8 12
-82.723866 4 4 6 8 12
-99.168712 3 7 8 12
-120.056591 2 9 12
-115.304093 3 6 9 12
-112.475483 3 7 9 12
-88.969656 3 8 9 12
-195.112914 1 13
-145.186644 2 0 13
-193.206609 2 1 13
-159.977539 2 3 13
-140.389186 2 4 13
-167.66673 2 6 13
-124.999324 3 0 6 13
-146.299847 3 3 6 13
-145.059857 2 7 13
-115.335815 3 0 7 13
-141.093336 3 3 7 13
-141.893362 3 6 7 13
-103.123956 2 8 13
-93.495858 3 0 8 13
-101.60543 3 6 8 13
-101.183096 3 7 8 13
-109.425298 2 9 13
-97.573291 3 0 9 13
-103.804354 3 3 9 13
-93.518012 3 4 9 13
-92.147089 4 3 4 9 13
-103.94931 3 7 9 13
-85.469759 3 8 9 13
-76.083248 4 0 8 9 13
-74.383908 4 4 8 9 13
-165.134475 2 12 13
-156.063921 3 3 12 13
-154.66299 3 6 12 13
-140.226531 3 7 12 13
-109.214642 3 9 12 13
-181.816183 1 14
-148.95246 2 0 14
-173.306425 2 2 14
-145.686228 3 0 2 14
-158.63115 2 3 14
-157.674911 3 2 3 14
-140.96294 2 4 14
-153.423432 2 6 14
-124.288494 3 0 6 14
-152.659837 3 2 6 14
-138.149304 3 3 6 14
-117.989957 3 4 6 14
-125.176519 2 7 14
-111.171391 3 0 7 14
-111.679143 3 4 7 14
-120.716625 3 6 7 14
-98.835682 2 8 14
-93.337021 3 0 8 14
-89.951796 3 4 8 14
-92.405537 3 6 8 14
-92.567167 3 7 8 14
-103.741168 2 9 14
-97.279887 3 0 9 14
-101.121971 3 3 9 14
-91.968705 3 4 9 14
-102.025323 3 6 9 14
-91.747978 3 7 9 14
-89.775509 4 0 7 9 14
-89.565696 4 4 7 9 14
-80.152709 3 8 9 14
-178.502783 2 11 14
-152.23259 3 6 11 14
-159.956036 2 12 14
-148.261908 3 0 12 14
-157.319628 3 2 12 14
-156.9142 3 3 12 14
-143.325352 3 6 12 14
-123.995263 3 7 12 14
-147.450005 2 13 14
-136.119031 3 0 13 14
-143.640621 3 3 13 14
-133.149765 3 4 13 14
-138.854973 3 6 13 14
-121.719116 3 7 13 14
-96.348893 3 8 13 14
-95.997453 3 9 13 14
-147.187825 3 12 13 14
-220.875501 1 15
-163.335439 2 0 15
-204.874439 2 1 15
-174.579434 2 3 15
-162.571462 3 0 3 15
-151.478564 2 4 15
-173.507475 2 6 15
-128.332374 3 0 6 15
-148.568132 3 3 6 15
-153.045899 2 7 15
-148.888289 3 3 7 15
-139.481956 3 6 7 15
-108.568766 2 8 15
-122.190135 2 9 15
-111.754418 3 3 9 15
-119.750098 3 6 9 15
-112.806251 3 7 9 15
-179.840387 2 12 15
-173.068911 3 3 12 15
-157.615907 3 6 12 15
-145.424078 3 7 12 15
-119.746035 3 9 12 15
-171.953962 2 13 15
-158.64671 3 3 13 15
-158.005332 3 6 13 15
-141.866125 3 7 13 15
-164.582928 2 14 15
-155.824895 3 3 14 15
-147.871398 3 6 14 15
-124.812802 3 7 14 15
-158.079869 3 12 14 15
-247.485531 1 16
-159.308615 2 0 16
-235.824198 2 1 16
-246.179145 2 2 16
-190.040672 2 3 16
-153.1594 2 4 16
-182.002925 2 6 16
-122.63714 3 0 6 16
-153.046055 3 3 6 16
-120.899453 3 4 6 16
-174.751015 2 7 16
-133.735889 2 9 16
-105.411963 3 0 9 16
-123.05526 3 6 9 16
-246.541211 2 11 16
-176.295358 3 6 11 16
-189.044598 2 12 16
-177.932417 3 3 12 16
-158.273799 3 6 12 16
-181.04216 2 13 16
-140.8837 3 0 13 16
-160.582571 3 6 13 16
-164.931195 3 12 13 16
-166.637277 2 14 16
-142.737068 3 0 14 16
-163.93584 3 2 14 16
-157.870035 3 3 14 16
-139.16968 3 4 14 16
-143.833267 3 6 14 16
-158.192906 3 12 14 16
-145.063934 3 13 14 16
-194.308896 2 15 16
-151.841855 3 0 15 16
-191.10902 3 1 15 16
-170.160133 3 3 15 16
-147.164887 3 4 15 16
-160.149639 3 6 15 16
-120.794045 3 9 15 16
-173.084544 3 12 15 16
-157.594679 4 6 12 15 16
-164.464853 3 13 15 16
-156.060879 4 6 13 15 16
-156.148618 3 14 15 16
6 87
-288.853185 0
-246.159403 1 0
-252.366547 1 1
-235.861589 2 0 1
-281.478722 1 2
-242.783017 2 0 2
-247.480299 2 1 2
-244.836721 1 3
-243.946565 2 0 3
-234.116512 2 1 3
-244.711545 2 2 3
-236.516923 1 4
-229.39139 2 1 4
-235.969574 2 2 4
-191.830231 1 5
-184.268526 2 1 5
-216.126856 1 7
-212.160749 2 0 7
-208.222564 2 1 7
-211.103012 2 4 7
-190.365749 2 5 7
-209.655735 1 8
-204.410071 2 1 8
-209.229788 2 4 8
-203.748411 2 7 8
-202.670488 3 1 7 8
-207.840955 1 9
-198.882746 2 1 9
-199.461746 2 7 9
-201.273994 2 8 9
-245.446338 2 0 11
-191.063651 2 5 11
-223.299728 1 12
-218.232526 2 1 12
-219.931645 2 2 12
-187.156299 2 5 12
-199.683333 2 7 12
-201.49972 2 8 12
-197.470081 3 7 8 12
-197.422022 2 9 12
-197.237755 3 7 9 12
-201.038116 3 8 10 12
-215.187724 1 13
-215.166286 2 0 13
-205.445127 2 1 13
-213.430688 2 3 13
-213.256521 2 4 13
-187.74154 2 5 13
-194.885118 2 7 13
-196.850897 2 8 13
-190.083262 2 9 13
-202.124249 2 12 13
-193.942115 3 7 12 13
-212.005949 1 14
-204.714262 2 1 14
-208.485546 2 2 14
-209.669338 2 4 14
-183.613198 2 5 14
-190.940492 2 7 14
-195.848471 2 8 14
-190.800349 2 9 14
-204.026933 2 12 14
-194.381879 2 13 14
-189.287517 3 7 13 14
-189.782854 3 9 13 14
-241.820409 1 15
-234.887026 2 0 15
-220.368719 2 1 15
-232.640172 2 3 15
-229.184317 2 4 15
-208.128969 2 7 15
-202.590354 3 1 7 15
-207.659394 2 8 15
-204.289695 2 9 15
-217.862182 2 12 15
-217.310051 3 1 12 15
-210.181463 2 13 15
-210.473885 2 14 15
-261.561453 1 16
-239.242958 2 0 16
-240.265901 2 1 16
-234.070752 3 0 1 16
-260.882492 2 2 16
-241.222526 2 3 16
-235.296504 2 4 16
-211.427188 2 14 16
-235.802755 2 15 16
7 145
-301.296734 0
-241.181027 1 0
-270.54403 1 1
-237.748896 2 0 1
-286.343971 1 2
-231.180682 2 0 2
-257.915603 2 1 2
-218.569326 1 3
-217.594601 2 1 3
-211.254545 2 2 3
-222.632462 1 4
-222.292911 2 1 4
-217.242263 2 2 4
-211.208552 2 3 4
-206.083375 3 0 3 4
-174.695803 1 5
-170.852056 2 3 5
-228.570404 1 6
-207.182373 2 0 6
-226.400047 2 1 6
-226.452331 2 2 6
-190.25942 2 3 6
-197.218551 2 4 6
-173.231322 2 5 6
-172.963997 1 8
-169.765844 2 2 8
-172.645043 2 3 8
-162.547946 2 5 8
-162.512669 3 0 5 8
-167.056673 2 6 8
-191.556883 1 9
-188.842401 2 1 9
-178.537754 2 3 9
-185.545509 2 4 9
-170.190388 2 5 9
-183.177674 2 6 9
-164.891747 2 8 9
-270.04152 2 1 11
-231.83978 1 12
-230.450834 2 0 12
-229.46241 2 1 12
-219.86219 2 2 12
-211.472907 2 3 12
-208.546897 3 2 3 12
-219.240155 2 4 12
-208.223386 2 6 12
-186.700334 2 9 12
-226.31477 1 13
-217.06749 2 0 13
-220.974763 2 1 13
-199.317702 2 3 13
-209.100515 2 4 13
-206.012164 2 6 13
-204.638003 3 0 6 13
-171.740702 2 8 13
-179.579939 2 9 13
-212.651792 2 12 13
-204.469658 3 6 12 13
-237.107238 1 14
-224.452908 2 0 14
-232.55531 2 1 14
-225.309665 2 2 14
-218.199731 3 0 2 14
-225.091717 3 1 2 14
-211.682378 2 3 14
-207.868938 3 2 3 14
-217.85898 2 4 14
-215.570531 3 2 4 14
-216.041781 2 6 14
-188.307221 2 9 14
-236.012389 2 11 14
-222.753602 2 12 14
-216.60772 3 2 12 14
-213.413629 2 13 14
-242.351612 1 15
-227.07781 2 0 15
-224.631354 2 1 15
-239.116193 2 2 15
-226.076525 3 0 2 15
-205.746941 2 3 15
-215.271743 2 4 15
-174.52201 2 5 15
-208.660173 2 6 15
-203.953387 3 0 6 15
-206.85299 3 1 6 15
-189.227504 3 3 6 15
-172.420811 2 8 15
-183.523198 2 9 15
-181.335002 3 6 9 15
-219.783333 2 12 15
-202.22193 3 6 12 15
-214.589016 2 13 15
-204.581074 3 6 13 15
-212.021353 3 12 13 15
-223.929636 2 14 15
-223.503016 3 0 14 15
-228.605981 1 16
-200.18602 2 0 16
-214.867738 2 1 16
-218.720177 2 2 16
-195.772314 3 0 2 16
-208.302107 3 1 2 16
-194.276996 2 3 16
-190.936263 3 2 3 16
-193.57225 2 4 16
-191.266987 3 2 4 16
-155.871466 2 5 16
-185.381838 2 6 16
-180.569656 3 0 6 16
-174.114874 3 3 6 16
-177.07409 3 4 6 16
-161.411177 2 8 16
-160.481326 3 2 8 16
-150.244907 3 5 8 16
-158.09075 3 6 8 16
-169.933511 2 9 16
-168.309203 3 3 9 16
-166.187884 3 6 9 16
-156.339509 3 8 9 16
-201.671091 2 12 16
-194.099278 3 2 12 16
-185.280517 3 6 12 16
-193.935547 2 13 16
-192.711169 3 0 13 16
-186.334621 3 3 13 16
-190.236996 3 4 13 16
-180.330526 3 6 13 16
-168.599527 3 9 13 16
-200.722744 2 14 16
-196.912551 3 0 14 16
-200.408766 3 1 14 16
-193.338787 3 2 14 16
-200.301625 3 12 14 16
-193.125744 3 13 14 16
-200.527575 2 15 16
-196.95505 3 0 15 16
-194.286765 3 1 15 16
-199.829687 3 2 15 16
-187.487593 3 3 15 16
-193.192831 3 4 15 16
-179.677185 3 6 15 16
-169.856748 3 9 15 16
-196.372895 3 12 15 16
-192.00226 3 13 15 16
-197.939361 3 14 15 16
8 181
-301.296734 0
-198.097017 1 0
-265.202601 1 1
-195.729504 2 0 1
-295.564494 1 2
-197.741386 2 0 2
-262.84507 2 1 2
-182.788192 1 3
-174.164485 2 0 3
-181.421187 2 1 3
-184.590845 1 4
-163.965816 2 3 4
-112.857962 1 5
-111.416601 2 1 5
-97.993112 2 3 5
-222.099284 1 6
-162.716082 2 0 6
-217.246125 2 1 6
-152.902374 2 3 6
-150.45832 3 0 3 6
-157.30371 2 4 6
-146.328516 3 3 4 6
-172.963997 1 7
-135.121058 2 0 7
-170.456682 2 1 7
-136.863908 2 3 7
-136.667023 2 4 7
-136.533063 3 3 4 7
-100.710105 2 5 7
-96.333098 3 0 5 7
-91.038378 3 3 5 7
-99.046626 3 4 5 7
-160.585552 2 6 7
-131.282788 3 0 6 7
-134.064261 3 3 6 7
-133.520447 3 4 6 7
-156.945521 1 9
-140.720006 2 0 9
-151.067383 2 1 9
-124.806525 2 3 9
-134.257062 2 4 9
-106.493516 2 5 9
-150.37856 2 6 9
-137.716332 3 0 6 9
-133.981419 3 4 6 9
-130.280385 2 7 9
-124.092876 3 0 7 9
-121.135733 3 3 7 9
-123.26684 3 4 7 9
-297.533997 1 11
-262.999559 2 1 11
-292.232087 2 2 11
-218.587266 2 6 11
-170.321111 2 7 11
-203.064134 1 12
-186.032019 2 0 12
-200.010952 2 1 12
-202.33287 2 2 12
-171.863235 2 3 12
-176.797854 2 4 12
-110.626928 2 5 12
-181.264126 2 6 12
-144.758985 2 7 12
-98.377693 3 5 7 12
-142.545732 3 6 7 12
-138.982447 2 9 12
-126.266817 3 7 9 12
-205.667618 1 13
-170.269604 2 0 13
-198.117676 2 1 13
-153.324639 2 3 13
-167.23164 2 4 13
-187.33079 2 6 13
-160.079135 3 0 6 13
-149.313924 3 3 6 13
-151.09355 2 7 13
-130.81097 3 3 7 13
-136.358578 2 9 13
-117.063728 3 3 9 13
-127.515956 3 7 9 13
-177.419594 2 12 13
-151.176956 3 3 12 13
-176.203003 3 6 12 13
-195.707134 1 14
-171.709559 2 0 14
-191.068726 2 1 14
-193.208481 2 2 14
-158.08943 2 3 14
-167.151601 2 4 14
-112.726633 2 5 14
-179.549656 2 6 14
-159.292913 3 0 6 14
-149.949061 3 3 6 14
-156.695708 3 4 6 14
-135.630246 2 7 14
-129.708867 3 0 7 14
-129.173926 3 3 7 14
-133.25301 3 4 7 14
-132.60871 2 9 14
-122.660422 3 3 9 14
-132.43031 3 4 9 14
-119.143113 3 7 9 14
-194.447994 2 11 14
-174.446949 2 12 14
-171.527612 3 6 12 14
-134.724289 3 7 12 14
-168.829771 2 13 14
-164.491637 3 0 13 14
-151.868535 3 3 13 14
-163.959969 3 4 13 14
-129.622829 3 9 13 14
-168.5716 3 12 13 14
-226.436046 1 15
-184.878009 2 0 15
-205.35005 2 1 15
-167.321463 2 3 15
-175.89084 2 4 15
-192.275031 2 6 15
-189.565978 3 1 6 15
-156.505245 2 7 15
-152.187405 3 6 7 15
-144.531495 2 9 15
-187.209062 2 12 15
-177.781258 3 6 12 15
-186.549616 2 13 15
-181.148748 3 6 13 15
-180.898804 2 14 15
-175.058928 3 6 14 15
-173.774788 3 12 14 15
-233.062471 1 16
-168.730833 2 0 16
-217.072639 2 1 16
-166.266664 2 3 16
-160.19603 3 0 3 16
-167.398777 2 4 16
-158.752692 3 3 4 16
-103.389628 2 5 16
-97.108893 3 3 5 16
-185.510616 2 6 16
-147.908059 3 0 6 16
-147.420298 3 3 6 16
-149.063648 3 4 6 16
-165.867667 2 7 16
-97.76307 3 5 7 16
-158.219528 3 6 7 16
-144.272048 2 9 16
-134.01232 3 0 9 16
-144.051979 3 1 9 16
-130.491457 3 4 9 16
-103.047772 3 5 9 16
-142.792572 3 6 9 16
-183.760647 2 12 16
-165.873539 3 3 12 16
-167.052103 3 6 12 16
-138.050681 3 9 12 16
-182.120091 2 13 16
-158.605279 3 0 13 16
-150.534372 3 3 13 16
-161.104323 3 4 13 16
-171.105769 3 6 13 16
-134.407803 3 9 13 16
-169.714433 3 12 13 16
-170.68021 2 14 16
-157.991674 3 0 14 16
-152.3723 3 3 14 16
-158.267905 3 4 14 16
-161.030857 3 6 14 16
-130.545613 3 9 14 16
-164.66577 3 12 14 16
-157.559103 3 13 14 16
-192.188303 2 15 16
-165.539285 3 0 15 16
-185.443951 3 1 15 16
-159.715566 3 3 15 16
-164.592173 3 4 15 16
-171.658979 3 6 15 16
-154.187124 3 7 15 16
-138.014981 3 9 15 16
-174.682809 3 12 15 16
-172.56799 3 13 15 16
-165.888504 3 14 15 16
9 128
-304.689953 0
-212.864723 1 0
-279.180107 1 1
-291.757476 1 2
-203.925231 2 0 2
-268.796825 2 1 2
-216.741843 1 3
-203.526415 2 0 3
-211.19889 2 2 3
-201.551833 3 0 2 3
-206.773367 1 4
-203.454095 2 2 4
-198.799293 2 3 4
-139.413063 1 5
-132.343891 2 3 5
-223.677723 1 6
-178.250471 2 0 6
-182.125343 2 3 6
-178.770056 2 4 6
-194.950103 1 7
-164.625568 2 0 7
-176.710271 2 3 7
-169.686414 2 4 7
-134.907648 2 5 7
-178.284993 2 6 7
-163.026422 3 0 6 7
-171.741314 3 3 6 7
-168.700612 3 4 6 7
-160.33874 1 8
-155.487712 2 0 8
-159.795977 2 2 8
-158.760176 2 3 8
-156.439584 2 4 8
-133.048616 2 5 8
-151.956999 2 6 8
-152.266491 2 7 8
-211.750533 2 0 11
-221.149302 1 12
-205.469887 2 0 12
-211.984699 2 2 12
-202.880887 3 0 2 12
-203.297479 2 3 12
-201.503425 2 4 12
-195.271596 2 6 12
-176.009855 2 7 12
-173.564277 3 6 7 12
-157.067614 2 8 12
-230.79043 1 13
-198.121926 2 0 13
-229.323572 2 1 13
-199.316701 2 3 13
-198.549251 2 4 13
-205.685968 2 6 13
-184.055599 2 7 13
-206.772823 2 12 13
-198.024659 3 3 12 13
-223.080855 1 14
-199.83183 2 0 14
-212.521471 2 2 14
-194.800202 3 0 2 14
-197.924973 2 3 14
-197.05763 3 0 3 14
-194.386568 3 2 3 14
-198.552629 2 4 14
-197.644617 3 2 4 14
-195.888861 3 3 4 14
-201.875255 2 6 14
-174.280839 2 7 14
-173.029224 3 3 7 14
-159.982431 2 8 14
-203.868357 2 12 14
-200.47382 3 2 12 14
-205.746271 2 13 14
-197.274156 3 3 13 14
-201.147246 3 6 13 14
-243.335099 1 15
-205.110795 2 0 15
-231.718537 2 1 15
-242.31765 2 2 15
-203.785356 3 0 2 15
-203.795106 2 3 15
-202.164261 3 0 3 15
-202.299133 2 4 15
-205.804385 2 6 15
-184.506685 2 7 15
-211.323142 2 12 15
-216.618453 2 13 15
-204.735552 3 6 13 15
-212.636867 2 14 15
-248.61155 1 16
-191.115871 2 0 16
-239.925826 2 1 16
-243.211257 2 2 16
-190.770696 3 0 2 16
-235.288512 3 1 2 16
-203.966792 2 3 16
-190.771608 3 0 3 16
-195.30848 2 4 16
-134.861907 2 5 16
-197.947705 2 6 16
-168.828995 3 0 6 16
-179.872978 3 3 6 16
-175.482257 3 4 6 16
-189.93908 2 7 16
-159.821126 2 8 16
-207.841632 2 12 16
-205.712207 3 2 12 16
-200.883299 3 3 12 16
-186.683249 3 6 12 16
-212.653465 2 13 16
-189.565987 3 0 13 16
-198.194904 3 3 13 16
-194.94861 3 6 13 16
-202.654026 3 12 13 16
-203.656761 2 14 16
-188.193387 3 0 14 16
-200.974145 3 2 14 16
-193.983303 3 3 14 16
-193.158673 3 4 14 16
-188.812973 3 6 14 16
-198.488679 3 12 14 16
-197.43741 3 13 14 16
-216.661654 2 15 16
-199.13978 3 3 15 16
-192.047369 3 6 15 16
-203.507353 3 12 15 16
-206.464347 3 13 15 16
-201.797054 3 14 15 16
10 1
-304.772718 0
11 30
-289.399729 0
-254.766214 1 0
-288.659874 1 1
-288.36681 1 2
-252.511645 2 0 2
-279.539986 1 3
-279.143687 2 2 3
-268.235607 1 4
-265.170045 2 2 4
-286.090614 1 5
-284.496682 2 1 5
-285.112004 2 2 5
-254.053149 2 0 6
-285.324034 2 5 6
-288.157364 2 1 7
-285.636993 1 8
-285.034404 2 2 8
-253.652025 2 0 9
-279.843193 1 12
-279.768526 2 2 12
-287.674953 1 13
-285.897329 2 2 13
-284.976654 1 14
-282.710646 2 1 14
-281.663254 2 5 14
-283.881806 2 7 14
-283.717514 2 8 14
-285.007806 1 15
-284.173681 2 1 15
-284.229767 2 2 15
12 160
-299.908514 0
-175.187583 1 0
-258.030172 1 1
-170.260572 2 0 1
-188.051757 1 3
-163.469358 2 0 3
-180.090866 2 1 3
-174.979907 1 4
-172.937358 2 0 4
-173.190063 2 1 4
-161.461748 2 3 4
-195.467731 1 5
-164.303156 2 0 5
-183.944438 2 1 5
-165.352976 2 3 5
-165.126311 3 1 3 5
-168.436196 2 4 5
-234.355056 1 6
-156.684982 2 0 6
-223.896151 2 1 6
-169.141547 2 3 6
-162.068445 2 4 6
-160.042034 3 3 4 6
-190.793799 2 5 6
-230.451561 1 7
-164.45739 2 0 7
-216.948552 2 1 7
-180.955338 2 3 7
-171.5876 2 4 7
-214.008038 2 6 7
-210.110629 3 1 6 7
-201.675915 1 8
-163.122586 2 0 8
-192.838523 2 1 8
-177.1268 2 3 8
-167.186916 2 4 8
-193.236697 2 5 8
-193.519899 2 6 8
-216.367863 1 9
-167.792747 2 0 9
-203.353982 2 1 9
-174.607394 2 3 9
-169.709965 2 4 9
-205.94893 2 6 9
-211.511314 2 7 9
-198.404789 2 8 9
-156.379386 3 0 6 10
-290.351978 1 11
-253.269627 2 1 11
-193.251574 2 5 11
-223.792913 2 6 11
-221.708111 3 1 6 11
-224.391574 2 7 11
-210.049124 3 6 7 11
-201.180399 2 8 11
-210.465566 2 9 11
-202.557708 3 6 9 11
-219.803369 1 13
-162.648847 2 0 13
-205.705152 2 1 13
-169.623473 2 3 13
-169.057715 2 4 13
-189.82493 2 5 13
-206.739894 2 6 13
-206.140391 2 7 13
-205.197389 3 6 7 13
-191.555345 2 8 13
-167.47579 3 3 8 13
-195.785762 2 9 13
-168.331431 3 3 9 13
-216.165325 2 11 13
-203.991144 3 6 11 13
-199.953685 1 14
-159.608822 2 0 14
-189.480725 2 1 14
-165.167074 2 3 14
-157.262657 3 0 3 14
-163.593522 2 4 14
-158.523504 3 3 4 14
-178.093538 2 5 14
-158.91827 3 0 5 14
-174.828526 3 1 5 14
-163.450124 3 3 5 14
-191.974669 2 6 14
-185.600049 2 7 14
-178.6935 2 8 14
-178.386837 3 1 8 14
-180.741187 2 9 14
-182.736394 2 13 14
-159.230033 3 0 13 14
-162.751597 3 3 13 14
-230.078371 1 15
-168.994528 2 0 15
-202.673471 2 1 15
-174.707653 2 3 15
-174.706433 3 1 3 15
-170.284614 2 4 15
-189.043257 2 5 15
-206.120145 2 6 15
-199.614803 3 1 6 15
-207.510092 2 7 15
-199.681903 3 6 7 15
-190.851387 2 8 15
-188.441362 3 1 8 15
-198.066414 2 9 15
-193.051938 3 1 9 15
-197.855714 3 6 9 15
-199.902258 2 13 15
-193.500433 3 1 13 15
-197.334596 3 7 13 15
-187.546333 2 14 15
-183.607195 3 1 14 15
-187.123026 3 6 14 15
-246.951983 1 16
-161.196109 2 0 16
-225.659985 2 1 16
-184.851368 2 3 16
-169.979287 2 4 16
-188.51105 2 5 16
-183.587515 3 1 5 16
-209.290758 2 6 16
-153.381075 3 0 6 16
-207.220382 3 1 6 16
-185.561632 3 5 6 16
-220.017093 2 7 16
-213.093801 3 1 7 16
-209.189437 3 6 7 16
-197.650158 2 8 16
-190.832245 3 6 8 16
-206.182065 2 9 16
-202.43055 3 1 9 16
-198.026302 3 6 9 16
-241.614585 2 11 16
-203.62371 3 6 11 16
-218.942143 3 7 11 16
-206.014316 3 9 11 16
-205.934658 2 13 16
-198.332781 3 1 13 16
-200.124147 3 6 13 16
-198.537122 4 6 11 13 16
-184.430723 2 14 16
-148.389229 3 0 14 16
-183.660052 3 1 14 16
-163.437536 3 4 14 16
-175.986353 3 5 14 16
-182.474552 3 6 14 16
-184.009605 3 7 14 16
-178.416284 3 8 14 16
-179.262642 3 9 14 16
-181.281868 3 13 14 16
-207.56251 2 15 16
-194.491324 3 1 15 16
-186.338158 3 5 15 16
-192.035682 3 6 15 16
-203.40783 3 7 15 16
-190.057016 3 8 15 16
-194.408209 3 9 15 16
-192.884869 3 13 15 16
-191.84789 4 1 13 15 16
-179.531855 3 14 15 16
13 139
-304.726738 0
-230.343363 1 0
-279.944553 1 1
-288.227663 1 2
-215.087445 2 0 2
-266.108306 2 1 2
-236.67289 1 3
-226.090324 2 0 3
-228.223489 2 2 3
-213.397114 1 4
-204.827681 2 2 4
-195.066935 1 5
-192.624793 2 2 5
-191.695651 2 4 5
-231.061277 1 6
-199.350245 2 0 6
-224.171102 2 2 6
-196.204053 3 0 2 6
-205.266857 2 3 6
-203.959303 3 2 3 6
-190.136713 2 4 6
-190.978244 2 5 6
-229.744775 1 7
-206.229826 2 0 7
-217.421265 2 3 7
-199.865167 2 4 7
-208.503037 2 6 7
-196.805876 3 0 6 7
-209.097623 1 8
-202.51595 2 0 8
-204.088534 2 2 8
-200.304317 3 0 2 8
-207.209337 2 3 8
-196.037909 2 4 8
-196.292784 2 6 8
-207.874328 2 7 8
-230.827216 1 9
-215.600566 2 0 9
-230.088018 2 1 9
-230.32083 2 2 9
-213.926021 3 0 2 9
-219.247748 2 3 9
-205.172999 2 4 9
-213.069522 2 6 9
-218.850272 2 7 9
-303.001962 1 11
-279.459345 2 1 11
-285.758181 2 2 11
-229.513979 2 6 11
-224.621593 1 12
-217.804627 2 0 12
-210.09811 2 2 12
-205.40751 3 0 2 12
-218.244606 2 3 12
-207.474923 2 4 12
-202.756372 3 2 4 12
-189.424134 2 5 12
-203.446115 2 6 12
-198.007781 3 2 6 12
-205.433605 2 7 12
-199.692387 3 6 7 12
-198.977053 2 8 12
-197.872452 3 2 8 12
-197.558327 3 3 8 12
-210.245115 2 9 12
-208.163312 3 2 9 12
-228.653053 1 14
-212.304274 2 0 14
-212.916326 2 2 14
-201.043047 3 0 2 14
-217.579874 2 3 14
-209.719139 3 2 3 14
-203.300679 2 4 14
-197.362872 3 2 4 14
-194.286875 2 5 14
-211.028983 2 6 14
-205.233263 3 2 6 14
-204.959444 2 7 14
-203.421806 3 0 7 14
-204.625962 3 2 7 14
-203.306468 3 6 7 14
-201.775691 2 8 14
-198.050742 3 2 8 14
-211.318468 2 9 14
-210.300974 3 6 9 14
-211.435762 2 12 14
-202.091896 3 2 12 14
-242.615768 1 15
-217.020285 2 0 15
-231.971004 2 1 15
-238.778021 2 2 15
-213.740398 3 0 2 15
-219.465922 2 3 15
-206.597569 2 4 15
-193.694229 2 5 15
-210.976823 2 6 15
-214.853172 2 7 15
-206.897724 3 6 7 15
-202.729339 2 8 15
-215.899123 2 9 15
-209.907989 3 6 9 15
-212.439656 2 12 15
-204.677676 3 7 12 15
-215.250575 2 14 15
-211.669287 3 0 14 15
-210.041295 3 6 14 15
-259.507338 1 16
-216.908869 2 0 16
-251.293707 2 1 16
-250.756147 2 2 16
-210.031793 3 0 2 16
-248.282869 3 1 2 16
-226.771033 2 3 16
-224.505408 3 2 3 16
-208.503553 2 4 16
-193.063967 2 5 16
-213.526301 2 6 16
-195.431161 3 0 6 16
-205.004921 3 3 6 16
-224.836904 2 7 16
-208.474988 3 6 7 16
-208.564958 2 8 16
-223.549253 2 9 16
-215.358985 3 0 9 16
-210.527205 3 6 9 16
-218.490013 2 12 16
-216.726964 2 14 16
-208.370819 3 0 14 16
-208.598098 3 2 14 16
-216.545498 3 3 14 16
-206.747155 3 6 14 16
-210.507613 3 9 14 16
-225.785331 2 15 16
-214.361412 3 0 15 16
-218.403123 3 3 15 16
-205.421548 3 6 15 16
-215.588025 3 9 15 16
-211.10769 3 12 15 16
-209.573177 3 14 15 16
14 161
-298.285137 0
-191.826895 1 0
-267.705576 1 1
-206.885405 1 3
-179.530873 2 0 3
-205.825405 2 1 3
-180.888929 1 4
-168.807494 2 3 4
-175.328602 1 5
-161.290768 2 0 5
-164.319456 2 3 5
-159.20557 3 0 3 5
-159.76122 2 4 5
-156.069932 3 3 4 5
-221.4379 1 6
-157.817787 2 0 6
-220.053291 2 1 6
-176.276332 2 3 6
-156.269396 3 0 3 6
-154.041344 2 4 6
-150.656162 3 3 4 6
-167.111569 2 5 6
-153.154675 3 0 5 6
-160.949746 3 3 5 6
-150.3062 3 4 5 6
-234.095641 1 7
-175.098777 2 0 7
-229.716856 2 1 7
-199.998457 2 3 7
-174.294207 3 0 3 7
-176.115447 2 4 7
-173.808745 3 0 4 7
-208.909278 2 6 7
-192.695537 1 8
-165.439437 2 0 8
-182.186644 2 3 8
-163.449685 2 4 8
-175.197273 2 5 8
-178.888273 2 6 8
-154.394618 3 0 6 8
-173.323019 3 3 6 8
-153.433343 3 4 6 8
-216.67604 1 9
-178.794003 2 0 9
-212.601148 2 1 9
-188.068536 2 3 9
-173.062088 3 0 3 9
-172.668192 2 4 9
-165.897062 3 3 4 9
-199.635433 2 6 9
-213.426378 2 7 9
-192.339228 2 8 9
-174.927542 2 5 10
-190.481813 2 8 10
-214.573314 2 9 10
-293.862062 1 11
-261.756348 2 1 11
-170.901243 2 5 11
-215.542203 2 6 11
-227.012702 2 7 11
-207.571121 3 6 7 11
-190.776059 2 8 11
-177.98261 3 6 8 11
-212.275944 2 9 11
-195.651419 3 6 9 11
-198.330308 1 12
-176.248134 2 0 12
-184.000723 2 3 12
-173.324172 3 0 3 12
-169.502544 2 4 12
-165.869251 3 3 4 12
-157.954409 2 5 12
-155.905882 3 0 5 12
-179.057513 2 6 12
-173.007212 3 3 6 12
-189.24413 2 7 12
-171.336497 3 0 7 12
-169.713123 2 8 12
-162.267452 3 0 8 12
-169.320999 3 6 8 12
-181.049363 2 9 12
-174.117218 3 0 9 12
-222.211452 1 13
-173.787806 2 0 13
-217.238029 2 1 13
-187.79239 2 3 13
-169.964793 3 0 3 13
-170.792494 2 4 13
-162.761111 3 3 4 13
-174.548542 2 5 13
-201.405606 2 6 13
-209.310311 2 7 13
-172.290758 3 0 7 13
-185.373605 2 8 13
-197.167292 2 9 13
-185.749845 3 3 9 13
-196.866885 3 6 9 13
-185.144476 2 12 13
-170.368992 3 0 12 13
-180.920513 3 3 12 13
-168.190902 3 4 12 13
-228.153352 1 15
-177.956491 2 0 15
-211.894012 2 1 15
-188.154858 2 3 15
-169.205399 3 0 3 15
-173.060846 2 4 15
-164.056209 3 3 4 15
-171.860779 2 5 15
-196.806828 2 6 15
-174.713502 3 3 6 15
-209.731377 2 7 15
-174.381697 3 0 7 15
-182.61611 2 8 15
-197.45512 2 9 15
-185.489761 3 3 9 15
-195.244368 3 6 9 15
-185.621314 2 12 15
-173.945456 3 0 12 15
-180.867286 3 3 12 15
-177.80971 3 6 12 15
-200.788159 2 13 15
-172.605492 3 0 13 15
-184.56055 3 3 13 15
-195.871301 3 6 13 15
-184.834262 3 12 13 15
-256.68516 1 16
-180.637489 2 0 16
-239.896032 2 1 16
-202.30581 2 3 16
-176.690822 3 0 3 16
-178.574093 2 4 16
-206.550895 2 6 16
-154.34221 3 0 6 16
-228.801922 2 7 16
-225.43706 3 1 7 16
-211.730371 2 9 16
-177.715004 3 0 9 16
-211.334063 3 1 9 16
-197.416163 3 6 9 16
-210.868097 3 9 10 16
-254.636618 2 11 16
-238.365216 3 1 11 16
-202.661047 3 6 11 16
-224.638034 3 7 11 16
-211.465293 3 9 11 16
-194.163901 2 12 16
-167.830609 3 0 12 16
-153.85349 4 0 5 12 16
-153.267669 4 0 6 12 16
-161.305997 4 0 8 12 16
-213.904786 2 13 16
-172.099439 3 0 13 16
-213.626273 3 1 13 16
-199.771749 3 6 13 16
-214.550543 2 15 16
-174.582402 3 0 15 16
-206.986546 3 1 15 16
-191.600512 3 6 15 16
-167.553386 4 0 12 15 16
-198.338388 3 13 15 16
15 88
-300.769562 0
-227.288482 1 0
-292.258555 1 1
-294.524698 1 2
-224.530334 2 0 2
-290.212973 2 1 2
-238.537039 1 3
-224.47099 2 0 3
-222.397549 1 4
-220.468717 2 3 4
-216.872345 1 5
-211.135333 2 0 5
-211.919374 2 3 5
-211.785463 2 4 5
-253.736785 1 6
-216.016105 2 0 6
-226.340489 2 3 6
-215.064943 2 4 6
-241.82444 1 7
-213.185265 2 0 7
-225.714654 2 3 7
-215.03683 2 4 7
-216.698552 2 5 7
-233.826553 2 6 7
-212.787119 3 0 6 7
-225.308573 3 3 6 7
-225.908874 1 8
-214.069475 2 0 8
-223.07031 2 3 8
-213.697544 2 4 8
-223.912533 2 6 8
-225.365688 2 7 8
-239.414708 1 9
-219.534554 2 0 9
-225.590302 2 3 9
-217.923315 2 4 9
-235.863447 2 6 9
-231.381023 2 7 9
-296.377639 1 11
-287.772362 2 1 11
-290.387654 2 2 11
-250.340014 2 6 11
-240.893735 2 7 11
-230.939419 1 12
-221.095427 2 0 12
-229.288867 2 2 12
-225.192935 2 3 12
-217.702256 2 4 12
-210.447871 2 5 12
-225.501873 2 6 12
-218.882971 2 7 12
-215.084346 2 8 12
-221.113259 2 9 12
-238.658591 1 13
-213.965404 2 0 13
-221.330071 2 3 13
-215.598003 2 4 13
-215.499639 2 5 13
-233.65233 2 6 13
-226.932837 2 7 13
-219.54059 2 8 13
-224.486615 2 9 13
-218.757481 2 12 13
-218.127042 3 7 12 13
-230.637777 1 14
-213.418078 2 0 14
-228.977543 2 2 14
-219.806491 2 3 14
-214.569465 2 4 14
-213.404522 2 5 14
-229.105713 2 6 14
-217.460175 2 7 14
-212.468185 3 0 7 14
-215.829447 2 8 14
-220.193788 2 9 14
-218.230425 2 12 14
-217.235299 2 13 14
-212.783091 3 0 13 14
-268.976978 1 16
-223.234751 2 0 16
-238.032291 2 3 16
-215.800344 2 5 16
-243.21828 2 6 16
-240.898572 2 7 16
-237.027082 2 9 16
-229.587505 2 12 16
-235.254971 2 13 16
-226.842361 2 14 16
16 71
-220.939309 0
-186.157909 1 0
-204.573774 1 1
-218.897634 1 2
-160.30096 1 3
-158.201966 2 1 3
-169.497242 1 4
-157.088501 2 3 4
-155.135446 3 0 3 4
-163.652122 1 5
-149.144533 2 3 5
-160.565993 2 4 5
-193.647576 1 6
-179.241464 2 0 6
-192.473127 2 1 6
-156.686765 2 3 6
-168.276824 2 4 6
-148.248556 1 7
-145.162902 2 0 7
-136.00863 2 3 7
-140.43703 2 4 7
-144.827784 2 5 7
-152.705047 1 8
-143.779432 2 3 8
-152.305174 2 4 8
-141.152226 2 7 8
-164.860906 1 9
-164.409057 2 0 9
-147.52591 2 3 9
-158.032355 2 4 9
-159.100967 2 5 9
-143.237534 2 7 9
-152.187432 2 8 9
-167.982777 1 12
-157.100571 2 3 12
-164.496622 2 4 12
-156.69544 2 5 12
-137.814088 2 7 12
-148.67929 2 8 12
-154.675107 2 9 12
-175.719909 1 13
-172.723415 2 0 13
-150.399104 2 3 13
-164.603681 2 4 13
-161.649154 2 5 13
-143.340685 2 7 13
-152.172382 2 8 13
-157.582943 2 9 13
-161.851197 2 12 13
-179.339331 1 14
-174.968503 2 0 14
-176.76423 2 1 14
-155.721365 2 3 14
-167.182405 2 4 14
-178.760571 2 6 14
-142.954837 2 7 14
-159.915237 2 9 14
-163.81637 2 12 14
-163.748909 3 0 12 14
-167.413243 2 13 14
-189.146725 1 15
-182.104178 2 0 15
-183.551471 2 1 15
-159.796213 2 3 15
-162.58012 2 5 15
-183.129071 2 6 15
-147.322689 2 7 15
-162.47328 2 9 15
-166.630864 2 12 15
-172.316288 2 13 15
-175.543916 2 14 15