17
0 128
-293.191856 0
-256.086963 1 1
-163.390012 1 3
-161.268906 2 1 3
-71.925729 1 4
-66.212033 2 3 4
-167.896218 1 5
-163.290396 2 1 5
-133.578608 2 3 5
-250.221212 1 6
-238.803049 2 1 6
-162.180613 2 3 6
-232.71768 1 7
-222.30498 2 1 7
-228.250027 2 6 7
-189.780313 1 8
-185.994105 2 1 8
-154.406088 2 3 8
-201.143285 1 9
-192.20414 2 1 9
-149.793701 2 3 9
-184.672576 2 8 9
-258.234896 1 11
-225.820365 2 1 11
-257.011061 2 2 11
-142.208531 2 3 11
-62.468332 2 4 11
-137.11369 2 5 11
-117.8673 3 3 5 11
-211.123096 2 6 11
-209.786756 3 1 6 11
-196.189437 2 7 11
-194.504457 3 6 7 11
-160.69381 2 8 11
-138.386044 3 3 8 11
-164.805152 2 9 11
-132.445828 3 3 9 11
-158.716577 3 8 9 11
-168.342137 1 12
-167.938681 2 1 12
-138.550145 2 3 12
-70.849454 2 4 12
-136.729379 2 5 12
-133.39382 3 3 5 12
-166.335085 2 7 12
-150.892049 2 8 12
-152.254783 2 9 12
-147.300029 2 11 12
-128.170356 3 3 11 12
-119.929089 3 5 11 12
-147.095564 3 7 11 12
-134.664751 3 8 11 12
-133.204551 3 9 11 12
-218.52795 1 13
-207.751631 2 1 13
-152.333737 2 3 13
-217.952958 2 6 13
-208.475225 2 7 13
-182.66372 2 8 13
-185.322013 2 9 13
-218.511417 2 10 13
-189.490428 2 11 13
-188.217793 3 1 11 13
-138.432633 3 3 11 13
-189.072744 3 6 11 13
-182.405688 3 7 11 13
-159.245718 3 8 11 13
-156.947488 3 9 11 13
-161.043795 2 12 13
-186.89157 1 14
-180.858447 2 1 14
-137.74249 2 3 14
-154.619558 2 5 14
-175.223206 2 7 14
-163.239741 2 8 14
-163.868744 2 9 14
-158.224976 2 11 14
-125.016984 3 3 11 14
-135.377796 3 5 11 14
-153.957002 3 7 11 14
-143.0371 3 8 11 14
-140.360294 3 9 11 14
-147.000843 2 12 14
-132.912121 3 3 12 14
-146.831768 3 8 12 14
-128.668991 3 11 12 14
-171.607158 2 13 14
-150.434514 3 11 13 14
-219.500476 1 15
-196.977509 2 1 15
-149.026037 2 3 15
-162.102938 2 5 15
-212.088951 2 6 15
-203.595238 2 7 15
-177.537088 2 8 15
-180.911348 2 9 15
-178.471566 3 1 9 15
-147.807975 3 3 9 15
-195.060898 2 11 15
-184.006631 3 1 11 15
-137.305342 3 3 11 15
-189.349517 3 6 11 15
-180.428312 3 7 11 15
-153.912547 3 8 11 15
-157.272278 3 9 11 15
-158.189748 2 12 15
-142.273736 3 11 12 15
-193.352166 2 13 15
-187.294715 3 1 13 15
-180.163266 3 9 13 15
-174.68279 3 11 13 15
-170.808393 2 14 15
-170.096504 3 1 14 15
-136.790587 3 3 14 15
-150.89665 3 11 14 15
-169.749691 3 13 14 15
-258.233138 1 16
-238.8037 2 1 16
-235.894586 2 6 16
-234.191849 3 1 6 16
-230.754329 2 7 16
-224.727261 2 11 16
-213.220013 3 1 11 16
-202.790814 3 6 11 16
-215.597437 2 13 16
-183.172417 2 14 16
-212.35314 2 15 16
-190.301516 3 11 15 16
1 52
-302.012653 0
-264.90776 1 0
-267.728561 1 3
-260.108866 1 4
-271.856916 1 5
-265.1127 1 6
-253.694537 2 0 6
-256.04724 2 3 6
-252.079978 2 4 6
-263.648951 2 5 6
-270.814021 1 7
-260.40132 2 0 7
-265.748867 2 3 7
-258.757116 2 4 7
-262.153493 2 6 7
-265.488793 1 8
-261.702585 2 0 8
-260.052089 2 4 8
-259.575468 2 6 8
-276.02505 1 9
-300.765385 1 11
-268.864426 2 5 11
-264.449014 2 6 11
-266.658832 2 7 11
-264.972964 2 8 11
-274.683728 2 9 11
-259.729944 1 12
-259.326488 2 0 12
-259.001847 2 3 12
-257.607114 2 4 12
-259.552048 2 5 12
-253.879177 2 6 12
-256.307084 2 7 12
-255.788659 2 8 12
-276.74873 1 13
-267.263667 2 3 13
-270.343148 2 7 13
-274.127202 2 9 13
-275.808983 2 11 13
-270.977595 1 14
-266.014783 2 3 14
-262.700351 2 6 14
-265.398382 2 7 14
-270.940079 2 9 14
-267.327666 2 11 14
-270.70734 2 13 14
-292.986092 1 15
-290.660204 2 11 15
-285.467292 1 16
-266.648149 2 3 16
-263.942843 2 6 16
-269.478618 2 14 16
2 23
-304.555547 0
-302.876013 1 3
-301.29508 1 4
-295.279973 1 5
-296.691675 1 6
-294.962105 2 5 6
-289.099228 1 7
-298.296881 1 8
-291.105348 1 9
-303.014162 1 11
-301.790326 2 0 11
-301.113403 2 3 11
-297.021903 2 4 11
-292.890867 2 5 11
-287.962335 2 7 11
-296.275419 2 8 11
-289.086548 2 9 11
-287.547344 1 13
-284.402416 2 11 13
-297.786994 1 15
-295.58084 2 11 15
-302.207072 1 16
-301.987317 2 11 16
3 128
-296.971121 0
-167.169276 1 0
-262.68703 1 1
-295.291587 1 2
-172.915081 1 4
-193.207384 1 5
-158.889774 2 0 5
-189.217799 2 1 5
-167.344779 2 4 5
-252.656672 1 6
-164.616074 2 0 6
-243.591213 2 1 6
-213.943327 1 7
-145.519684 2 0 7
-208.878173 2 1 7
-160.901495 2 4 7
-189.037835 2 5 7
-213.849602 2 6 7
-178.289968 1 8
-142.915742 2 0 8
-151.92447 2 4 8
-177.658832 2 7 8
-208.757116 1 9
-157.407533 2 0 9
-201.621377 2 1 9
-164.455204 2 4 9
-187.479951 2 5 9
-195.236086 2 7 9
-176.617943 2 8 9
-286.662626 1 11
-253.774201 2 1 11
-284.761867 2 2 11
-188.05445 2 5 11
-242.131257 2 6 11
-239.468594 3 1 6 11
-205.184221 2 7 11
-176.216768 2 8 11
-199.08862 2 9 11
-193.506753 3 7 9 11
-184.915617 1 12
-155.123624 2 0 12
-184.18752 2 1 12
-159.008952 2 4 12
-162.834352 2 5 12
-163.971009 2 7 12
-156.511654 3 4 7 12
-153.306846 2 8 12
-166.538972 2 9 12
-184.495984 2 11 12
-228.589603 1 13
-162.39539 2 0 13
-219.10454 2 1 13
-172.523294 2 4 13
-193.080316 2 5 13
-226.188207 2 6 13
-200.841752 2 7 13
-175.947567 2 8 13
-196.428066 2 9 13
-222.642719 2 11 13
-222.57313 3 6 11 13
-199.859056 3 7 11 13
-194.152636 3 9 11 13
-177.923236 2 12 13
-205.470339 1 14
-156.321259 2 0 14
-200.507528 2 1 14
-162.312847 2 4 14
-182.295369 2 5 14
-179.640762 2 7 14
-167.805724 2 8 14
-180.10897 2 9 14
-156.081625 3 0 9 14
-162.147949 3 4 9 14
-178.622066 3 7 9 14
-199.55365 2 11 14
-170.648779 2 12 14
-161.99778 3 7 12 14
-193.942421 2 13 14
-234.439664 1 15
-163.965225 2 0 15
-214.139166 2 1 15
-170.539452 2 4 15
-187.787943 2 5 15
-224.533464 2 6 15
-197.171594 2 7 15
-174.932911 2 8 15
-194.26566 2 9 15
-193.978726 3 7 9 15
-231.351883 2 11 15
-192.062896 3 9 11 15
-178.609764 2 12 15
-210.531643 2 13 15
-207.472987 3 1 13 15
-194.277258 2 14 15
-236.356661 1 16
-146.228865 2 0 16
-217.537518 2 1 16
-160.715578 2 4 16
-180.156725 2 5 16
-217.027934 2 6 16
-216.815965 3 1 6 16
-203.108854 2 7 16
-202.065781 3 1 7 16
-170.791805 2 8 16
-140.508145 3 0 8 16
-192.794375 2 9 16
-191.333084 3 1 9 16
-230.76972 2 11 16
-216.240736 3 1 11 16
-214.807725 3 6 11 16
-201.172555 3 7 11 16
-190.353338 3 9 11 16
-174.192824 2 12 16
-158.406766 3 4 12 16
-204.567188 2 13 16
-202.147189 3 1 13 16
-199.946949 3 7 13 16
-192.452925 3 9 13 16
-183.383755 2 14 16
-160.106343 3 4 14 16
-177.849838 3 5 14 16
-176.721721 3 9 14 16
-167.713448 3 12 14 16
-205.434335 2 15 16
-195.731415 3 1 15 16
-195.099577 3 7 15 16
-189.737049 3 9 15 16
-199.75294 3 13 15 16
4 173
-298.736439 0
-77.470312 1 0
-256.832652 1 1
-295.475972 1 2
-75.344574 2 0 2
-255.831288 2 1 2
-174.680399 1 3
-169.354199 2 1 3
-156.057429 1 5
-64.844126 2 0 5
-148.869605 2 1 5
-130.194824 2 3 5
-246.130829 1 6
-73.785782 2 0 6
-233.098107 2 1 6
-166.504961 2 3 6
-219.753067 1 7
-64.158623 2 0 7
-207.696162 2 1 7
-166.711235 2 3 7
-214.258186 2 6 7
-181.842587 1 8
-68.687371 2 0 8
-176.405883 2 1 8
-155.477089 2 3 8
-181.568321 2 6 8
-200.580022 1 9
-74.891874 2 0 9
-188.426343 2 1 9
-156.27811 2 3 9
-193.969612 2 7 9
-177.672568 2 8 9
-277.159179 1 11
-239.074753 2 1 11
-271.16692 2 2 11
-167.378683 2 3 11
-139.421587 2 5 11
-128.721974 3 3 5 11
-221.64947 2 6 11
-217.082772 3 1 6 11
-162.775592 3 3 6 11
-197.357299 2 7 11
-197.135371 3 1 7 11
-162.527947 3 3 7 11
-194.563322 3 6 7 11
-167.616242 2 8 11
-153.529226 3 3 8 11
-179.233451 2 9 11
-176.122189 3 1 9 11
-153.994186 3 3 9 11
-179.10364 3 7 9 11
-166.782744 3 8 9 11
-173.652688 1 12
-76.160004 2 0 12
-171.529858 2 1 12
-147.746023 2 3 12
-129.022457 2 5 12
-128.888019 3 3 5 12
-160.442365 2 7 12
-146.984873 2 8 12
-146.736587 3 3 8 12
-153.540687 2 9 12
-147.63332 3 3 9 12
-166.240163 2 11 12
-125.550653 3 5 11 12
-155.273679 3 7 11 12
-145.127801 3 8 11 12
-149.722335 3 9 11 12
-207.155009 1 13
-66.07243 2 0 13
-193.910571 2 1 13
-151.0887 2 3 13
-152.498809 2 5 13
-204.699383 2 6 13
-189.22247 2 7 13
-188.636617 3 1 7 13
-168.296294 2 8 13
-174.37714 2 9 13
-174.215614 3 1 9 13
-191.946654 2 11 13
-187.627722 3 1 11 13
-189.538001 3 6 11 13
-177.106303 3 7 11 13
-160.009859 3 8 11 13
-161.847902 3 9 11 13
-156.029449 2 12 13
-145.115993 3 3 12 13
-152.238215 3 9 12 13
-155.556246 3 11 12 13
-181.448933 1 14
-69.687946 2 0 14
-172.894742 2 1 14
-180.479155 2 2 14
-138.291442 2 3 14
-141.062399 2 5 14
-140.813139 3 1 5 14
-126.946027 3 3 5 14
-180.260831 2 6 14
-162.273693 2 7 14
-153.1023 2 8 14
-156.973773 2 9 14
-166.619257 2 11 14
-136.655864 3 5 11 14
-154.47906 3 7 11 14
-148.182338 3 8 11 14
-148.903345 3 9 11 14
-145.344499 2 12 14
-134.502537 3 3 12 14
-142.592342 3 8 12 14
-141.049357 3 11 12 14
-157.19819 2 13 14
-132.795231 3 3 13 14
-153.714671 3 9 13 14
-149.357884 3 11 13 14
-142.04078 3 12 13 14
-220.124278 1 15
-76.594054 2 0 15
-192.798449 2 1 15
-156.224065 2 3 15
-150.82257 2 5 15
-207.008583 2 6 15
-192.379597 2 7 15
-187.614574 3 1 7 15
-169.194896 2 8 15
-168.899739 3 1 8 15
-154.101988 3 3 8 15
-178.588852 2 9 15
-172.92781 3 1 9 15
-153.854533 3 3 9 15
-209.312959 2 11 15
-192.360906 3 1 11 15
-197.995192 3 6 11 15
-182.998376 3 7 11 15
-161.825346 3 8 11 15
-169.796308 3 9 11 15
-160.001177 2 12 15
-146.211926 3 3 12 15
-156.898881 3 11 12 15
-183.543022 2 13 15
-173.305622 3 1 13 15
-182.637703 3 7 13 15
-171.429834 3 9 13 15
-178.226637 3 11 13 15
-165.520004 2 14 15
-161.92656 3 1 14 15
-137.228791 3 3 14 15
-161.580481 3 7 14 15
-159.528215 3 11 14 15
-247.251805 1 16
-66.312418 2 0 16
-225.695874 2 1 16
-171.610723 2 3 16
-154.471514 2 5 16
-221.064859 2 6 16
-218.644209 3 1 6 16
-213.255928 2 7 16
-194.174982 2 9 16
-229.551056 2 11 16
-214.761057 3 1 11 16
-166.529613 3 3 11 16
-203.384528 3 6 11 16
-170.236364 2 12 16
-161.712205 3 11 12 16
-196.223406 2 13 16
-192.979298 3 1 13 16
-186.457433 3 11 13 16
-170.083096 2 14 16
-170.047832 3 1 14 16
-161.36385 3 11 14 16
-201.525626 2 15 16
-188.635606 3 1 15 16
-200.362419 3 6 15 16
-195.291502 3 11 15 16
5 192
-304.546352 0
-179.250714 1 0
-274.390615 1 1
-295.270778 1 2
-173.537731 2 0 2
-267.50194 2 1 2
-200.782615 1 3
-170.971211 2 0 3
-198.60202 2 2 3
-161.867342 1 4
-161.686558 2 2 4
-156.29704 2 3 4
-207.373687 1 6
-129.446666 2 0 6
-205.909938 2 1 6
-205.644117 2 2 6
-153.088824 2 3 6
-122.172098 2 4 6
-177.817854 1 7
-117.83073 2 0 7
-152.912362 2 3 7
-118.154347 2 4 7
-151.956305 2 6 7
-106.391016 3 0 6 7
-137.066421 3 3 6 7
-107.880602 3 4 6 7
-116.446253 1 8
-95.661898 2 0 8
-91.523281 2 4 8
-102.755594 2 6 8
-89.362563 3 0 6 8
-87.636827 3 4 6 8
-107.538058 2 7 8
-83.277807 3 0 7 8
-84.476195 3 4 7 8
-139.265829 1 9
-107.707315 2 0 9
-139.11024 2 1 9
-117.988663 2 3 9
-97.839849 2 4 9
-123.881038 2 6 9
-97.445323 3 0 6 9
-110.283913 3 3 6 9
-91.73815 3 4 6 9
-118.081082 2 7 9
-94.43363 3 0 7 9
-114.520324 3 3 7 9
-93.658777 3 4 7 9
-117.157366 3 6 7 9
-90.828068 2 8 9
-84.04088 3 0 8 9
-80.371144 3 4 8 9
-300.734686 1 11
-268.833727 2 1 11
-290.611392 2 2 11
-265.500051 3 1 2 11
-200.50428 2 6 11
-177.095086 2 7 11
-138.867452 2 9 11
-199.895143 1 12
-168.282384 2 0 12
-199.717247 2 1 12
-194.25998 2 2 12
-167.877789 3 0 2 12
-177.813879 2 3 12
-155.264911 2 4 12
-163.74924 2 6 12
-150.635927 3 3 6 12
-144.970913 2 7 12
-136.278699 3 6 7 12
-108.497421 2 8 12
-102.51534 3 7 8 12
-119.902683 2 9 12
-116.321192 3 6 9 12
-113.050278 3 7 9 12
-194.649395 1 13
-144.814721 2 0 13
-191.810117 2 1 13
-159.140108 2 3 13
-139.993195 2 4 13
-166.922601 2 6 13
-126.567066 3 0 6 13
-144.640667 3 3 6 13
-144.379431 2 7 13
-114.374008 3 0 7 13
-139.141102 3 3 7 13
-117.591462 3 4 7 13
-141.731566 3 6 7 13
-103.731488 2 8 13
-109.274773 2 9 13
-100.638528 3 0 9 13
-106.556807 3 3 9 13
-96.648703 3 4 9 13
-104.672381 3 7 9 13
-89.366433 3 8 9 13
-164.232134 2 12 13
-156.011611 3 3 12 13
-153.055927 3 6 12 13
-138.318671 3 7 12 13
-181.474812 1 14
-149.202799 2 0 14
-172.551253 2 2 14
-146.94542 3 0 2 14
-158.299841 2 3 14
-157.366109 3 2 3 14
-141.088277 2 4 14
-154.271914 2 6 14
-128.374512 3 0 6 14
-140.330438 3 3 6 14
-121.932876 3 4 6 14
-125.012762 2 7 14
-113.165977 3 0 7 14
-112.988376 3 4 7 14
-123.128924 3 6 7 14
-99.668507 2 8 14
-98.089358 3 6 8 14
-96.536125 3 7 8 14
-103.864013 2 9 14
-102.070152 3 0 9 14
-96.819883 3 4 9 14
-94.844413 3 7 9 14
-85.838187 3 8 9 14
-177.696663 2 11 14
-159.790153 2 12 14
-157.215295 3 2 12 14
-157.525712 3 3 12 14
-145.692331 3 6 12 14
-124.850268 3 7 12 14
-146.768461 2 13 14
-137.262463 3 0 13 14
-143.464802 3 3 13 14
-134.146285 3 4 13 14
-140.573822 3 6 13 14
-120.478263 3 7 13 14
-97.409393 3 9 13 14
-220.349511 1 15
-162.951973 2 0 15
-203.370287 2 1 15
-173.69779 2 3 15
-162.869075 3 0 3 15
-151.047803 2 4 15
-172.820709 2 6 15
-147.155142 3 3 6 15
-152.354238 2 7 15
-146.875371 3 3 7 15
-141.220449 3 6 7 15
-109.131147 2 8 15
-121.801545 2 9 15
-115.84299 3 3 9 15
-118.697504 3 6 9 15
-113.306828 3 7 9 15
-178.823356 2 12 15
-170.593929 3 3 12 15
-157.625832 3 6 12 15
-143.434816 3 7 12 15
-170.836922 2 13 15
-155.865844 3 3 13 15
-157.383747 3 6 13 15
-139.756918 3 7 13 15
-162.875523 3 12 13 15
-163.750273 2 14 15
-155.56404 3 3 14 15
-149.372607 3 6 14 15
-157.599214 3 12 14 15
-247.534764 1 16
-160.794463 2 0 16
-235.864689 2 1 16
-246.09164 2 2 16
-191.334828 2 3 16
-154.754473 2 4 16
-182.722418 2 6 16
-128.323766 3 0 6 16
-176.275656 2 7 16
-135.752175 2 9 16
-247.318827 2 11 16
-182.409801 3 6 11 16
-189.505221 2 12 16
-162.87821 3 6 12 16
-181.547129 2 13 16
-143.938374 3 0 13 16
-163.520072 3 6 13 16
-167.601743 2 14 16
-148.20963 3 0 14 16
-167.474635 3 2 14 16
-150.606167 3 6 14 16
-195.575638 2 15 16
-156.40941 3 0 15 16
-193.182074 3 1 15 16
-164.662866 3 6 15 16
-177.133048 3 12 15 16
-168.41458 3 13 15 16
-160.498787 3 14 15 16
6 87
-288.626789 0
-245.656145 1 0
-251.726836 1 1
-234.442922 2 0 1
-280.762917 1 2
-241.380446 2 0 2
-245.588119 2 1 2
-244.312341 1 3
-243.102942 2 0 3
-232.631019 2 1 3
-243.104882 2 2 3
-236.021179 1 4
-227.992291 2 1 4
-234.521122 2 2 4
-191.454125 1 5
-183.246159 2 1 5
-191.136256 2 2 5
-215.721426 1 7
-211.253773 2 0 7
-207.060898 2 1 7
-215.627702 2 3 7
-210.226546 2 4 7
-189.859877 2 5 7
-209.294671 1 8
-203.381346 2 1 8
-209.020406 2 4 8
-203.245746 2 7 8
-202.3095 3 1 7 8
-207.39924 1 9
-197.603266 2 1 9
-198.733095 2 7 9
-200.834412 2 8 9
-244.503667 2 0 11
-191.385061 2 5 11
-222.869791 1 12
-217.019024 2 1 12
-218.811153 2 2 12
-186.723889 2 5 12
-198.90549 2 7 12
-200.928109 2 8 12
-196.606891 2 9 12
-200.684521 3 8 10 12
-214.692983 1 13
-214.117992 2 0 13
-204.012647 2 1 13
-212.291588 2 3 13
-212.237357 2 4 13
-186.966189 2 5 13
-194.075058 2 7 13
-193.584892 3 1 7 13
-196.096353 2 8 13
-189.090621 2 9 13
-201.215087 2 12 13
-193.291079 3 7 12 13
-211.489698 1 14
-203.212454 2 1 14
-206.964272 2 2 14
-210.301596 2 4 14
-184.2868 2 5 14
-190.012829 2 7 14
-195.488551 2 8 14
-189.762005 2 9 14
-203.378841 2 12 14
-193.196485 2 13 14
-188.056295 3 7 13 14
-188.413854 3 9 13 14
-241.210956 1 15
-233.799431 2 0 15
-218.683702 2 1 15
-231.304756 2 3 15
-228.095261 2 4 15
-207.05773 2 7 15
-201.043608 3 1 7 15
-206.8704 2 8 15
-203.343942 3 1 8 15
-203.091556 2 9 15
-216.843269 2 12 15
-214.137163 3 1 12 15
-208.820793 2 13 15
-209.062329 2 14 15
-261.436768 1 16
-239.098216 2 0 16
-239.912319 2 1 16
-260.250934 2 2 16
-242.108041 2 3 16
-235.249821 2 4 16
-235.606835 2 15 16
7 141
-301.070361 0
-240.596186 1 0
-269.87173 1 1
-236.089746 2 0 1
-285.614042 1 2
-229.452719 2 0 2
-255.972689 2 1 2
-229.156874 3 0 1 2
-218.042567 1 3
-216.062873 2 1 3
-209.698837 2 2 3
-222.086989 1 4
-220.73524 2 1 4
-215.603016 2 2 4
-210.073404 2 3 4
-209.376466 3 2 3 4
-174.341864 1 5
-174.106981 2 1 5
-173.87966 2 2 5
-170.172314 2 3 5
-228.164998 1 6
-206.193813 2 0 6
-225.205792 2 1 6
-225.15646 2 2 6
-189.357928 2 3 6
-196.292356 2 4 6
-172.747616 2 5 6
-172.586397 1 8
-168.668203 2 2 8
-171.955261 2 3 8
-163.678202 2 5 8
-166.537472 2 6 8
-191.118458 1 9
-187.542244 2 1 9
-177.597428 2 3 9
-184.508048 2 4 9
-169.933711 2 5 9
-182.452314 2 6 9
-164.342707 2 8 9
-240.086186 2 0 11
-268.025092 2 1 11
-231.263434 1 12
-229.256381 2 0 12
-227.840574 2 1 12
-218.236269 2 2 12
-210.318826 2 3 12
-205.115109 3 2 3 12
-218.05311 2 4 12
-214.44882 3 2 4 12
-207.299132 2 6 12
-206.654854 3 2 6 12
-185.597201 2 9 12
-225.760501 1 13
-215.707777 2 0 13
-219.354919 2 1 13
-198.01265 2 3 13
-207.827962 2 4 13
-205.142576 2 6 13
-203.414329 3 0 6 13
-170.830624 2 8 13
-178.460551 2 9 13
-211.27618 2 12 13
-203.352172 3 6 12 13
-236.576879 1 14
-224.908515 2 0 14
-230.997666 2 1 14
-223.824758 2 2 14
-218.967645 3 0 2 14
-220.969403 3 1 2 14
-210.747302 2 3 14
-206.09129 3 2 3 14
-217.401639 2 4 14
-214.836556 3 2 4 14
-215.10001 2 6 14
-214.435786 3 2 6 14
-187.298185 2 9 14
-234.581267 2 11 14
-221.796773 2 12 14
-213.417754 3 2 12 14
-212.165592 2 13 14
-241.781762 1 15
-225.876524 2 0 15
-222.993913 2 1 15
-237.39242 2 2 15
-223.755676 3 0 2 15
-222.202369 3 1 2 15
-204.513692 2 3 15
-214.037082 2 4 15
-173.786489 2 5 15
-207.628536 2 6 15
-203.172172 3 0 6 15
-205.353819 3 1 6 15
-188.32664 3 3 6 15
-171.503159 2 8 15
-182.403382 2 9 15
-180.646953 3 6 9 15
-218.452913 2 12 15
-216.310892 3 2 12 15
-202.87814 3 6 12 15
-213.185563 2 13 15
-211.895486 3 1 13 15
-203.391303 3 6 13 15
-210.359386 3 12 13 15
-222.61261 2 14 15
-221.344328 3 1 14 15
-220.967279 3 2 14 15
-228.684397 1 16
-201.205587 2 0 16
-215.838373 2 1 16
-219.568027 2 2 16
-198.746979 3 0 2 16
-211.176162 3 1 2 16
-195.43659 2 3 16
-194.126177 3 2 3 16
-194.68852 2 4 16
-194.326089 3 2 4 16
-157.425288 2 5 16
-186.854372 2 6 16
-184.532163 3 0 6 16
-178.94791 3 3 6 16
-181.10568 3 4 6 16
-162.187927 2 8 16
-161.468395 3 6 8 16
-171.312533 2 9 16
-170.483769 3 6 9 16
-160.94859 3 8 9 16
-202.753852 2 12 16
-197.198796 3 2 12 16
-195.099451 2 13 16
-190.479211 3 3 13 16
-193.64277 3 4 13 16
-184.703131 3 6 13 16
-202.013816 2 14 16
-197.325195 3 2 14 16
-201.666925 2 15 16
-200.628696 3 0 15 16
-197.447526 3 1 15 16
-191.332168 3 3 15 16
-183.808544 3 6 15 16
-200.102784 3 12 15 16
-201.484073 3 14 15 16
8 166
-301.070361 0
-197.658818 1 0
-264.546502 1 1
-194.453643 2 0 1
-294.811695 1 2
-196.386925 2 0 2
-260.839789 2 1 2
-182.389208 1 3
-173.405284 2 0 3
-180.255326 2 1 3
-184.176509 1 4
-184.119732 2 1 4
-163.185898 2 3 4
-112.970263 1 5
-111.824851 2 1 5
-98.694254 2 3 5
-221.738243 1 6
-162.570078 2 0 6
-216.201012 2 1 6
-152.471983 2 3 6
-150.836614 3 0 3 6
-157.175736 2 4 6
-146.671807 3 3 4 6
-172.586397 1 7
-134.607271 2 0 7
-169.348802 2 1 7
-136.301902 2 3 7
-136.038627 2 4 7
-134.490949 3 3 4 7
-102.306601 2 5 7
-100.054349 3 0 5 7
-94.574606 3 3 5 7
-160.110717 2 6 7
-132.062509 3 0 6 7
-134.516973 3 3 6 7
-134.063105 3 4 6 7
-156.661087 1 9
-140.190378 2 0 9
-150.251534 2 1 9
-124.521913 2 3 9
-133.753632 2 4 9
-108.223326 2 5 9
-150.096259 2 6 9
-138.619936 3 0 6 9
-129.885336 2 7 9
-122.757127 3 0 7 9
-119.90748 3 3 7 9
-121.824373 3 4 7 9
-296.822241 1 11
-261.02982 2 1 11
-290.083498 2 2 11
-217.818549 2 6 11
-169.22061 2 7 11
-202.57992 1 12
-185.129831 2 0 12
-198.638635 2 1 12
-200.856068 2 2 12
-170.971149 2 3 12
-175.912105 2 4 12
-111.182198 2 5 12
-180.638238 2 6 12
-144.030768 2 7 12
-101.575195 3 5 7 12
-138.43332 2 9 12
-124.893605 3 7 9 12
-205.187007 1 13
-169.322777 2 0 13
-196.749739 2 1 13
-152.544971 2 3 13
-166.328292 2 4 13
-186.590376 2 6 13
-159.976891 3 0 6 13
-147.627475 3 3 6 13
-150.25713 2 7 13
-128.941485 3 3 7 13
-135.860758 2 9 13
-117.676739 3 3 9 13
-127.360651 3 7 9 13
-176.336549 2 12 13
-173.946503 3 6 12 13
-195.401514 1 14
-171.749685 2 0 14
-190.176226 2 1 14
-192.367982 2 2 14
-189.834042 3 1 2 14
-157.736899 2 3 14
-167.054881 2 4 14
-179.400367 2 6 14
-150.465836 3 3 6 14
-135.314245 2 7 14
-131.032722 3 0 7 14
-128.008493 3 3 7 14
-133.68452 3 4 7 14
-132.45438 2 9 14
-123.492867 3 3 9 14
-119.79481 3 7 9 14
-193.854653 2 11 14
-174.212342 2 12 14
-171.866238 3 6 12 14
-134.971877 3 7 12 14
-168.20292 2 13 14
-165.057316 3 0 13 14
-150.331569 3 3 13 14
-164.377118 3 4 13 14
-130.363345 3 9 13 14
-168.130222 3 12 13 14
-225.929245 1 15
-183.965857 2 0 15
-203.973986 2 1 15
-166.422492 2 3 15
-174.999863 2 4 15
-191.588689 2 6 15
-188.634226 3 1 6 15
-155.650642 2 7 15
-153.822487 3 6 7 15
-143.930533 2 9 15
-186.131393 2 12 15
-183.662691 3 0 12 15
-177.108329 3 6 12 15
-185.42754 2 13 15
-183.897664 3 1 13 15
-180.279113 3 6 13 15
-150.109082 3 7 13 15
-180.221232 2 14 15
-179.84154 3 1 14 15
-175.190678 3 6 14 15
-173.239505 3 12 14 15
-233.043894 1 16
-168.9244 2 0 16
-216.996357 2 1 16
-167.479038 2 3 16
-163.203679 3 0 3 16
-167.698359 2 4 16
-161.07145 3 3 4 16
-105.848246 2 5 16
-186.061865 2 6 16
-151.234701 3 0 6 16
-150.981603 3 3 6 16
-152.422231 3 4 6 16
-166.547424 2 7 16
-145.182317 2 9 16
-137.64402 3 0 9 16
-183.938899 2 12 16
-171.31187 3 6 12 16
-182.390822 2 13 16
-159.379134 3 0 13 16
-161.946009 3 4 13 16
-173.892817 3 6 13 16
-171.890625 3 12 13 16
-171.487445 2 14 16
-161.552378 3 0 14 16
-156.159512 3 3 14 16
-161.734189 3 4 14 16
-165.935787 3 6 14 16
-168.47927 3 12 14 16
-161.842877 3 13 14 16
-192.469933 2 15 16
-167.898128 3 0 15 16
-186.065527 3 1 15 16
-162.082538 3 3 15 16
-167.127467 3 4 15 16
-174.551052 3 6 15 16
-142.544976 3 9 15 16
-177.097694 3 12 15 16
-174.878532 3 13 15 16
-168.77284 3 14 15 16
9 125
-304.463586 0
-212.415015 1 0
-278.475984 1 1
-291.013387 1 2
-202.646235 2 0 2
-266.727592 2 1 2
-216.249582 1 3
-202.653271 2 0 3
-209.704182 2 2 3
-198.345375 3 0 2 3
-206.30717 1 4
-202.02907 2 2 4
-197.847293 2 3 4
-139.183064 1 5
-133.45563 2 3 5
-223.236037 1 6
-177.460576 2 0 6
-222.298276 2 2 6
-181.226692 2 3 6
-177.916263 2 4 6
-194.511683 1 7
-163.795175 2 0 7
-175.804442 2 3 7
-168.728229 2 4 7
-134.774911 2 5 7
-177.523352 2 6 7
-161.157361 3 0 6 7
-169.773295 3 3 6 7
-166.596814 3 4 6 7
-160.054312 1 8
-154.946575 2 0 8
-158.92617 2 2 8
-158.382287 2 3 8
-155.884293 2 4 8
-134.436127 2 5 8
-151.594053 2 6 8
-151.810622 2 7 8
-211.045078 2 0 11
-278.393165 2 1 11
-290.547208 2 2 11
-220.624158 1 12
-204.536803 2 0 12
-210.471242 2 2 12
-199.839119 3 0 2 12
-202.247514 2 3 12
-200.214217 3 2 3 12
-200.512157 2 4 12
-199.681179 3 2 4 12
-194.361258 2 6 12
-174.957926 2 7 12
-173.047017 3 6 7 12
-156.477559 2 8 12
-230.211378 1 13
-197.005441 2 0 13
-227.58985 2 1 13
-198.049841 2 3 13
-197.43351 2 4 13
-204.609016 2 6 13
-182.911428 2 7 13
-205.447621 2 12 13
-197.053634 3 3 12 13
-222.571555 1 14
-199.548729 2 0 14
-222.53404 2 1 14
-211.092813 2 2 14
-194.484765 3 0 2 14
-197.210186 2 3 14
-192.98732 3 2 3 14
-198.096395 2 4 14
-197.020977 3 2 4 14
-200.843862 2 6 14
-173.292861 2 7 14
-172.274165 3 3 7 14
-159.624421 2 8 14
-222.155155 2 11 14
-203.107985 2 12 14
-197.583096 3 2 12 14
-204.476773 2 13 14
-196.042939 3 3 13 14
-199.694142 3 6 13 14
-203.107385 3 12 13 14
-242.740349 1 15
-204.151222 2 0 15
-229.958878 2 1 15
-240.482483 2 2 15
-201.973731 3 0 2 15
-202.566345 2 3 15
-201.348283 3 0 3 15
-201.204923 2 4 15
-204.620949 2 6 15
-183.361969 2 7 15
-210.013088 2 12 15
-215.113759 2 13 15
-202.95631 3 6 13 15
-211.304442 2 14 15
-210.086159 3 2 14 15
-248.568858 1 16
-192.154291 2 0 16
-239.719545 2 1 16
-242.893887 2 2 16
-236.101047 3 1 2 16
-205.006573 2 3 16
-195.492035 2 4 16
-136.786269 2 5 16
-198.295963 2 6 16
-172.793943 3 0 6 16
-191.196995 2 7 16
-207.925158 2 12 16
-205.680726 3 2 12 16
-190.512093 3 6 12 16
-212.736387 2 13 16
-191.469121 3 0 13 16
-197.242825 3 6 13 16
-204.483083 3 12 13 16
-204.115163 2 14 16
-202.010998 3 2 14 16
-192.621289 3 6 14 16
-201.619516 3 12 14 16
-200.897275 3 13 14 16
-216.761022 2 15 16
-201.063736 3 3 15 16
-194.248703 3 6 15 16
-205.515232 3 12 15 16
-208.246205 3 13 15 16
-203.826297 3 14 15 16
10 2
-304.546352 0
-304.057414 1 14
11 40
-289.173334 0
-254.216374 1 0
-287.926066 1 1
-287.631949 1 2
-250.848819 2 0 2
-278.864839 1 3
-277.10223 2 2 3
-267.596074 1 4
-263.322897 2 2 4
-285.361669 1 5
-282.369178 2 1 5
-282.972563 2 2 5
-253.063897 2 0 6
-285.292605 2 5 6
-253.706375 2 0 7
-286.079428 2 1 7
-284.925214 1 8
-284.409384 2 1 8
-282.903752 2 2 8
-252.846437 2 0 9
-287.843248 2 1 9
-287.165769 2 2 9
-279.156572 1 12
-277.647253 2 2 12
-278.736939 2 3 12
-286.94146 1 13
-286.001713 2 1 13
-283.796533 2 2 13
-276.82024 3 2 3 13
-284.257427 1 14
-280.607498 2 1 14
-283.875345 2 2 14
-278.340738 2 3 14
-280.479278 2 5 14
-282.261814 2 7 14
-282.710565 2 8 14
-283.841027 2 9 14
-284.284398 1 15
-281.958511 2 1 15
-282.078244 2 2 15
12 155
-299.682139 0
-174.832421 1 0
-257.39943 1 1
-169.251148 2 0 1
-187.626635 1 3
-162.786768 2 0 3
-178.899921 2 1 3
-174.598389 1 4
-173.522113 2 0 4
-172.096636 2 1 4
-160.692259 2 3 4
-195.030931 1 5
-163.864091 2 0 5
-182.726062 2 1 5
-164.657899 2 3 5
-164.038107 3 1 3 5
-167.995958 2 4 5
-233.925141 1 6
-156.174439 2 0 6
-222.691618 2 1 6
-168.454612 2 3 6
-161.478103 2 4 6
-158.262611 3 3 4 6
-190.300694 2 5 6
-229.875212 1 7
-163.492616 2 0 7
-215.368275 2 1 7
-179.902894 2 3 7
-170.564509 2 4 7
-213.059275 2 6 7
-208.600586 3 1 6 7
-201.191698 1 8
-162.303434 2 0 8
-191.491564 2 1 8
-176.208576 2 3 8
-166.333984 2 4 8
-193.242866 2 5 8
-192.825136 2 6 8
-191.23493 3 1 6 8
-215.842711 1 9
-166.954209 2 0 9
-201.898502 2 1 9
-173.624567 2 3 9
-173.43262 3 1 3 9
-168.803376 2 4 9
-205.050363 2 6 9
-210.321454 2 7 9
-197.614945 2 8 9
-289.665377 1 11
-251.405224 2 1 11
-187.498735 2 3 11
-191.938679 2 5 11
-222.938036 2 6 11
-219.916333 3 1 6 11
-222.738696 2 7 11
-208.806412 3 6 7 11
-199.736659 2 8 11
-208.93389 2 9 11
-201.403572 3 6 9 11
-219.275761 1 13
-161.791606 2 0 13
-204.240015 2 1 13
-168.609394 2 3 13
-168.150201 2 4 13
-188.858499 2 5 13
-205.797865 2 6 13
-202.784945 3 1 6 13
-167.973823 3 3 6 13
-204.79144 2 7 13
-201.782892 3 1 7 13
-204.00746 3 6 7 13
-190.425303 2 8 13
-188.486279 3 1 8 13
-194.512003 2 9 13
-192.236004 3 1 9 13
-167.613187 3 3 9 13
-214.597698 2 11 13
-202.641878 3 6 11 13
-199.63873 1 14
-159.748003 2 0 14
-188.60245 2 1 14
-164.817171 2 3 14
-163.534296 2 4 14
-177.954072 2 5 14
-174.31809 3 1 5 14
-164.043041 3 3 5 14
-191.527874 2 6 14
-184.858624 2 7 14
-184.088282 3 1 7 14
-178.449558 2 8 14
-177.6062 3 1 8 14
-180.17516 2 9 14
-178.413353 3 1 9 14
-199.433249 2 11 14
-182.018933 2 13 14
-180.616554 3 1 13 14
-162.340802 3 3 13 14
-229.563552 1 15
-168.252824 2 0 15
-201.322078 2 1 15
-168.014361 3 0 1 15
-173.733652 2 3 15
-171.577774 3 1 3 15
-169.440451 2 4 15
-188.037396 2 5 15
-181.279024 3 1 5 15
-205.195865 2 6 15
-196.775538 3 1 6 15
-206.234702 2 7 15
-199.237149 3 1 7 15
-200.445469 3 6 7 15
-189.765699 2 8 15
-185.028347 3 1 8 15
-196.836291 2 9 15
-189.200705 3 1 9 15
-196.764989 3 6 9 15
-228.890924 2 11 15
-198.678775 2 13 15
-189.985498 3 1 13 15
-197.636302 3 6 13 15
-195.852598 3 7 13 15
-193.138875 3 9 13 15
-186.869657 2 14 15
-181.048349 3 1 14 15
-246.706429 1 16
-161.15234 2 0 16
-224.902484 2 1 16
-184.542593 2 3 16
-169.690988 2 4 16
-188.676886 2 5 16
-209.260163 2 6 16
-155.615003 3 0 6 16
-208.419394 3 1 6 16
-220.775884 2 7 16
-214.516188 3 1 7 16
-197.601435 2 8 16
-206.062729 2 9 16
-201.866282 3 1 9 16
-201.476292 3 6 9 16
-240.849877 2 11 16
-205.270718 3 6 11 16
-220.325943 3 7 11 16
-205.991664 3 9 11 16
-205.576153 2 13 16
-199.275221 3 1 13 16
-200.525807 3 6 13 16
-185.60391 2 14 16
-154.602931 3 0 14 16
-207.331446 2 15 16
-194.057352 3 1 15 16
-195.480669 3 6 15 16
-205.767305 3 7 15 16
-196.085656 3 9 15 16
-194.468233 3 13 15 16
-183.257947 3 14 15 16
13 156
-304.500372 0
-229.836466 1 0
-279.236449 1 1
-287.492169 1 2
-213.939316 2 0 2
-264.045053 2 1 2
-236.118854 1 3
-225.062579 2 0 3
-235.653959 2 1 3
-226.59397 2 2 3
-212.918942 1 4
-203.536809 2 2 4
-212.527155 2 3 4
-194.603415 1 5
-191.233983 2 2 5
-194.476347 2 3 5
-191.044795 2 4 5
-190.657558 3 2 4 5
-230.566566 1 6
-198.298313 2 0 6
-222.68018 2 2 6
-193.366079 3 0 2 6
-204.098101 2 3 6
-200.460952 3 2 3 6
-189.13512 2 4 6
-188.112844 3 2 4 6
-190.11548 2 5 6
-229.190512 1 7
-204.948057 2 0 7
-228.719639 2 1 7
-229.082878 2 2 7
-204.519751 3 0 2 7
-216.088937 2 3 7
-198.659915 2 4 7
-207.544144 2 6 7
-195.518829 3 0 6 7
-208.617018 1 8
-201.500424 2 0 8
-202.69656 2 2 8
-197.48979 3 0 2 8
-206.274617 2 3 8
-195.070724 2 4 8
-194.335165 3 2 4 8
-195.4187 2 6 8
-195.130931 3 2 6 8
-206.861245 2 7 8
-230.248164 1 9
-214.426892 2 0 9
-228.350315 2 1 9
-228.54849 2 2 9
-210.752992 3 0 2 9
-217.919113 2 3 9
-216.042091 3 2 3 9
-204.045282 2 4 9
-203.500447 3 2 4 9
-211.939545 2 6 9
-217.590257 2 7 9
-302.268498 1 11
-277.312096 2 1 11
-283.656753 2 2 11
-226.31198 3 2 3 11
-228.314231 2 6 11
-224.093993 1 12
-216.795651 2 0 12
-208.755623 2 2 12
-204.385027 3 0 2 12
-217.101613 2 3 12
-208.29456 3 2 3 12
-206.470754 2 4 12
-199.927782 3 2 4 12
-188.430984 2 5 12
-186.991279 3 2 5 12
-202.43929 2 6 12
-196.342329 3 2 6 12
-204.10674 2 7 12
-203.811439 3 2 7 12
-198.492329 3 6 7 12
-197.850623 2 8 12
-194.544963 3 2 8 12
-208.917456 2 9 12
-204.823543 3 2 9 12
-228.11235 1 14
-212.827937 2 0 14
-227.842095 2 1 14
-211.42134 2 2 14
-202.31743 3 0 2 14
-216.584432 2 3 14
-207.94423 3 2 3 14
-203.861606 2 4 14
-198.51846 3 2 4 14
-193.405999 2 5 14
-209.819137 2 6 14
-201.645618 3 2 6 14
-203.701062 2 7 14
-202.51762 3 2 7 14
-201.744527 3 6 7 14
-200.913755 2 8 14
-196.575025 3 2 8 14
-210.017567 2 9 14
-208.090465 3 2 9 14
-208.669417 3 6 9 14
-210.492552 2 12 14
-199.269537 3 2 12 14
-242.017303 1 15
-215.868993 2 0 15
-230.19414 2 1 15
-236.951776 2 2 15
-211.860503 3 0 2 15
-228.688459 3 1 2 15
-218.109281 2 3 15
-217.058942 3 2 3 15
-205.436047 2 4 15
-192.504714 2 5 15
-209.627139 2 6 15
-198.270734 3 0 6 15
-203.998602 3 3 6 15
-213.421104 2 7 15
-205.389906 3 6 7 15
-201.515598 2 8 15
-214.390712 2 9 15
-213.64263 3 0 9 15
-207.9625 3 6 9 15
-211.132526 2 12 15
-207.680838 3 2 12 15
-202.067576 3 6 12 15
-203.038999 3 7 12 15
-213.851502 2 14 15
-212.792801 3 0 14 15
-208.935061 3 2 14 15
-206.709073 3 6 14 15
-210.106294 3 12 14 15
-259.337912 1 16
-216.70221 2 0 16
-250.654803 2 1 16
-250.029372 2 2 16
-209.94599 3 0 2 16
-245.613794 3 1 2 16
-227.54844 2 3 16
-225.416303 3 2 3 16
-208.309513 2 4 16
-193.350278 2 5 16
-213.49123 2 6 16
-197.301991 3 0 6 16
-212.367087 3 2 6 16
-225.752966 2 7 16
-223.505441 2 9 16
-218.207636 2 12 16
-216.880409 2 14 16
-212.349212 3 0 14 16
-208.960879 3 2 14 16
-208.52089 3 6 14 16
-225.547469 2 15 16
-214.333958 3 0 15 16
-225.536911 3 1 15 16
-206.980245 3 6 15 16
-212.607953 3 14 15 16
14 131
-298.058759 0
-191.758473 1 0
-267.023701 1 1
-206.557977 1 3
-180.910456 2 0 3
-204.844199 2 1 3
-180.771254 1 4
-170.16902 2 3 4
-174.987219 1 5
-161.710559 2 0 5
-174.622228 2 1 5
-164.075204 2 3 5
-159.992189 2 4 5
-220.921668 1 6
-158.898082 2 0 6
-218.509319 2 1 6
-175.610033 2 3 6
-155.05167 2 4 6
-167.819894 2 5 6
-157.825927 3 0 5 6
-162.851647 3 3 5 6
-154.812449 3 4 5 6
-233.565277 1 7
-176.070803 2 0 7
-228.149638 2 1 7
-199.262712 2 3 7
-176.085903 2 4 7
-207.85668 2 6 7
-192.389912 1 8
-165.84934 2 0 8
-181.905668 2 3 8
-163.649625 2 4 8
-178.583792 2 6 8
-173.603886 3 3 6 8
-216.166728 1 9
-178.892187 2 0 9
-211.081757 2 1 9
-187.518582 2 3 9
-177.56628 3 0 3 9
-172.560479 2 4 9
-198.529494 2 6 9
-212.346455 2 7 9
-191.960022 2 8 9
-297.569822 1 10
-205.850363 2 3 10
-173.912288 2 5 10
-233.413334 2 7 10
-189.540278 2 8 10
-213.026162 2 9 10
-293.142852 1 11
-259.705133 2 1 11
-206.033876 2 3 11
-170.104829 2 5 11
-214.011142 2 6 11
-225.592474 2 7 11
-204.485271 3 6 7 11
-190.175264 2 8 11
-210.823185 2 9 11
-194.195471 3 6 9 11
-198.01535 1 12
-176.674056 2 0 12
-183.748513 2 3 12
-169.707161 2 4 12
-157.91036 2 5 12
-178.5244 2 6 12
-173.085904 3 3 6 12
-188.548689 2 7 12
-174.081518 3 0 7 12
-169.647772 2 8 12
-165.587491 3 0 8 12
-180.499177 2 9 12
-175.435299 3 0 9 12
-221.670737 1 13
-174.749945 2 0 13
-215.629346 2 1 13
-187.023555 2 3 13
-174.25577 3 0 3 13
-171.713918 2 4 13
-168.730086 3 3 4 13
-173.789803 2 5 13
-200.174238 2 6 13
-208.075827 2 7 13
-184.68665 2 8 13
-195.936132 2 9 13
-185.016653 3 3 9 13
-195.259365 3 6 9 13
-184.413909 2 12 13
-172.84509 3 0 12 13
-180.754963 3 3 12 13
-227.584026 1 15
-178.891942 2 0 15
-210.289717 2 1 15
-187.42162 2 3 15
-175.18617 3 0 3 15
-172.979752 2 4 15
-168.426346 3 3 4 15
-170.984788 2 5 15
-195.435398 2 6 15
-173.949695 3 3 6 15
-208.414874 2 7 15
-181.876013 2 8 15
-181.476959 3 3 8 15
-196.148119 2 9 15
-196.115476 3 1 9 15
-184.901151 3 3 9 15
-191.948799 3 6 9 15
-184.890131 2 12 15
-176.278807 3 0 12 15
-180.882201 3 3 12 15
-177.508672 3 6 12 15
-199.418225 2 13 15
-183.791736 3 3 13 15
-192.517332 3 6 13 15
-193.610714 3 9 13 15
-183.863899 3 12 13 15
-256.720958 1 16
-181.660236 2 0 16
-240.732285 2 1 16
-203.748052 2 3 16
-179.552249 2 4 16
-206.980007 2 6 16
-230.050377 2 7 16
-212.267263 2 9 16
-255.367104 2 11 16
-206.011157 3 6 11 16
-195.618439 2 12 16
-175.110828 3 0 12 16
-214.263454 2 13 16
-214.828629 2 15 16
-208.767783 3 1 15 16
-195.134419 3 6 15 16
15 87
-300.543188 0
-226.851808 1 0
-291.516627 1 1
-293.774635 1 2
-223.389428 2 0 2
-287.935131 2 1 2
-238.011732 1 3
-223.647757 2 0 3
-221.931027 1 4
-219.555398 2 3 4
-216.346348 1 5
-210.553068 2 0 5
-210.926906 2 3 5
-211.111488 2 4 5
-253.127355 1 6
-214.995095 2 0 6
-225.004146 2 3 6
-214.005109 2 4 6
-241.254589 1 7
-212.132147 2 0 7
-224.482857 2 3 7
-213.88112 2 4 7
-215.790973 2 5 7
-232.590893 2 6 7
-211.973453 3 0 6 7
-223.972858 3 3 6 7
-225.402072 1 8
-213.158847 2 0 8
-222.045015 2 3 8
-212.754381 2 4 8
-222.977801 2 6 8
-224.318835 2 7 8
-238.819951 1 9
-218.588015 2 0 9
-224.328494 2 3 9
-216.82878 2 4 9
-234.512268 2 6 9
-230.104875 2 7 9
-238.680592 2 9 10
-295.654252 1 11
-285.549072 2 1 11
-288.22093 2 2 11
-248.491325 2 6 11
-239.183145 2 7 11
-237.890123 2 9 11
-230.424601 1 12
-220.272212 2 0 12
-227.774593 2 2 12
-224.118748 2 3 12
-216.773089 2 4 12
-209.352814 2 5 12
-224.398079 2 6 12
-217.61408 2 7 12
-213.976074 2 8 12
-219.813531 2 9 12
-238.060119 1 13
-212.884336 2 0 13
-220.002159 2 3 13
-214.448132 2 4 13
-214.247646 2 5 13
-232.187928 2 6 13
-225.485181 2 7 13
-218.300652 2 8 13
-222.9625 2 9 13
-217.463133 2 12 13
-216.546339 3 7 12 13
-230.068455 1 14
-213.985277 2 0 14
-227.23363 2 2 14
-218.875374 2 3 14
-214.139525 2 4 14
-212.343916 2 5 14
-227.641085 2 6 14
-216.104186 2 7 14
-214.888173 2 8 14
-218.801342 2 9 14
-217.299381 2 12 14
-215.807607 2 13 14
-268.755687 1 16
-222.875688 2 0 16
-237.833361 2 3 16
-242.925754 2 6 16
-236.947851 2 9 16
-268.193267 2 11 16
-229.380704 2 12 16
-234.965244 2 13 16
-226.863358 2 14 16
16 62
-220.712727 0
-185.75401 1 0
-204.167366 1 1
-218.364252 1 2
-160.098267 1 3
-159.017855 2 1 3
-169.228094 1 4
-157.028591 2 3 4
-163.701139 1 5
-150.65048 2 3 5
-162.115224 2 4 5
-193.522706 1 6
-179.19608 2 0 6
-192.352849 2 1 6
-157.893968 2 3 6
-168.456736 2 4 6
-148.326763 1 7
-146.363411 2 0 7
-137.492289 2 3 7
-141.829624 2 4 7
-146.784564 2 5 7
-152.68626 1 8
-145.188097 2 3 8
-142.28779 2 7 8
-164.817999 1 9
-148.855258 2 3 9
-158.412959 2 4 9
-161.304345 2 5 9
-145.012074 2 7 9
-167.737017 1 12
-157.014225 2 3 12
-164.320693 2 4 12
-157.347095 2 5 12
-139.227435 2 7 12
-149.095997 2 8 12
-155.038017 2 9 12
-175.550267 1 13
-172.619754 2 0 13
-151.527853 2 3 13
-164.618664 2 4 13
-162.448002 2 5 13
-144.889217 2 7 13
-158.075276 2 9 13
-161.85066 2 12 13
-179.374926 1 14
-175.655773 2 0 14
-177.87595 2 1 14
-157.288342 2 3 14
-168.009089 2 4 14
-144.811863 2 7 14
-160.918534 2 9 14
-165.340105 2 12 14
-168.142985 2 13 14
-188.925226 1 15
-181.77789 2 0 15
-183.066668 2 1 15
-159.919897 2 3 15
-183.321105 2 6 15
-162.945899 2 9 15
-166.69312 2 12 15
-172.455392 2 13 15
-176.169829 2 14 15