32
0 1
-0.000000 0
1 4
-110.588791 1 10
-113.819107 1 8
-107.944481 1 7
-114.277168 0
2 1
-0.000000 0
3 1
-0.000000 0
4 3
-12.980964 1 8
-19.137428 1 10
-34.810886 0
5 3
-36.329659 1 6
-45.356789 1 27
-67.047272 0
6 6
-25.545805 2 5 27
-70.907234 1 8
-40.879723 1 5
-29.967720 1 27
-69.815651 1 10
-71.597321 0
7 3
-99.974403 1 1
-99.092216 1 9
-106.307076 0
8 7
-42.108864 1 6
-20.969032 1 4
-41.794380 1 27
-42.340908 1 1
-16.420668 2 4 10
-17.971962 1 10
-42.798954 0
9 3
-96.299706 1 7
-102.795723 1 28
-103.514565 0
10 6
-53.388893 1 27
-28.871284 1 8
-51.916603 1 6
-38.024818 1 4
-50.009914 1 1
-53.698277 0
11 1
-0.000000 0
12 1
-0.000000 0
13 5
-12.184302 1 30
-11.913710 2 6 30
-11.913740 2 27 30
-9.103858 1 24
-24.999363 0
14 3
-143.151871 1 16
-108.041466 1 15
-144.943405 0
15 3
-134.863342 1 16
-104.129128 1 14
-141.031052 0
16 4
-124.836189 1 29
-126.684166 1 15
-131.060349 1 14
-132.851913 0
17 1
-0.000000 0
18 3
-25.569569 1 22
-28.133747 1 26
-37.998451 0
19 3
-51.245125 1 31
-41.332558 1 20
-59.608280 0
20 4
-39.495865 2 19 31
-44.803261 1 31
-53.161476 1 19
-71.437195 0
21 2
-5.991462 1 23
-7.902744 0
22 3
-21.595203 1 26
-43.177723 1 18
-55.606575 0
23 4
-9.210340 2 21 25
-10.195228 1 25
-10.195228 1 21
-12.106510 0
24 3
-11.050666 1 30
-14.284034 1 13
-30.179539 0
25 2
-5.991462 1 23
-7.902744 0
26 3
-28.593800 1 22
-52.740498 1 18
-62.605202 0
27 5
-68.599190 1 8
-27.974159 1 6
-47.913292 1 5
-69.294380 1 10
-69.603760 0
28 2
-93.991631 1 9
-94.710457 0
29 2
-130.270264 1 16
-138.285965 0
30 3
-17.825233 1 24
-24.139046 1 13
-36.954105 0
31 3
-54.154610 1 19
-35.883827 1 20
-62.517765 0
