14
0 79
-199.061271 0
-153.94089 1 1
-173.783134 1 2
-141.909229 2 1 2
-190.36014 1 3
-152.587132 2 1 3
-179.620204 1 4
-149.96832 2 1 4
-162.73198 2 3 4
-145.190093 3 1 3 4
-189.045478 1 5
-153.715526 1 6
-125.329273 2 1 6
-152.154082 2 3 6
-152.832654 2 4 6
-131.062664 1 7
-95.97001 2 1 7
-126.137104 2 2 7
-124.075087 2 3 7
-91.715362 3 1 3 7
-124.788581 2 4 7
-119.078764 3 3 4 7
-189.349149 1 8
-187.84176 2 3 8
-177.962881 2 5 8
-184.369024 1 9
-179.031214 2 4 9
-153.462956 1 10
-135.712309 2 1 10
-136.765178 2 2 10
-125.648193 3 1 2 10
-143.730597 2 4 10
-139.135659 3 3 4 10
-123.26653 2 6 10
-122.327491 3 1 6 10
-98.839749 2 7 10
-94.059461 3 1 7 10
-96.862785 3 3 7 10
-141.093566 2 9 10
-148.839542 1 11
-115.766713 2 1 11
-138.842963 2 3 11
-114.009825 3 1 3 11
-146.790662 2 4 11
-134.033162 3 3 4 11
-147.031647 2 5 11
-133.095469 2 6 11
-111.933392 3 1 6 11
-106.433071 2 7 11
-82.884744 3 1 7 11
-126.568242 2 10 11
-130.629646 1 12
-98.857882 2 1 12
-129.024393 2 3 12
-113.788436 2 4 12
-111.124372 3 3 4 12
-130.028393 2 5 12
-130.467566 2 6 12
-123.350521 2 7 12
-109.489406 2 10 12
-106.462958 3 4 10 12
-123.408593 2 11 12
-95.326649 3 1 11 12
-133.054043 1 13
-122.762971 2 1 13
-113.953949 2 2 13
-109.859363 2 6 13
-92.96268 2 7 13
-85.058399 3 2 7 13
-102.763892 2 10 13
-96.249919 3 2 10 13
-91.711311 3 6 10 13
-80.22255 3 7 10 13
-98.837052 2 11 13
-96.811536 3 1 11 13
-75.994632 3 7 11 13
-94.702695 3 10 11 13
-82.150117 2 12 13
-78.475994 3 11 12 13
1 5
-192.231963 0
-147.111583 1 0
-192.094866 1 6
-176.646406 1 10
-168.158335 1 13
2 8
-156.712683 0
-131.434546 1 0
-154.877995 1 4
-144.8384 1 6
-147.425404 1 7
-133.170152 1 11
-143.794345 1 12
-151.114841 1 13
3 4
-146.433992 0
-137.732861 1 0
-137.932459 1 4
-121.044235 2 0 4
4 12
-162.399901 0
-142.958835 1 0
-160.565212 1 2
-153.898368 1 3
-126.270209 2 0 3
-153.342652 2 1 3
-152.928391 2 2 3
-160.951862 1 6
-161.808879 1 7
-157.446782 1 11
-152.636008 1 13
-140.856073 2 3 13
5 4
-148.664073 0
-138.64828 1 0
-148.453424 1 6
-140.245402 1 13
6 13
-189.040266 0
-143.694522 1 0
-188.903169 1 1
-177.165983 1 2
-187.592227 1 4
-188.829617 1 5
-125.160769 1 7
-185.521133 1 8
-175.444401 1 9
-182.928915 1 10
-179.013548 1 11
-158.06204 1 12
-178.127324 1 13
7 18
-157.971181 0
-89.972574 1 0
-148.683902 1 2
-157.380159 1 4
-94.091684 1 6
-78.618477 2 0 6
-143.17598 1 8
-138.751815 1 9
-149.021986 1 10
-141.988222 2 2 10
-144.78759 1 11
-142.382135 2 8 11
-140.333275 2 10 11
-100.617129 1 12
-83.358839 2 6 12
-100.245202 2 10 12
-140.640518 1 13
-136.27215 2 10 13
8 5
-191.488224 0
-181.776102 1 0
-187.96909 1 6
-176.693023 1 7
-178.639671 1 12
9 5
-160.516419 0
-145.824172 1 0
-146.920554 1 6
-141.297053 1 7
-146.679516 1 12
10 16
-161.354152 0
-115.755838 1 0
-145.768594 1 1
-155.242801 1 6
-152.404957 1 7
-137.880699 2 1 7
-148.536029 1 11
-143.991114 2 1 11
-144.081714 2 7 11
-148.394853 1 12
-141.887333 2 1 12
-148.022927 2 7 12
-154.61901 1 13
-150.250642 2 7 13
-146.983835 2 11 13
-138.357918 2 12 13
11 11
-155.080988 0
-104.859259 1 0
-131.538457 1 2
-150.127869 1 4
-145.05427 1 6
-141.897396 1 7
-142.262864 1 10
-129.312445 2 2 10
-133.574154 2 7 10
-128.389272 1 12
-150.847161 1 13
12 14
-200.570775 0
-132.139151 1 0
-187.652437 1 2
-169.592549 1 6
-143.216723 1 7
-187.722222 1 8
-186.733872 1 9
-187.611476 1 10
-187.142779 2 2 10
-138.834693 2 7 10
-183.830565 2 9 10
-173.87906 1 11
-193.560037 1 13
-177.298946 2 10 13
13 17
-167.572388 0
-101.56516 1 0
-143.498759 1 1
-161.974546 1 2
-157.808495 1 4
-159.153717 1 5
-142.585813 2 1 5
-156.659445 1 6
-150.241725 1 7
-134.848087 2 1 7
-160.837246 1 10
-155.922782 2 2 10
-148.08741 2 7 10
-163.338561 1 11
-160.56165 1 12
-137.119778 2 1 12
-150.524715 2 10 12