14
0 36
-198.496627 0
-153.59842 1 1
-173.20194 1 2
-149.395681 2 1 2
-191.123749 1 3
-179.266517 1 4
-175.975998 2 3 4
-188.663437 1 5
-154.542487 1 6
-137.58002 2 1 6
-134.517758 1 7
-116.827225 2 1 7
-186.827254 1 8
-183.579767 2 5 8
-182.588973 1 9
-154.716507 1 10
-147.00615 2 1 10
-149.196068 2 2 10
-139.343052 2 6 10
-122.502838 2 7 10
-150.431513 1 11
-131.000364 2 1 11
-145.990375 2 6 11
-127.935491 2 7 11
-145.18692 2 10 11
-131.972768 1 12
-114.42042 2 1 12
-129.035582 2 4 12
-127.464345 2 10 12
-134.794446 1 13
-133.301812 2 2 13
-128.663146 2 6 13
-117.343505 2 7 13
-121.815339 2 10 13
-118.558062 2 11 13
-99.970419 2 12 13
1 7
-191.685826 0
-146.78762 1 0
-189.212037 1 6
-176.127632 1 10
-190.739271 1 11
-191.644019 1 12
-167.843323 1 13
2 8
-156.292685 0
-130.997998 1 0
-154.77071 1 4
-144.367471 1 6
-148.778164 1 7
-133.703991 1 11
-142.078221 1 12
-152.705432 1 13
3 4
-146.034656 0
-138.661778 1 0
-137.818443 1 4
-134.527924 2 0 4
4 10
-161.946056 0
-142.715947 1 0
-160.424082 1 2
-153.729843 1 3
-138.582092 2 0 3
-158.736114 1 6
-160.511053 1 7
-157.270975 1 11
-152.099221 1 13
-149.375257 2 3 13
5 4
-148.35172 0
-138.51853 1 0
-147.136439 1 6
-139.260136 1 13
6 13
-188.505929 0
-144.55179 1 0
-186.03214 1 1
-176.580716 1 2
-185.295987 1 4
-187.290649 1 5
-127.521556 1 7
-183.064455 1 8
-174.070735 1 9
-182.098085 1 10
-177.198403 1 11
-157.20077 1 12
-177.221248 1 13
7 11
-157.594984 0
-93.616115 1 0
-150.080463 1 2
-156.15998 1 4
-96.610611 1 6
-142.833701 1 8
-139.110839 1 9
-150.71949 1 10
-144.962216 1 11
-102.407011 1 12
-140.875763 1 13
8 6
-190.948231 0
-179.278858 1 0
-185.506756 1 6
-176.186948 1 7
-176.213083 1 12
-190.840947 1 13
9 5
-160.124277 0
-144.216624 1 0
-145.689083 1 6
-141.640133 1 7
-145.099764 1 12
10 9
-160.935496 0
-117.155377 1 0
-145.377302 1 1
-154.527652 1 6
-154.060002 1 7
-151.35472 1 11
-149.084957 1 12
-154.441747 1 13
-148.895921 2 12 13
11 10
-154.710538 0
-106.645425 1 0
-153.763983 1 1
-132.121845 1 2
-150.035457 1 4
-143.403012 1 6
-142.077771 1 7
-145.129762 1 10
-128.064626 1 12
-151.175166 1 13
12 12
-200.00183 0
-133.477972 1 0
-199.960023 1 1
-185.787366 1 2
-168.696671 1 6
-144.813858 1 7
-185.266683 1 8
-184.977316 1 9
-188.151291 1 10
-173.355918 1 11
-192.432914 1 13
-186.887089 2 10 13
13 14
-167.108817 0
-103.406637 1 0
-143.266315 1 1
-163.521565 1 2
-157.261982 1 4
-158.017234 1 5
-155.824136 1 6
-150.389597 1 7
-167.001534 1 8
-160.615068 1 10
-163.573445 1 11
-159.539902 1 12
-142.297248 2 1 12
-159.350866 2 10 12