9
0 5
-1250.13099 0
-1071.81232 1 1
-1226.634084 1 2
-1250.043126 1 3
-1036.98423 1 8
1 4
-1170.770145 0
-992.451475 1 0
-1160.289261 1 2
-1050.6257 1 8
2 5
-976.427881 0
-952.930975 1 0
-965.946998 1 1
-970.607232 1 6
-724.727734 1 8
3 3
-892.702303 0
-892.614439 1 0
-813.690174 1 8
4 1
-82.873149 0
5 1
-99.841852 0
6 2
-954.59677 0
-948.776121 1 2
7 2
-748.938915 0
-746.049784 1 8
8 7
-2594.580563 0
-2381.433803 1 0
-2474.436118 1 1
-2342.880416 1 2
-2272.705263 2 0 2
-2515.568434 1 3
-2591.691432 1 7