9
0 5
-1250.548815 0
-1071.681762 1 1
-1224.652619 1 2
-1249.917757 1 3
-1032.737507 1 8
1 4
-1171.129185 0
-992.262132 1 0
-1158.074206 1 2
-1051.172894 1 8
2 5
-976.401668 0
-950.505472 1 0
-963.34669 1 1
-967.198197 1 6
-703.356583 1 8
3 3
-892.827697 0
-892.196639 1 0
-802.34673 1 8
4 2
-83.102 0
-70.292937 1 8
5 2
-99.165033 0
-71.706943 1 8
6 2
-954.585404 0
-945.381933 1 2
7 2
-749.005775 0
-724.072563 1 8
8 22
-2596.440591 0
-2378.629284 1 0
-2476.4843 1 1
-2323.395506 1 2
-2175.370016 2 0 2
-2263.075136 2 1 2
-2505.959624 1 3
-2351.98559 2 0 3
-2434.29207 2 1 3
-2275.854062 2 2 3
-2583.631528 1 4
-2317.12495 2 2 4
-2568.982501 1 5
-2366.020171 2 0 5
-2470.023333 2 1 5
-2312.801926 2 2 5
-2490.557541 2 3 5
-2560.980701 2 4 5
-2311.805326 3 2 4 5
-2571.50738 1 7
-2570.813674 2 4 7
-2554.783695 2 5 7