17
0 204
-71.425737 0
-60.388 1 1
-35.160367 1 2
-34.857096 2 1 2
-27.30754 1 3
-32.505538 3 1 2 4
-25.473891 2 3 4
-20.858286 3 1 3 4
-61.418924 1 5
-47.479262 2 1 5
-34.113523 2 2 5
-22.786931 2 3 5
-22.310507 3 1 3 5
-60.671228 2 4 5
-20.512094 4 1 3 4 5
-34.954294 2 2 6
-25.248852 2 3 6
-25.079762 3 1 3 6
-60.64514 1 7
-58.805321 2 1 7
-32.970026 2 2 7
-30.672899 3 1 2 7
-26.466215 3 1 3 7
-58.631458 3 1 4 7
-44.276803 2 5 7
-44.011358 3 1 5 7
-30.836659 3 2 5 7
-29.631163 4 1 2 5 7
-58.472995 2 1 8
-32.95992 2 2 8
-23.85691 2 3 8
-63.493017 2 4 8
-54.7318 3 1 4 8
-30.457123 3 2 4 8
-20.914314 3 3 4 8
-43.561666 3 1 5 8
-27.441145 3 2 5 8
-20.896284 3 3 5 8
-53.847698 3 4 5 8
-20.586325 4 3 4 5 8
-31.29628 3 2 6 8
-22.433807 3 3 6 8
-57.701169 3 4 7 8
-43.607747 3 5 7 8
-42.063762 4 1 5 7 8
-26.383704 5 1 2 5 7 8
-42.757825 4 4 5 7 8
-30.190918 5 1 2 6 7 8
-59.629665 1 9
-41.257143 2 1 9
-32.970026 2 2 9
-30.672899 3 1 2 9
-27.283008 2 3 9
-25.825838 3 1 3 9
-56.545451 2 4 9
-59.563872 2 5 9
-44.874406 2 7 9
-41.063783 3 1 7 9
-32.152001 3 2 7 9
-28.022106 4 1 2 7 9
-39.518665 4 1 5 7 9
-26.879087 5 1 2 5 7 9
-30.884971 3 2 8 9
-52.093854 3 4 8 9
-40.432999 4 1 4 8 9
-43.675345 4 4 7 8 9
-31.458289 2 2 10
-67.423487 2 4 10
-59.937632 3 1 4 10
-30.545939 3 2 4 10
-29.527694 4 1 2 4 10
-23.636564 3 3 4 10
-30.428638 3 2 5 10
-58.615482 3 4 5 10
-30.067083 4 2 4 5 10
-22.720553 4 3 4 5 10
-59.701345 3 1 6 10
-29.670335 3 2 6 10
-22.941053 3 3 6 10
-58.188264 2 7 10
-58.049377 3 1 7 10
-57.106547 4 1 4 7 10
-30.371581 4 2 5 7 10
-43.807611 4 5 6 7 10
-57.419987 3 1 8 10
-62.595108 3 4 8 10
-52.738607 4 1 4 8 10
-57.315328 4 1 6 8 10
-56.329458 4 4 7 8 10
-29.626634 6 1 2 6 7 8 10
-53.179672 3 4 9 10
-44.091669 3 7 9 10
-69.251969 1 11
-54.799691 2 1 11
-34.825092 2 2 11
-34.068405 3 1 2 11
-23.452666 2 3 11
-22.680214 3 1 3 11
-68.922331 2 4 11
-22.51537 3 3 4 11
-17.885183 4 1 3 4 11
-23.402204 3 3 6 11
-22.417022 4 1 3 6 11
-50.319427 2 7 11
-48.99692 3 1 7 11
-49.117927 3 1 8 11
-20.846376 3 3 8 11
-57.556017 3 4 8 11
-46.538008 4 1 4 8 11
-17.906568 4 3 4 8 11
-49.742137 4 4 7 8 11
-28.406879 4 2 7 9 11
-24.384113 5 1 2 7 9 11
-27.804091 4 2 8 9 11
-20.823503 4 3 8 9 11
-27.71887 5 2 4 8 9 11
-28.598983 3 2 10 11
-64.839673 3 4 10 11
-28.54675 4 2 4 10 11
-27.513174 5 1 2 4 10 11
-21.378058 4 3 4 10 11
-22.169259 4 3 6 10 11
-47.915017 3 7 10 11
-48.586009 4 1 8 10 11
-57.22998 4 4 8 10 11
-44.481169 5 1 4 8 10 11
-28.415506 5 2 4 8 10 11
-28.003387 5 2 7 9 10 11
-57.621075 1 12
-42.366426 2 1 12
-26.536261 2 2 12
-20.337864 2 3 12
-57.432241 2 4 12
-20.256136 3 3 4 12
-43.63089 2 7 12
-43.434472 4 5 7 8 12
-42.754038 4 5 7 9 12
-24.948599 2 3 13
-32.312541 3 2 4 13
-21.388363 3 3 4 13
-33.393685 3 2 5 13
-21.447754 3 3 5 13
-33.751251 3 2 6 13
-24.121139 3 3 6 13
-32.189447 4 2 4 7 13
-30.443509 4 2 5 7 13
-27.597863 5 1 2 5 7 13
-29.505947 5 2 4 5 7 13
-30.313744 4 2 4 10 13
-29.506103 4 2 5 10 13
-49.691491 3 1 11 13
-21.755198 3 3 11 13
-64.614116 3 4 11 13
-18.262183 4 3 4 11 13
-50.274177 4 4 7 11 13
-64.278308 4 4 10 11 13
-27.8369 5 2 4 10 11 13
-56.778125 2 12 13
-25.95366 3 2 12 13
-41.850111 3 7 12 13
-37.405235 4 5 7 12 13
-55.384887 3 8 12 13
-41.917055 4 1 8 12 13
-42.090713 5 1 5 10 12 13
-55.009433 3 11 12 13
-53.000943 4 5 11 12 13
-41.953003 5 1 5 11 12 13
-59.835659 2 1 14
-40.436769 3 1 9 14
-53.489465 3 1 11 14
-64.657622 4 4 10 11 14
-49.415118 4 1 11 13 14
-63.394238 1 15
-54.014029 2 1 15
-53.824267 2 5 15
-41.430041 3 1 5 15
-58.394318 2 7 15
-58.024878 3 4 7 15
-40.302488 3 5 7 15
-56.546628 3 6 7 15
-62.121564 3 4 8 15
-53.028709 4 1 4 8 15
-55.929441 4 4 7 8 15
-54.801171 2 9 15
-38.923 3 1 9 15
-54.417045 3 4 9 15
-62.215195 3 4 10 15
-56.300216 4 4 7 10 15
-60.9479 2 11 15
-46.513305 3 1 11 15
-45.111035 3 7 11 15
-44.85895 4 1 7 11 15
-42.831757 5 1 4 7 11 15
-45.441737 5 1 4 8 11 15
-43.507083 5 4 7 8 11 15
-60.794313 4 4 10 11 15
-44.247861 5 4 7 10 11 15
-41.547098 3 7 12 15
-39.153725 4 5 7 12 15
-37.316044 5 5 7 12 13 15
-23.658001 1 16
-23.047879 2 5 16
-19.663506 2 11 16
-23.380241 3 12 13 16
1 120
-52.798919 0
-41.761183 1 0
-42.180166 1 2
-42.590149 1 3
-35.805378 1 4
-26.572518 2 0 4
-33.071283 2 2 4
-33.185457 2 3 4
-41.257748 2 0 5
-32.0514 1 7
-30.211581 2 0 7
-29.837984 2 4 7
-25.793694 3 0 4 7
-50.13784 1 8
-36.656276 2 0 8
-35.212621 2 2 8
-34.526747 2 3 8
-28.52974 2 4 8
-19.768523 3 0 4 8
-19.405333 3 2 4 8
-18.71782 3 3 4 8
-34.403109 3 0 5 8
-33.778669 3 2 5 8
-33.091155 3 3 5 8
-11.465211 2 7 8
-10.919524 3 0 7 8
-10.132726 3 3 7 8
-10.881645 3 4 7 8
-49.319586 1 9
-30.947064 2 0 9
-33.151985 2 2 9
-30.854858 3 0 2 9
-32.46503 2 3 9
-24.898293 3 0 4 9
-32.023387 3 2 4 9
-31.33335 3 3 4 9
-28.404223 2 7 9
-24.593599 3 0 7 9
-47.948639 2 8 9
-26.980327 3 0 8 9
-26.419039 3 2 8 9
-23.795834 3 3 8 9
-18.293547 4 0 4 8 9
-18.592426 4 2 4 8 9
-16.810309 4 3 4 8 9
-52.551832 1 10
-40.853072 2 0 10
-41.336367 2 2 10
-40.092158 2 3 10
-35.648448 2 4 10
-32.711289 3 2 4 10
-31.854961 3 3 4 10
-30.852125 2 7 10
-29.427687 3 4 7 10
-36.373258 3 0 8 10
-33.46973 3 3 8 10
-30.874617 3 0 9 10
-32.385915 3 2 9 10
-30.159781 3 3 9 10
-28.304561 3 7 9 10
-50.401203 1 11
-35.948925 2 0 11
-37.83847 2 2 11
-38.406278 2 3 11
-46.000237 2 8 11
-25.771307 3 0 8 11
-25.7174 3 2 8 11
-25.027909 3 3 8 11
-17.909424 4 0 4 8 11
-17.91156 4 2 4 8 11
-17.221241 4 3 4 8 11
-50.225578 2 10 11
-34.875237 3 0 10 11
-37.069512 3 2 10 11
-35.650318 3 3 10 11
-24.81017 4 0 8 10 11
-23.415218 4 3 8 10 11
-23.040898 1 12
-7.786248 2 0 12
-7.767839 2 2 12
-7.097979 2 3 12
-7.075558 2 7 12
-47.858314 1 13
-35.499692 2 0 13
-33.391286 2 2 13
-34.106689 2 3 13
-28.031505 2 4 13
-20.263911 3 0 4 13
-18.993032 3 2 4 13
-19.184335 3 3 4 13
-14.788143 2 7 13
-14.705028 3 2 7 13
-14.041327 4 0 2 7 13
-14.706851 3 3 7 13
-13.258247 4 2 3 7 13
-12.808736 3 4 7 13
-45.034985 2 9 13
-24.630612 3 0 9 13
-22.506485 3 2 9 13
-21.818112 3 3 9 13
-18.285925 4 0 4 9 13
-17.304515 4 2 4 9 13
-16.613763 4 3 4 9 13
-35.003228 3 0 10 13
-32.708303 3 3 10 13
-21.484077 4 3 9 10 13
-43.989426 2 11 13
-23.865924 3 0 11 13
-22.460113 3 2 11 13
-23.918936 3 3 11 13
-18.46911 4 0 4 11 13
-17.289703 4 2 4 11 13
-17.800525 4 3 4 11 13
-22.12618 4 0 10 11 13
-21.461777 4 3 10 11 13
-35.935931 3 0 11 14
-6.224925 1 16
-5.556419 2 3 16
-5.556419 2 8 16
-5.208989 3 3 8 16
2 242
-71.106214 0
-34.840845 1 0
-60.487461 1 1
-17.773083 1 3
-65.14426 1 4
-29.669231 2 0 4
-66.103714 1 5
-53.959589 2 1 5
-57.326986 2 4 5
-48.047736 1 7
-20.372622 2 0 7
-14.98483 2 3 7
-36.663252 2 5 7
-35.985522 3 5 6 7
-66.143398 1 8
-27.14876 2 0 8
-51.218179 2 1 8
-62.276986 2 4 8
-61.5429 2 5 8
-26.187078 3 0 5 8
-41.683159 3 1 5 8
-55.42944 3 4 5 8
-64.225574 1 9
-48.057974 2 1 9
-53.15322 2 4 9
-36.155723 2 7 9
-62.46767 2 8 9
-40.93807 3 1 8 9
-31.197359 2 0 10
-14.914709 2 3 10
-47.404232 2 7 10
-12.865124 3 3 7 10
-35.599322 4 5 6 7 10
-47.132091 3 1 9 10
-31.054396 3 7 9 10
-18.586502 4 0 7 9 10
-30.398203 4 4 7 9 10
-61.040564 3 8 9 10
-37.63529 4 1 8 9 10
-50.391621 4 4 8 9 10
-37.062502 5 1 4 8 9 10
-59.580555 2 1 11
-64.91962 2 4 11
-41.052307 2 7 11
-46.259602 3 1 8 11
-60.36665 3 4 8 11
-63.101726 2 9 11
-33.807399 3 0 9 11
-47.92642 3 1 9 11
-61.698553 3 5 9 11
-33.033141 3 7 9 11
-13.614176 4 0 7 9 11
-13.383529 5 0 1 7 9 11
-12.995838 4 3 7 9 11
-31.86568 4 5 7 9 11
-57.849863 3 8 9 11
-19.157404 4 0 8 9 11
-37.145468 4 1 8 9 11
-51.33815 4 4 8 9 11
-55.370609 4 5 8 9 11
-18.800765 5 0 5 8 9 11
-36.235018 5 1 5 8 9 11
-51.136236 5 4 5 8 9 11
-28.742633 4 0 9 10 11
-30.062449 4 7 9 10 11
-10.025797 5 0 7 9 10 11
-28.194992 5 4 7 9 10 11
-10.572342 6 3 4 7 9 10 11
-11.981923 6 3 6 7 9 10 11
-17.763854 5 0 8 9 10 11
-35.974523 5 1 8 9 10 11
-48.355818 5 4 8 9 10 11
-34.098728 6 1 4 8 9 10 11
-17.511766 6 0 5 8 9 10 11
-60.08499 1 12
-29.000176 2 0 12
-44.811931 2 1 12
-55.730341 2 5 12
-27.475293 3 0 5 12
-38.774921 3 1 5 12
-40.064562 2 7 12
-44.261375 3 1 9 12
-54.278974 3 5 9 12
-25.912584 4 0 5 9 12
-36.043377 4 1 5 9 12
-35.126576 4 5 7 9 12
-53.39929 3 9 11 12
-25.261886 4 0 9 11 12
-37.613578 4 1 9 11 12
-49.947626 4 5 9 11 12
-25.22194 5 0 5 9 11 12
-30.702024 4 7 9 11 12
-29.950489 5 5 7 9 11 12
-51.439408 4 8 9 11 12
-34.329523 5 1 8 9 11 12
-48.729167 5 5 8 9 11 12
-33.510034 6 1 5 8 9 11 12
-32.939959 2 0 13
-56.68333 2 1 13
-32.423953 3 0 1 13
-26.439778 3 0 4 13
-51.008687 3 1 5 13
-31.643526 3 0 6 13
-64.50291 2 8 13
-25.092939 3 0 8 13
-50.090449 3 1 8 13
-24.647306 4 0 1 8 13
-62.148468 3 4 8 13
-59.560709 3 5 8 13
-24.353391 4 0 5 8 13
-41.290608 4 1 5 8 13
-47.900951 3 7 8 13
-18.244786 4 0 7 8 13
-12.404689 4 3 7 8 13
-43.697384 3 1 9 13
-62.329855 3 8 9 13
-40.211994 4 1 8 9 13
-35.92039 4 7 8 9 13
-12.420599 4 3 7 10 13
-69.995027 2 11 13
-48.465714 3 1 11 13
-62.212744 3 4 11 13
-43.959228 4 1 8 11 13
-59.859057 4 4 8 11 13
-39.774157 4 7 8 11 13
-61.636745 3 9 11 13
-30.186908 4 0 9 11 13
-39.705436 4 1 9 11 13
-53.018735 4 4 9 11 13
-23.974287 5 0 4 9 11 13
-61.564004 4 5 9 11 13
-16.944333 5 0 8 9 11 13
-36.440919 5 1 8 9 11 13
-15.546101 5 3 8 9 11 13
-51.026848 5 5 8 9 11 13
-16.143614 6 0 5 8 9 11 13
-32.286485 6 1 5 8 9 11 13
-14.75126 6 3 5 8 9 11 13
-48.557152 6 4 5 8 9 11 13
-32.304567 5 7 8 9 11 13
-10.580922 6 0 7 8 9 11 13
-9.188567 6 3 7 8 9 11 13
-29.199428 6 5 7 8 9 11 13
-29.895772 6 5 7 9 10 11 13
-39.355903 3 7 12 13
-58.973575 3 8 12 13
-53.265609 4 5 11 12 13
-51.832572 4 9 11 12 13
-23.940253 5 0 9 11 12 13
-47.548129 5 5 9 11 12 13
-35.158176 6 1 5 9 11 12 13
-63.769917 3 4 11 14
-59.892575 1 15
-50.633381 2 1 15
-58.943627 2 4 15
-57.609689 2 5 15
-47.235861 3 1 5 15
-57.112044 3 4 5 15
-43.065805 2 7 15
-35.318992 3 5 7 15
-49.567391 3 1 8 15
-55.392412 2 9 15
-40.798708 3 1 9 15
-52.303119 3 4 9 15
-31.081325 3 7 9 15
-33.469169 4 5 7 10 15
-26.046792 4 7 9 10 15
-12.862014 5 0 7 9 10 15
-12.670739 6 0 3 7 9 10 15
-24.054448 5 4 7 9 10 15
-26.4571 6 0 1 8 9 10 15
-24.089306 7 0 1 5 8 9 10 15
-49.020333 3 1 11 15
-33.084128 3 7 11 15
-45.578411 4 1 8 11 15
-28.377691 4 7 9 11 15
-28.300406 5 5 7 9 11 15
-36.139996 3 7 12 15
-28.871028 4 0 9 12 15
-27.09405 5 7 9 11 12 15
-26.53602 6 5 7 9 11 12 15
-59.005686 3 8 13 15
-48.324246 4 1 8 13 15
-40.38592 4 1 9 13 15
-19.753775 6 0 1 7 9 13 15
-32.349562 5 5 7 10 13 15
-57.446682 5 5 8 10 13 15
-46.881062 4 1 11 13 15
-38.317596 5 1 9 11 13 15
-27.479524 7 1 5 7 9 11 13 15
-26.096153 7 5 7 8 9 11 13 15
-28.332786 7 1 7 9 11 13 14 15
-27.636964 7 7 8 9 11 13 14 15
-21.441885 1 16
-17.894186 2 5 16
-16.909052 2 7 16
-14.577043 3 5 7 16
-18.036781 2 9 16
-12.717643 3 7 9 16
-12.0155 4 6 7 9 16
-11.899961 5 1 6 7 9 16
-11.899961 5 3 6 7 9 16
-11.841847 6 1 3 6 7 9 16
-11.899961 5 6 7 8 9 16
-11.841847 6 1 6 7 8 9 16
-11.841847 6 3 6 7 8 9 16
-11.812704 7 1 3 6 7 8 9 16
-17.856691 3 5 10 16
-13.382767 4 5 7 10 16
-13.276723 5 1 5 7 10 16
-13.276723 5 5 7 8 10 16
-13.223371 6 1 5 7 8 10 16
-11.95966 4 7 9 10 16
-11.871932 5 1 7 9 10 16
-11.871932 5 3 7 9 10 16
-11.827806 6 1 3 7 9 10 16
-11.871932 5 7 8 9 10 16
-11.827806 6 1 7 8 9 10 16
-11.827806 6 3 7 8 9 10 16
-11.805676 7 1 3 7 8 9 10 16
-17.428028 4 5 10 11 16
-19.280372 2 13 16
-16.277382 3 5 13 16
-13.829014 3 7 13 16
-12.01219 4 5 7 13 16
-11.898308 5 1 5 7 13 16
-11.898308 5 3 5 7 13 16
-11.841021 6 1 3 5 7 13 16
-11.898308 5 5 7 8 13 16
-11.841021 6 1 5 7 8 13 16
-11.841021 6 3 5 7 8 13 16
-11.812291 7 1 3 5 7 8 13 16
-16.264503 3 9 13 16
-9.899571 4 7 9 13 16
-9.80219 5 1 7 9 13 16
-9.80219 5 3 7 9 13 16
-9.75322 6 1 3 7 9 13 16
-9.80219 5 7 8 9 13 16
-9.75322 6 1 7 8 9 13 16
-9.75322 6 3 7 8 9 13 16
-9.728664 7 1 3 7 8 9 13 16
-16.055241 4 5 11 13 16
3 212
-70.745931 0
-26.627734 1 0
-60.537161 1 1
-17.4128 1 2
-11.585359 2 0 2
-65.196559 1 4
-18.694735 2 0 4
-10.385685 3 0 2 4
-66.2903 1 5
-54.802153 2 1 5
-10.035339 3 0 2 5
-58.332005 2 4 5
-25.738967 2 0 6
-10.503049 3 0 2 6
-48.734691 1 7
-16.011467 2 0 7
-15.671785 2 2 7
-14.75093 3 0 4 7
-34.68922 2 5 7
-15.243676 3 0 5 7
-15.597244 3 2 5 7
-15.134939 3 0 6 7
-61.909292 1 8
-13.811643 2 0 8
-46.298198 2 1 8
-13.400224 3 0 1 8
-15.736206 2 2 8
-9.24046 3 0 2 8
-57.788349 2 4 8
-57.054263 2 5 8
-36.507009 3 1 5 8
-51.034991 3 4 5 8
-15.29269 4 1 2 7 8
-13.734856 5 1 2 5 7 8
-15.190484 5 1 2 6 7 8
-59.831125 1 9
-42.976569 2 1 9
-15.671785 2 2 9
-48.071816 2 4 9
-18.663036 3 0 4 9
-42.938024 3 1 4 9
-8.189014 4 0 2 5 9
-31.501762 2 7 9
-12.035907 3 2 7 9
-11.986745 4 1 2 7 9
-14.365393 4 0 4 7 9
-8.659176 5 0 2 4 7 9
-14.758045 4 0 5 7 9
-29.417552 4 1 5 7 9
-9.370428 5 1 2 5 7 9
-10.094439 5 0 2 6 7 9
-53.06392 2 8 9
-28.911115 3 1 8 9
-13.197158 4 0 1 8 9
-11.951511 3 2 8 9
-7.503561 4 0 2 8 9
-11.671732 4 1 2 8 9
-44.166243 3 4 8 9
-13.637262 4 0 7 8 9
-10.715784 5 1 2 7 8 9
-10.589268 6 1 2 6 7 8 9
-68.043322 1 10
-23.297406 2 0 10
-55.583648 2 1 10
-10.198905 2 2 10
-9.239043 3 0 2 10
-63.183166 2 4 10
-7.492226 4 0 2 4 10
-65.058127 2 5 10
-51.195611 3 1 5 10
-8.855384 4 0 2 5 10
-7.551199 4 0 2 6 10
-46.604835 2 7 10
-61.04453 2 8 10
-43.579019 3 1 8 10
-8.109491 4 0 2 8 10
-57.020246 3 4 8 10
-57.995628 2 9 10
-38.414267 3 1 9 10
-47.285146 3 4 9 10
-30.866712 3 7 9 10
-28.071689 4 1 8 9 10
-26.127576 2 0 11
-59.931953 2 1 11
-10.014654 3 0 2 11
-7.544833 4 0 2 4 11
-8.178067 4 0 2 5 11
-8.336408 4 0 2 6 11
-42.675682 2 7 11
-61.622458 2 8 11
-13.121977 3 0 8 11
-40.65013 3 1 8 11
-7.482718 4 0 2 8 11
-55.1905 3 4 8 11
-59.058675 2 9 11
-20.59577 3 0 9 11
-12.627601 4 0 4 9 11
-11.711258 4 0 7 9 11
-8.67527 5 0 4 7 9 11
-30.442509 4 5 7 9 11
-10.052277 5 0 5 7 9 11
-27.706476 5 1 5 7 9 11
-10.10948 5 0 6 7 9 11
-52.517639 3 8 9 11
-6.844591 4 0 8 9 11
-51.874101 4 5 8 9 11
-55.460595 3 1 10 11
-40.334546 3 7 10 11
-38.080828 4 1 8 10 11
-57.973099 3 9 10 11
-18.196003 4 0 9 10 11
-54.25101 1 12
-16.967798 2 0 12
-38.308091 2 1 12
-17.188197 2 2 12
-39.139088 2 7 12
-52.668942 2 9 12
-36.07407 3 1 9 12
-49.138099 3 5 9 12
-14.133724 4 0 5 9 12
-30.21776 4 1 5 9 12
-13.999016 5 0 1 5 9 12
-27.996478 4 5 7 9 12
-15.283819 3 2 11 12
-54.242164 3 5 11 12
-47.217913 3 9 11 12
-12.033303 4 0 9 11 12
-30.742837 4 1 9 11 12
-11.909002 5 0 1 9 11 12
-46.751448 4 5 9 11 12
-21.976457 2 0 13
-57.291247 2 1 13
-10.451705 3 0 2 13
-15.874974 3 0 4 13
-53.010167 3 1 5 13
-21.769792 3 0 6 13
-15.288086 3 0 7 13
-38.35505 3 1 9 13
-15.81952 4 0 4 9 13
-38.256432 4 1 4 9 13
-14.091398 4 0 7 9 13
-9.379445 5 0 2 7 9 13
-54.320678 3 1 10 13
-8.221058 4 0 2 10 13
-36.572962 4 1 9 10 13
-70.201769 2 11 13
-50.131279 3 1 11 13
-8.237321 4 0 2 11 13
-63.307207 3 4 11 13
-16.600316 4 0 9 11 13
-10.089727 5 0 4 9 11 13
-10.069721 5 0 7 9 11 13
-46.846962 4 1 10 11 13
-53.999884 3 11 12 13
-53.265609 4 5 11 12 13
-47.732557 3 4 9 14
-63.887412 3 4 11 14
-55.302215 4 1 10 11 14
-55.818469 1 15
-20.996651 2 0 15
-46.563851 2 1 15
-15.507484 2 2 15
-6.605197 3 0 2 15
-55.138074 2 4 15
-51.790788 2 5 15
-41.130068 3 1 5 15
-51.376533 3 4 5 15
-41.186042 2 7 15
-12.509521 3 0 7 15
-28.048395 3 5 7 15
-13.662019 4 2 5 7 15
-53.657993 2 8 15
-13.576887 3 0 8 15
-41.631832 3 1 8 15
-50.16765 3 5 8 15
-34.407629 4 1 5 8 15
-14.331483 4 2 5 8 15
-11.997289 6 1 2 5 7 8 15
-47.895227 2 9 15
-31.305796 3 1 9 15
-44.248817 3 4 9 15
-24.878735 3 7 9 15
-9.076211 4 0 7 9 15
-23.624843 4 5 7 9 15
-21.865383 5 1 5 7 9 15
-47.807878 3 8 9 15
-27.987514 4 1 8 9 15
-27.90038 5 1 5 8 9 15
-12.718733 6 0 1 5 8 9 15
-20.716412 3 0 10 15
-45.128635 3 1 10 15
-41.110382 3 7 10 15
-41.217332 4 1 8 10 15
-44.640201 3 1 11 15
-32.017419 3 7 11 15
-36.32224 4 1 8 11 15
-53.226474 4 4 8 11 15
-13.392829 6 1 2 5 8 11 15
-18.623655 4 0 9 11 15
-44.399211 4 1 10 11 15
-52.382999 2 12 15
-35.618922 3 1 12 15
-33.760828 3 7 12 15
-14.165002 4 0 9 12 15
-30.844197 4 1 9 12 15
-14.014736 5 0 1 9 12 15
-18.567866 3 0 13 15
-16.35842 5 0 9 11 13 15
-6.224925 1 16
-5.556419 2 1 16
-5.556419 2 8 16
-5.208989 3 1 8 16
4 68
-57.917317 0
-40.923775 1 1
-51.955362 1 2
-40.494922 3 0 1 2
-52.367944 1 3
-50.534296 2 0 3
-36.433684 3 0 1 3
-40.753795 2 1 5
-50.127837 2 2 5
-50.946269 2 3 5
-56.104072 1 6
-55.838901 2 0 6
-40.823093 2 1 6
-50.515425 2 2 6
-50.750953 2 3 6
-41.191983 1 7
-38.978568 2 1 7
-38.804704 3 0 1 7
-41.07743 2 6 7
-51.403281 2 0 8
-38.256723 2 1 8
-34.515528 3 0 1 8
-36.750516 3 0 7 8
-53.23017 1 9
-50.145956 2 0 9
-40.377727 2 1 9
-42.157816 2 2 9
-41.470861 2 3 9
-41.324524 3 0 3 9
-40.339181 3 1 3 9
-36.858717 2 7 9
-44.762781 3 0 8 9
-37.042148 3 1 8 9
-54.413812 2 0 10
-50.51265 3 0 3 10
-55.947391 2 6 10
-46.83671 3 0 9 10
-54.579764 1 11
-54.250127 2 0 11
-40.915403 2 1 11
-47.356097 2 2 11
-47.948171 2 3 11
-47.010874 3 0 3 11
-53.53579 3 0 6 11
-45.445776 3 0 8 11
-50.138272 3 0 10 11
-33.441581 1 12
-33.252747 2 0 12
-40.650327 2 1 13
-38.287806 4 0 1 2 13
-39.237864 3 0 7 13
-38.534047 4 0 1 7 13
-52.719619 3 0 11 13
-46.905964 4 0 2 11 13
-40.985226 2 7 14
-46.833811 3 2 11 14
-47.32035 3 3 11 14
-53.497571 1 15
-36.903847 2 1 15
-36.323833 4 0 1 7 15
-40.44771 3 7 8 15
-46.81103 2 9 15
-46.426904 3 0 9 15
-35.732176 3 1 9 15
-53.273652 3 0 10 15
-51.097671 2 11 15
-50.117636 4 0 10 11 15
-34.657422 1 16
5 54
-68.321293 0
-58.31448 1 0
-57.811045 2 0 1
-63.318793 1 2
-63.865662 1 3
-58.004054 2 0 4
-61.491268 2 2 4
-62.443987 2 3 4
-63.462849 1 6
-55.518281 2 0 6
-58.299629 2 2 6
-59.166705 2 3 6
-54.601785 2 0 7
-59.585638 2 2 7
-56.924651 2 3 7
-53.833994 3 0 3 7
-50.64869 3 0 6 7
-54.192311 3 2 6 7
-53.343978 3 3 6 7
-48.719896 1 9
-48.654103 2 0 9
-48.160257 2 6 9
-47.612852 2 8 9
-49.195932 1 11
-44.410147 2 0 11
-45.790225 2 2 11
-46.193951 2 3 11
-46.892813 2 6 11
-44.401979 3 2 6 11
-45.155607 3 3 6 11
-45.621891 3 3 7 11
-43.359402 2 9 11
-41.956229 3 2 9 11
-41.058859 4 2 8 9 11
-42.894575 4 3 8 9 11
-66.82795 1 12
-62.4733 2 2 12
-65.428482 3 8 10 12
-67.355526 1 14
-48.262641 2 9 14
-47.431506 3 8 9 14
-47.711129 2 11 14
-52.990084 1 16
-52.379961 2 0 16
-49.442385 2 2 16
-47.881906 3 0 2 16
-47.576184 2 9 16
-46.43378 3 0 9 16
-46.248736 2 11 16
-40.7082 3 2 11 16
-46.24159 3 7 11 16
-40.292907 3 9 11 16
-40.003242 4 2 9 11 16
-40.004714 4 7 9 11 16
6 9
-71.943512 0
-70.130268 1 4
-67.085068 1 5
-70.722334 1 9
-70.476347 2 8 9
-69.347536 2 4 10
-68.344754 2 9 11
-69.111439 1 14
-69.028603 2 4 14
7 330
-70.34459 0
-59.563993 1 0
-49.59707 1 1
-48.014391 2 0 1
-47.286112 1 2
-45.09577 2 0 2
-38.257931 2 1 2
-34.073733 3 0 1 2
-48.33335 1 3
-38.898268 2 1 3
-37.976628 3 0 1 3
-45.545096 2 2 3
-36.166958 3 1 2 3
-53.619257 1 4
-44.319289 2 0 4
-47.651863 2 1 4
-43.540465 3 0 1 4
-37.488566 2 2 4
-37.224998 3 0 2 4
-36.44067 3 1 2 4
-38.075174 2 3 4
-36.914574 3 1 3 4
-35.332192 3 2 3 4
-34.217221 4 1 2 3 4
-55.851298 2 0 5
-43.552957 2 2 5
-40.276093 3 0 2 5
-33.305012 4 0 1 2 5
-41.392339 2 3 5
-35.563613 3 1 3 5
-39.913947 3 2 3 5
-33.645797 4 1 2 3 5
-42.866188 3 0 4 5
-35.679035 4 0 2 4 5
-36.955176 3 3 4 5
-34.912014 4 2 3 4 5
-36.351703 4 1 2 5 6
-32.829041 5 0 1 2 5 6
-35.41354 4 1 3 5 6
-32.102296 5 1 2 3 5 6
-35.539105 5 0 2 4 5 6
-34.809869 5 2 3 4 5 6
-52.319451 1 8
-42.51554 2 0 8
-13.646822 2 1 8
-35.212621 2 2 8
-13.11735 3 1 2 8
-12.551267 4 0 1 2 8
-40.346682 2 3 8
-11.767888 4 1 2 3 8
-33.654623 2 4 8
-27.862775 3 0 4 8
-22.428021 3 2 4 8
-26.775334 3 3 4 8
-36.77065 3 0 5 8
-33.289149 3 2 5 8
-35.961324 3 3 5 8
-26.966031 4 0 4 5 8
-26.669166 4 3 4 5 8
-57.984845 2 0 9
-44.670253 2 2 9
-43.852227 3 0 2 9
-44.410741 2 3 9
-41.034375 3 2 3 9
-44.464641 3 2 6 9
-44.34772 3 3 6 9
-35.245661 5 1 2 3 6 9
-33.31119 6 1 2 3 4 6 9
-32.78207 7 0 1 2 4 5 6 9
-31.395142 7 1 2 3 4 5 6 9
-49.622825 2 8 9
-32.597438 3 0 8 9
-24.414715 3 2 8 9
-29.21481 3 3 8 9
-26.150283 4 0 4 8 9
-19.616386 4 2 4 8 9
-24.470741 4 3 4 8 9
-57.554807 2 0 10
-47.414973 3 0 1 10
-47.031705 2 2 10
-39.77079 3 3 8 10
-43.79123 3 2 9 10
-42.632974 4 0 2 9 10
-42.567319 4 2 6 9 10
-24.284844 4 2 8 9 10
-62.504258 1 11
-43.571717 2 0 11
-45.26908 2 1 11
-39.466309 3 0 1 11
-31.413277 2 2 11
-29.994534 3 0 2 11
-28.511254 3 1 2 11
-26.242324 4 0 1 2 11
-33.253062 2 3 11
-29.790311 3 1 3 11
-29.897001 3 2 3 11
-26.980977 4 1 2 3 11
-50.35279 2 4 11
-35.489653 3 0 4 11
-45.211277 3 1 4 11
-28.532352 3 2 4 11
-28.435523 4 0 2 4 11
-29.730086 3 3 4 11
-26.995939 4 2 3 4 11
-32.681002 3 3 5 11
-47.54428 2 8 11
-31.217521 3 0 8 11
-23.713076 3 2 8 11
-12.893808 4 1 2 8 11
-30.474122 3 3 8 11
-33.405582 3 4 8 11
-25.591702 4 0 4 8 11
-18.93552 4 2 4 8 11
-24.90352 4 3 4 8 11
-62.461924 2 9 11
-42.297403 3 1 9 11
-27.393869 4 0 2 9 11
-28.189119 4 1 2 9 11
-20.773757 5 0 1 2 9 11
-27.515557 4 2 3 9 11
-22.474562 5 1 2 3 9 11
-47.673786 3 4 9 11
-41.349272 4 1 4 9 11
-27.832013 4 2 4 9 11
-23.490728 5 0 2 4 9 11
-27.726601 5 1 2 4 9 11
-22.07711 5 2 3 4 9 11
-21.08098 6 1 2 3 4 9 11
-28.549617 5 1 3 5 9 11
-20.777173 6 1 2 3 5 9 11
-19.748258 7 1 2 3 4 6 9 11
-19.928837 7 1 2 3 5 6 9 11
-18.77548 8 0 1 2 4 5 6 9 11
-17.389352 8 1 2 3 4 5 6 9 11
-41.094872 3 0 10 11
-39.359336 4 0 1 10 11
-30.478667 4 0 8 10 11
-23.607984 4 2 8 10 11
-29.083715 4 3 8 10 11
-30.261927 4 2 9 10 11
-27.084978 5 0 2 9 10 11
-27.224579 5 1 2 9 10 11
-22.679498 5 2 4 9 10 11
-22.564155 6 1 2 4 9 10 11
-29.612057 5 2 6 9 10 11
-26.084031 6 1 2 6 9 10 11
-48.105413 1 12
-34.115227 2 0 12
-32.140072 2 1 12
-28.084984 2 2 12
-32.993491 2 3 12
-34.9507 2 8 12
-21.53965 3 0 8 12
-16.031131 3 2 8 12
-20.848425 3 3 8 12
-33.083816 5 0 5 6 9 12
-31.69556 5 3 5 6 9 12
-43.642041 2 11 12
-31.270493 3 0 11 12
-28.486726 3 1 11 12
-24.824178 3 2 11 12
-30.578707 3 3 11 12
-24.052847 6 0 2 6 9 11 12
-22.665564 6 2 3 6 9 11 12
-22.219113 7 0 2 5 6 9 11 12
-20.832322 7 2 3 5 6 9 11 12
-68.200613 1 13
-58.345874 2 0 13
-35.130442 2 1 13
-29.925509 3 1 2 13
-27.684688 4 0 1 2 13
-30.008906 3 1 3 13
-26.59598 4 1 2 3 13
-50.429167 2 4 13
-38.913919 3 0 4 13
-33.439062 4 0 1 4 13
-37.422536 3 2 4 13
-37.693966 3 3 4 13
-52.593342 3 0 5 13
-24.634091 5 0 1 2 5 13
-27.035046 4 1 3 5 13
-23.91015 5 1 2 3 5 13
-36.957446 4 0 4 5 13
-31.593182 5 0 1 4 5 13
-36.823065 4 3 4 5 13
-24.087716 6 0 1 2 5 6 13
-23.380189 6 1 2 3 5 6 13
-51.206041 2 8 13
-34.604082 3 2 8 13
-61.708299 2 9 13
-45.330757 3 0 9 13
-33.101282 3 1 9 13
-34.975107 3 2 9 13
-34.395937 4 0 2 9 13
-29.540752 4 1 2 9 13
-27.662983 5 0 1 2 9 13
-34.286733 3 3 9 13
-28.85 4 1 3 9 13
-30.805099 4 2 3 9 13
-23.431621 5 1 2 3 9 13
-45.572824 3 4 9 13
-33.424485 4 0 4 9 13
-30.770218 4 1 4 9 13
-31.769975 4 2 4 9 13
-31.079223 4 3 4 9 13
-26.696948 5 2 3 4 9 13
-41.367686 4 0 5 9 13
-30.69115 5 0 1 5 9 13
-32.368457 4 2 5 9 13
-29.187025 5 0 2 5 9 13
-27.101196 5 1 2 5 9 13
-18.634214 6 0 1 2 5 9 13
-29.702087 4 3 5 9 13
-21.590004 5 1 3 5 9 13
-27.778694 5 2 3 5 9 13
-17.236732 6 1 2 3 5 9 13
-30.465113 5 0 4 5 9 13
-25.593545 6 0 1 4 5 9 13
-27.886984 6 0 2 4 5 9 13
-29.360815 5 3 4 5 9 13
-26.495229 6 2 3 4 5 9 13
-44.074942 4 0 6 9 13
-21.609478 7 1 2 3 4 6 9 13
-18.145814 7 0 1 2 5 6 9 13
-16.754229 7 1 2 3 5 6 9 13
-47.506257 3 8 9 13
-31.365888 4 0 8 9 13
-21.096792 4 2 8 9 13
-27.22461 4 3 8 9 13
-19.058922 5 2 4 8 9 13
-32.949456 4 2 9 10 13
-32.014694 5 0 2 9 10 13
-29.26561 5 1 2 9 10 13
-26.496317 6 0 1 2 9 10 13
-27.869141 5 2 4 9 10 13
-27.154358 6 1 2 4 9 10 13
-28.572623 5 2 5 9 10 13
-24.469881 6 1 2 5 9 10 13
-50.227939 3 4 11 13
-46.451937 3 8 11 13
-30.328561 4 0 8 11 13
-21.076518 4 2 8 11 13
-29.629182 4 3 8 11 13
-42.55033 2 12 13
-27.622316 3 0 12 13
-29.61323 3 1 12 13
-21.546059 3 2 12 13
-27.613982 3 3 12 13
-41.452109 3 9 12 13
-26.568316 4 0 9 12 13
-27.230872 4 1 9 12 13
-20.485519 4 2 9 12 13
-26.558959 4 3 9 12 13
-40.031813 3 11 12 13
-27.6147 4 1 11 12 13
-39.046058 4 9 11 12 13
-25.311976 5 1 9 11 12 13
-53.434724 2 4 14
-50.096282 3 4 11 14
-66.863233 1 15
-47.189748 2 1 15
-9.400837 5 1 2 8 9 15
-16.930546 5 2 4 8 9 15
-23.139861 5 3 4 8 9 15
-59.634543 2 11 15
-43.593994 3 1 11 15
-28.45875 4 2 4 11 15
-8.707863 5 1 2 8 11 15
-23.834832 5 0 4 8 11 15
-16.245927 5 2 4 8 11 15
-23.139308 5 3 4 8 11 15
-27.402302 5 2 4 9 11 15
-20.510372 4 0 8 12 15
-12.77396 4 2 8 12 15
-12.62603 5 1 2 8 12 15
-19.814771 4 3 8 12 15
-21.760144 5 2 9 11 12 15
-21.577805 6 2 6 9 11 12 15
-21.532748 7 1 2 6 9 11 12 15
-21.532748 7 2 3 6 9 11 12 15
-21.510171 8 1 2 3 6 9 11 12 15
-23.586796 6 1 2 3 5 13 15
-59.736799 3 9 13 15
-34.06357 5 0 2 9 13 15
-26.990313 5 1 2 9 13 15
-22.662275 6 0 1 2 9 13 15
-22.624729 6 1 2 3 9 13 15
-31.289456 5 2 4 9 13 15
-29.281034 6 0 2 4 9 13 15
-22.414211 6 1 2 5 9 13 15
-17.45053 7 0 1 2 5 9 13 15
-16.058599 7 1 2 3 5 9 13 15
-29.488823 6 2 4 5 9 13 15
-26.179433 7 0 2 4 5 9 13 15
-24.790374 7 2 3 4 5 9 13 15
-25.287926 7 1 2 4 9 10 13 15
-19.521127 7 1 2 5 9 10 13 15
-27.158637 7 2 4 5 9 10 13 15
-28.406993 5 1 2 11 13 15
-28.809062 4 1 12 13 15
-21.224358 4 2 12 13 15
-26.534074 5 0 9 12 13 15
-26.885164 5 1 9 12 13 15
-18.184109 5 2 9 12 13 15
-18.103199 6 1 2 9 12 13 15
-25.835383 5 3 9 12 13 15
-16.597698 1 16
-12.064865 2 2 16
-12.0155 4 1 2 6 16
-12.0155 4 2 3 6 16
-11.899961 5 1 2 3 6 16
-12.0155 4 2 6 8 16
-11.899961 5 1 2 6 8 16
-11.899961 5 2 3 6 8 16
-12.0155 4 2 6 9 16
-11.899961 5 1 2 6 9 16
-11.899961 5 2 3 6 9 16
-11.841847 6 1 2 3 6 9 16
-11.899961 5 2 6 8 9 16
-11.841847 6 1 2 6 8 9 16
-11.841847 6 2 3 6 8 9 16
-15.977126 2 15 16
-10.841162 3 2 15 16
-10.620885 4 1 2 15 16
-10.620885 4 2 3 15 16
-10.509479 5 1 2 3 15 16
-10.620885 4 2 8 15 16
-10.509479 5 1 2 8 15 16
-10.509479 5 2 3 8 15 16
-10.453452 6 1 2 3 8 15 16
8 172
-49.873703 0
-47.212624 1 1
-45.297619 2 0 1
-44.910888 1 2
-42.71044 2 0 2
-37.943342 2 1 2
-37.819014 3 0 1 2
-41.037064 1 3
-37.586435 2 0 3
-32.973662 2 1 3
-31.160828 3 0 1 3
-43.338511 2 0 4
-44.545572 2 1 4
-36.534516 3 0 1 4
-35.287986 3 1 2 4
-29.945363 3 1 3 4
-41.160984 3 0 2 5
-34.146401 4 0 1 2 5
-32.540033 3 1 3 5
-31.848564 1 7
-11.262376 2 1 7
-31.344025 3 0 3 7
-10.028055 3 1 3 7
-26.881997 3 0 4 7
-49.266503 2 5 9
-39.93547 4 0 2 5 9
-27.256267 2 7 9
-25.166563 4 0 3 7 9
-25.811557 4 0 4 7 9
-26.302624 3 5 7 9
-25.325188 4 0 5 7 9
-49.55994 1 10
-48.521855 2 0 10
-44.042041 3 0 1 10
-44.334225 2 2 10
-30.164 2 7 10
-26.549583 3 7 9 10
-47.921871 1 11
-43.520906 2 1 11
-37.839142 3 0 1 11
-42.321023 2 2 11
-41.229525 3 0 2 11
-30.199952 3 1 2 11
-37.617452 2 3 11
-35.011161 3 0 3 11
-24.239083 3 1 3 11
-24.12363 4 0 1 3 11
-39.212409 3 0 4 11
-42.769314 3 1 4 11
-30.23997 4 0 1 4 11
-29.73462 5 0 1 2 4 11
-23.816165 4 1 3 4 11
-39.999173 4 0 2 5 11
-41.607762 2 9 11
-39.642804 3 1 9 11
-36.355899 3 2 9 11
-30.753642 4 0 2 9 11
-28.861852 4 1 2 9 11
-26.169054 5 0 1 2 9 11
-35.066727 3 3 9 11
-31.652458 4 0 3 9 11
-31.385093 4 2 3 9 11
-27.039255 5 0 2 3 9 11
-22.830569 5 1 2 3 9 11
-21.860228 6 0 1 2 3 9 11
-37.309147 4 1 4 9 11
-26.699819 5 1 2 4 9 11
-21.913954 6 0 1 2 4 9 11
-20.5222 6 1 2 3 4 9 11
-35.458529 4 2 5 9 11
-26.759966 5 0 2 5 9 11
-27.774646 5 1 2 5 9 11
-21.643841 6 0 1 2 5 9 11
-34.065844 4 3 5 9 11
-30.276056 5 2 3 5 9 11
-21.979326 6 1 2 3 5 9 11
-30.727706 5 0 2 6 9 11
-25.509827 6 0 1 2 6 9 11
-47.420507 3 0 10 11
-37.35544 4 0 1 10 11
-41.481828 3 9 10 11
-34.897626 4 2 9 10 11
-28.098013 5 1 2 9 10 11
-22.15934 6 1 2 4 9 10 11
-34.571957 5 2 5 9 10 11
-27.545289 6 1 2 5 9 10 11
-33.777623 5 2 6 9 10 11
-26.642811 6 1 2 6 9 10 11
-24.12209 1 12
-10.967378 2 7 12
-22.677964 2 9 12
-22.33506 3 5 9 12
-19.454725 3 6 9 12
-10.153446 3 7 9 12
-9.930818 4 1 7 9 12
-20.283864 2 11 12
-19.644836 3 9 11 12
-17.684955 4 2 9 11 12
-18.008246 4 6 9 11 12
-16.096865 5 2 6 9 11 12
-16.019824 6 1 2 6 9 11 12
-26.60185 1 13
-19.954402 2 2 13
-19.701921 3 0 2 13
-20.061888 2 3 13
-18.563979 3 2 3 13
-25.945177 2 4 13
-22.206397 3 0 4 13
-17.560803 4 0 2 5 13
-16.807565 4 2 3 5 13
-9.607278 2 7 13
-7.899988 3 1 7 13
-5.946717 3 2 7 13
-25.368208 2 9 13
-16.733083 4 2 3 9 13
-22.069258 3 4 9 13
-21.077599 4 0 4 9 13
-24.456659 3 5 9 13
-23.76616 4 0 5 9 13
-15.906323 4 2 5 9 13
-11.474544 5 0 2 5 9 13
-14.709418 4 3 5 9 13
-10.066213 5 2 3 5 9 13
-17.652126 5 0 4 5 9 13
-6.552082 3 7 10 13
-19.299052 5 0 2 9 10 13
-18.602799 5 2 4 9 10 13
-24.12812 4 5 9 10 13
-23.206155 5 0 5 9 10 13
-12.839565 5 2 5 9 10 13
-18.600574 5 0 2 9 11 13
-17.273033 2 12 13
-15.879796 3 0 12 13
-15.886434 3 2 12 13
-15.871461 3 3 12 13
-14.731974 3 9 12 13
-13.445055 4 0 9 12 13
-13.308144 5 0 1 9 12 13
-14.131114 4 2 9 12 13
-13.997728 5 1 2 9 12 13
-13.435698 4 3 9 12 13
-13.303443 5 1 3 9 12 13
-14.121271 4 5 9 12 13
-15.09911 3 11 12 13
-12.700574 4 9 11 12 13
-49.358674 2 10 14
-44.263846 1 15
-40.915404 2 1 15
-42.497531 3 0 2 15
-8.748239 3 1 7 15
-29.842549 3 4 7 15
-26.534015 3 7 9 15
-25.68334 4 0 7 9 15
-7.652041 4 1 7 9 15
-43.215631 2 11 15
-37.745954 3 1 11 15
-37.026247 3 9 11 15
-33.823792 4 1 9 11 15
-36.177856 4 2 9 11 15
-28.332923 5 0 2 9 11 15
-24.750379 6 0 1 2 9 11 15
-10.941222 3 7 12 15
-25.337164 2 13 15
-7.580894 4 1 7 13 15
-23.421169 3 9 13 15
-22.05604 4 5 9 13 15
-16.196017 3 12 13 15
-14.154133 4 9 12 13 15
-6.224925 1 16
-5.556419 2 1 16
-5.556419 2 3 16
-5.208989 3 1 3 16
9 293
-54.166752 0
-42.37068 1 0
-50.687418 1 1
-31.556561 2 0 1
-47.286112 1 2
-38.257931 2 1 2
-43.251946 1 3
-33.126827 2 1 3
-49.479606 1 4
-34.049341 2 0 4
-37.488566 2 2 4
-36.44067 3 1 2 4
-32.354862 2 3 4
-30.502755 3 1 3 4
-34.565355 1 5
-32.710303 2 0 5
-31.282695 2 1 5
-26.958137 3 0 1 5
-29.791865 3 1 2 5
-30.789121 2 3 5
-23.922548 3 1 3 5
-32.27393 2 4 5
-29.310912 3 0 4 5
-31.845807 3 2 4 5
-26.215315 3 3 4 5
-52.945573 1 6
-47.160396 2 2 6
-42.702297 2 3 6
-40.791532 2 0 7
-44.670253 2 2 7
-39.329337 2 3 7
-40.28907 3 0 6 7
-42.95544 3 2 6 7
-37.644598 3 3 6 7
-33.009946 4 1 3 6 7
-31.43768 2 5 8
-31.342578 3 0 5 8
-29.340924 3 1 5 8
-29.350201 3 3 5 8
-30.200623 3 4 5 8
-50.739418 2 6 8
-49.971422 3 1 6 8
-47.05937 3 2 6 8
-51.969969 2 7 8
-35.161394 3 0 7 8
-40.192962 3 2 7 8
-34.689351 3 3 7 8
-28.417205 3 5 7 8
-25.353146 4 3 5 7 8
-49.483391 3 6 7 8
-36.958036 4 2 6 7 8
-33.009321 4 3 6 7 8
-36.814484 5 2 4 6 7 8
-32.179868 6 2 3 4 6 7 8
-44.123941 3 2 7 10
-42.113538 4 2 6 7 10
-36.518451 6 2 4 6 7 8 10
-40.454839 1 11
-33.903547 2 0 11
-40.165389 2 1 11
-29.731823 3 0 1 11
-31.413277 2 2 11
-29.994534 3 0 2 11
-28.511254 3 1 2 11
-26.242324 4 0 1 2 11
-27.586636 2 3 11
-23.432468 3 1 3 11
-39.623977 2 4 11
-31.378466 3 0 4 11
-28.532352 3 2 4 11
-28.435523 4 0 2 4 11
-23.4293 3 3 4 11
-23.411998 4 1 3 4 11
-27.579281 3 2 5 11
-26.371496 4 1 2 5 11
-26.178954 5 0 1 2 5 11
-25.288143 3 3 5 11
-22.54214 4 1 3 5 11
-36.296455 2 6 11
-31.503443 3 0 6 11
-29.177631 4 0 1 6 11
-28.757566 3 2 6 11
-26.861741 4 1 2 6 11
-24.316134 3 3 6 11
-21.264011 4 1 3 6 11
-31.251424 4 0 4 6 11
-23.299628 4 3 4 6 11
-40.412505 2 7 11
-37.193712 3 1 7 11
-27.393869 4 0 2 7 11
-28.189119 4 1 2 7 11
-20.773757 5 0 1 2 7 11
-27.515557 4 2 3 7 11
-22.474562 5 1 2 3 7 11
-36.944973 3 4 7 11
-27.832013 4 2 4 7 11
-23.490728 5 0 2 4 7 11
-27.726601 5 1 2 4 7 11
-22.07711 5 2 3 4 7 11
-21.08098 6 1 2 3 4 7 11
-24.685357 5 1 2 5 7 11
-17.388075 6 0 1 2 5 7 11
-20.181017 5 1 3 5 7 11
-16.441248 6 1 2 3 5 7 11
-27.005089 5 2 4 5 7 11
-32.838215 4 1 6 7 11
-25.49896 5 0 2 6 7 11
-23.89698 5 1 2 6 7 11
-18.107146 6 0 1 2 6 7 11
-24.085518 5 2 3 6 7 11
-16.709664 6 1 2 3 6 7 11
-35.751953 4 4 6 7 11
-27.29763 5 2 4 6 7 11
-22.380557 6 0 2 4 6 7 11
-14.671184 7 0 1 2 4 6 7 11
-20.981336 6 2 3 4 6 7 11
-13.285228 7 1 2 3 4 6 7 11
-34.14073 2 8 11
-31.290424 3 0 8 11
-25.448154 3 2 8 11
-19.518651 4 0 2 8 11
-25.035911 3 3 8 11
-25.013038 4 0 3 8 11
-20.743254 4 2 3 8 11
-33.07854 3 4 8 11
-24.05004 4 2 4 8 11
-23.326606 4 3 4 8 11
-18.82882 5 2 3 4 8 11
-26.45311 3 5 8 11
-16.165893 4 2 5 8 11
-15.304258 5 0 2 5 8 11
-17.845535 4 3 5 8 11
-14.404677 5 2 3 5 8 11
-28.564592 3 6 8 11
-19.412001 4 2 6 8 11
-16.216319 5 0 2 6 8 11
-20.650387 4 3 6 8 11
-14.809366 5 2 3 6 8 11
-17.852532 5 2 4 6 8 11
-13.400566 6 0 2 4 6 8 11
-12.014974 6 2 3 4 6 8 11
-31.138592 4 2 7 10 11
-27.240838 5 1 2 7 10 11
-23.77396 5 2 4 7 10 11
-23.350912 6 1 2 4 7 10 11
-25.675165 5 2 6 7 10 11
-20.583504 6 1 2 6 7 10 11
-23.76243 6 2 4 6 7 10 11
-24.323937 4 2 8 10 11
-20.41774 5 2 4 8 10 11
-16.756105 5 2 6 8 10 11
-14.102069 6 2 4 6 8 10 11
-37.060593 1 12
-35.478524 2 3 12
-28.790462 2 5 12
-27.339096 3 2 5 12
-22.150929 3 3 5 12
-20.069284 4 3 5 7 12
-33.269902 4 3 6 7 12
-31.107396 5 2 3 6 7 12
-29.243337 6 2 3 4 6 7 12
-35.616467 2 8 12
-34.974705 3 3 8 12
-34.874792 4 2 3 8 12
-25.994901 3 5 8 12
-24.36492 4 2 5 8 12
-18.703502 4 3 5 8 12
-31.041143 3 6 8 12
-30.419417 5 2 3 6 8 12
-30.408566 4 4 6 8 12
-28.552784 6 2 3 4 6 8 12
-25.884533 4 5 6 8 12
-26.447941 4 2 5 10 12
-26.114323 6 0 2 5 7 10 12
-24.989805 7 0 2 5 6 7 10 12
-24.971564 8 0 1 2 5 6 7 10 12
-22.717351 5 2 5 8 10 12
-30.271646 3 2 11 12
-24.866181 4 2 5 11 12
-23.344985 6 0 2 5 7 11 12
-27.314093 5 2 6 7 11 12
-24.743401 6 0 2 6 7 11 12
-23.356117 6 2 3 6 7 11 12
-25.443371 6 2 4 6 7 11 12
-21.526348 7 0 2 4 6 7 11 12
-20.141029 7 2 3 4 6 7 11 12
-22.219113 7 0 2 5 6 7 11 12
-49.834552 2 7 13
-32.684168 3 0 7 13
-37.765733 3 2 7 13
-31.733908 3 3 7 13
-31.48748 4 0 3 7 13
-47.893677 3 4 7 13
-37.033608 4 2 4 7 13
-30.369718 4 3 4 7 13
-25.293919 3 5 7 13
-20.95524 4 3 5 7 13
-46.311927 3 6 7 13
-29.690953 4 0 6 7 13
-32.55372 4 2 6 7 13
-26.620156 4 3 6 7 13
-45.566558 4 4 6 7 13
-28.080932 5 0 4 6 7 13
-31.670558 5 2 4 6 7 13
-25.045016 5 3 4 6 7 13
-48.874101 3 4 8 13
-28.09422 4 1 5 8 13
-26.934519 5 0 1 5 8 13
-21.971276 5 1 3 5 8 13
-29.113015 4 4 5 8 13
-25.176961 5 3 4 5 8 13
-50.642114 3 6 8 13
-49.136938 4 1 6 8 13
-46.000909 4 4 6 8 13
-28.344159 5 4 5 6 8 13
-36.435113 5 2 4 7 10 13
-35.956484 2 11 13
-33.215362 3 0 11 13
-27.598202 3 2 11 13
-25.857872 4 0 2 11 13
-27.39146 3 3 11 13
-26.491764 4 2 3 11 13
-27.315319 4 2 4 11 13
-33.363367 3 5 11 13
-25.468047 4 2 5 11 13
-25.082605 5 2 3 5 11 13
-32.320971 3 6 11 13
-24.279252 4 2 6 11 13
-24.210556 4 3 6 11 13
-23.979206 5 2 3 6 11 13
-35.377047 3 7 11 13
-22.798058 5 0 2 7 11 13
-27.13801 4 3 7 11 13
-26.965466 5 0 3 7 11 13
-24.061785 5 2 3 7 11 13
-34.674286 4 4 7 11 13
-20.735344 5 2 5 7 11 13
-19.317603 6 0 2 5 7 11 13
-20.73379 5 3 5 7 11 13
-18.435035 6 2 3 5 7 11 13
-29.841335 4 6 7 11 13
-20.892248 6 0 2 6 7 11 13
-23.198625 5 3 6 7 11 13
-19.500585 6 2 3 6 7 11 13
-28.958759 5 4 6 7 11 13
-22.305068 6 2 4 6 7 11 13
-17.453353 7 0 2 4 6 7 11 13
-21.055088 6 3 4 6 7 11 13
-16.069981 7 2 3 4 6 7 11 13
-27.718448 5 4 6 8 11 13
-22.113303 6 2 6 7 10 11 13
-18.839156 7 2 4 6 7 10 11 13
-36.944872 3 7 12 13
-33.998329 4 6 7 12 13
-32.766532 5 4 6 7 12 13
-35.502034 3 8 12 13
-29.301674 5 4 6 8 12 13
-47.838957 2 4 15
-39.543575 5 2 7 8 10 15
-36.759749 6 2 4 7 8 10 15
-36.255968 7 2 4 6 7 8 10 15
-38.621714 2 11 15
-37.127987 3 4 11 15
-36.104372 3 6 11 15
-25.41784 6 2 4 5 7 11 15
-32.43233 3 8 11 15
-32.038749 4 4 8 11 15
-37.017468 4 2 7 12 15
-24.825944 5 2 5 7 12 15
-34.201244 5 2 6 7 12 15
-33.005615 6 2 4 6 7 12 15
-24.997095 7 2 4 6 7 11 12 15
-32.513136 6 1 3 6 8 13 15
-18.359325 1 16
-14.954222 2 2 16
-12.945426 2 5 16
-12.243883 3 2 6 16
-12.0155 4 1 2 6 16
-12.0155 4 2 3 6 16
-11.899961 5 1 2 3 6 16
-12.0155 4 2 6 7 16
-11.899961 5 1 2 6 7 16
-11.899961 5 2 3 6 7 16
-11.841847 6 1 2 3 6 7 16
-12.0155 4 2 6 8 16
-11.899961 5 1 2 6 8 16
-11.899961 5 2 3 6 8 16
-11.841847 6 1 2 3 6 8 16
-11.899961 5 2 6 7 8 16
-11.841847 6 1 2 6 7 8 16
-11.841847 6 2 3 6 7 8 16
-11.812704 7 1 2 3 6 7 8 16
-18.108651 3 6 13 16
10 13
-30.499715 0
-30.252628 1 1
-28.450549 2 0 2
-27.797106 1 3
-25.299116 2 1 3
-24.938732 2 2 3
-23.341078 3 1 2 3
-28.040552 2 0 4
-30.084848 2 0 7
-30.185952 1 8
-29.930345 3 0 1 8
-30.130773 2 11 15
-29.8625 3 1 11 15
11 150
-48.311057 0
-46.137289 1 0
-45.913341 1 1
-40.325032 2 0 1
-45.006435 2 1 2
-45.637131 2 0 3
-45.308133 2 1 3
-44.973505 1 4
-41.920121 2 0 4
-44.748866 2 2 4
-29.185697 1 5
-26.75809 2 1 5
-27.594897 2 4 5
-40.470726 1 7
-30.145013 2 0 7
-33.475297 2 2 7
-34.411717 2 3 7
-19.352842 2 5 7
-46.359225 1 8
-43.751524 2 0 8
-42.221623 2 1 8
-32.866555 3 0 1 8
-37.263045 3 1 2 8
-46.072392 2 3 8
-43.061858 3 0 3 8
-36.573554 3 1 3 8
-43.73102 2 4 8
-37.79402 3 0 4 8
-41.820684 3 2 4 8
-41.133171 3 3 4 8
-26.743192 2 5 8
-22.278735 3 1 5 8
-24.274151 3 4 5 8
-34.599145 1 9
-33.475297 2 2 9
-33.826695 2 3 9
-30.781458 3 0 3 9
-24.295831 3 2 5 9
-26.319316 3 3 5 9
-32.221565 2 6 9
-32.140426 3 2 6 9
-30.434803 4 0 3 6 9
-24.320965 2 7 9
-21.198383 3 2 7 9
-17.453261 4 0 2 7 9
-22.789029 4 0 3 7 9
-13.128682 4 2 5 7 9
-18.467096 4 3 5 7 9
-25.83336 2 8 9
-21.215553 3 2 8 9
-18.134674 4 0 2 8 9
-25.28708 3 3 8 9
-22.150724 4 0 3 8 9
-21.758621 3 5 8 9
-12.425662 4 2 5 8 9
-18.665938 4 3 5 8 9
-27.442663 1 12
-22.218694 2 5 12
-21.646438 3 0 5 12
-18.947067 3 1 5 12
-20.683225 3 3 5 12
-19.865893 4 2 3 5 12
-22.979291 2 7 12
-18.92469 3 5 7 12
-15.374689 5 2 3 5 7 12
-15.312115 6 1 2 3 5 7 12
-23.604437 2 8 12
-21.404056 4 0 5 8 12
-18.670485 4 1 5 8 12
-19.10223 4 2 5 8 12
-20.570911 4 3 5 8 12
-14.68671 5 2 3 5 8 12
-14.621562 6 1 2 3 5 8 12
-24.890554 3 2 9 12
-26.201961 3 3 9 12
-20.556446 4 2 5 9 12
-18.391352 4 2 7 9 12
-17.691757 4 2 8 9 12
-21.111761 3 5 10 12
-20.09562 4 0 5 10 12
-17.303053 4 1 5 10 12
-19.402982 4 2 5 10 12
-19.410644 4 3 5 10 12
-17.455523 5 2 5 7 10 12
-16.764108 5 2 5 8 10 12
-16.699981 6 1 2 5 8 10 12
-47.81717 1 13
-43.617149 2 0 13
-43.948281 2 1 13
-31.983381 3 0 1 13
-46.661839 2 2 13
-35.730665 3 1 2 13
-46.976066 2 3 13
-36.788314 3 1 3 13
-37.666949 3 0 4 13
-41.138339 3 2 4 13
-41.873428 3 3 4 13
-27.837176 2 5 13
-27.662853 3 0 5 13
-22.613036 3 1 5 13
-20.76511 4 0 1 5 13
-22.255182 4 1 2 5 13
-22.261864 4 1 3 5 13
-21.368841 5 1 2 3 5 13
-24.995494 3 4 5 13
-27.446787 2 9 13
-22.857648 3 2 9 13
-24.242556 4 0 3 9 13
-21.316366 5 0 2 3 9 13
-24.067539 3 5 9 13
-13.613059 4 2 5 9 13
-20.322677 4 3 5 9 13
-27.221023 3 3 12 13
-20.801996 4 2 5 12 13
-16.773569 5 2 3 5 12 13
-16.704731 6 1 2 3 5 12 13
-20.084357 4 2 9 12 13
-18.854403 5 2 5 10 12 13
-21.658357 4 5 8 9 15
-23.634571 5 0 7 9 10 15
-19.130572 5 5 7 9 10 15
-24.919931 4 8 9 10 15
-20.525471 5 5 8 9 10 15
-27.003724 2 12 15
-18.872701 5 2 5 7 12 15
-18.79405 6 1 2 5 7 12 15
-18.872701 5 2 5 8 12 15
-18.79405 6 2 5 7 8 12 15
-26.332067 3 9 12 15
-20.128309 4 5 10 12 15
-19.572671 5 0 5 10 12 15
-16.799387 5 1 5 10 12 15
-18.881427 5 3 5 10 12 15
-22.828189 5 8 9 10 12 15
-22.972292 4 5 9 13 15
-21.802593 5 5 9 10 13 15
-26.804472 3 12 13 15
-25.361507 5 9 10 12 13 15
-21.552974 1 16
-17.558479 2 0 16
-14.811627 2 5 16
-16.227122 2 12 16
-14.018017 3 5 12 16
-13.940704 4 1 5 12 16
-13.940704 4 3 5 12 16
-13.90188 5 1 3 5 12 16
-13.940704 4 5 8 12 16
-13.90188 5 1 5 8 12 16
-13.90188 5 3 5 8 12 16
-13.882426 6 1 3 5 8 12 16
12 160
-154.738027 0
-140.933366 1 0
-124.980005 1 1
-106.958431 2 0 1
-143.716803 1 2
-135.092697 2 0 2
-109.304476 2 1 2
-102.667551 3 0 1 2
-138.243106 1 3
-131.27343 2 0 3
-102.750936 2 1 3
-96.680154 3 0 1 3
-130.262292 1 4
-115.718817 2 0 4
-118.287576 2 1 4
-98.64767 3 0 1 4
-128.192217 2 2 4
-104.627684 3 1 2 4
-121.636077 2 3 4
-97.276379 3 1 3 4
-153.244684 1 5
-142.871311 2 2 5
-132.49885 1 7
-115.4846 2 0 7
-107.523008 2 1 7
-94.763295 3 0 1 7
-124.515676 2 2 7
-100.158282 3 1 2 7
-122.903247 2 3 7
-98.547231 3 1 3 7
-127.045361 2 4 7
-109.354285 3 0 4 7
-106.021842 3 1 4 7
-121.96601 3 2 4 7
-120.406088 3 3 4 7
-128.986414 1 8
-116.488514 2 0 8
-103.520829 2 1 8
-88.613998 3 0 1 8
-124.229072 2 2 8
-97.788178 3 1 2 8
-122.041979 2 3 8
-95.605768 3 1 3 8
-104.944743 2 4 8
-101.468994 3 0 4 8
-102.712222 3 1 4 8
-125.981127 2 5 8
-111.617663 2 7 8
-95.512624 3 0 7 8
-105.047582 3 2 7 8
-102.543722 3 3 7 8
-104.009145 4 2 4 7 8
-137.631868 1 9
-136.487318 2 0 9
-114.379083 2 1 9
-133.568019 2 2 9
-129.796313 3 0 2 9
-130.469685 2 3 9
-126.024048 3 0 3 9
-119.159087 2 4 9
-110.367414 3 1 4 9
-116.280744 2 7 9
-98.029967 3 1 7 9
-109.936286 2 8 9
-109.59774 3 0 8 9
-89.861486 3 1 8 9
-109.836128 3 2 8 9
-92.174567 3 4 8 9
-99.177923 3 7 8 9
-133.869632 1 11
-124.262351 2 0 11
-106.697209 2 1 11
-97.10404 3 0 1 11
-126.124908 2 2 11
-121.225571 3 0 2 11
-97.750173 3 1 2 11
-95.468989 4 0 1 2 11
-116.694967 2 3 11
-115.983066 3 0 3 11
-86.387518 3 1 3 11
-113.955501 2 4 11
-106.001103 3 0 4 11
-102.832379 3 1 4 11
-89.782577 4 0 1 4 11
-96.299898 4 1 2 4 11
-107.255448 3 3 4 11
-83.354917 4 1 3 4 11
-115.007415 2 7 11
-111.961127 3 0 7 11
-89.914855 3 1 7 11
-114.020612 3 3 7 11
-111.062406 3 4 7 11
-105.74923 4 0 4 7 11
-89.432825 4 1 4 7 11
-106.231625 2 8 11
-98.650015 3 0 8 11
-85.247118 3 1 8 11
-82.828527 4 0 1 8 11
-105.94337 3 2 8 11
-100.790154 3 3 8 11
-85.01959 4 1 3 8 11
-86.17092 3 4 8 11
-94.693697 3 7 8 11
-91.524073 4 0 7 8 11
-93.715137 4 3 7 8 11
-124.983276 3 2 9 11
-145.958066 1 13
-128.721177 2 0 13
-121.190089 2 1 13
-104.124547 3 0 1 13
-135.167882 2 2 13
-125.316927 3 0 2 13
-102.385139 4 0 1 2 13
-131.093337 2 3 13
-127.106692 3 0 3 13
-120.342228 2 4 13
-107.644621 3 0 4 13
-120.31763 3 2 4 13
-115.761252 3 3 4 13
-142.103231 2 5 13
-120.954972 3 1 5 13
-133.521144 3 2 5 13
-120.307783 2 7 13
-97.997619 3 0 7 13
-108.102174 3 2 7 13
-109.298575 3 3 7 13
-117.65709 3 4 7 13
-107.685125 4 2 4 7 13
-119.116336 3 5 7 13
-127.674292 2 9 13
-124.416829 3 0 9 13
-108.896217 3 1 9 13
-127.076096 3 2 9 13
-121.63591 4 0 2 9 13
-123.101229 3 3 9 13
-120.725304 4 0 3 9 13
-107.053845 3 4 9 13
-124.907207 4 2 5 9 13
-121.607315 5 0 2 5 9 13
-122.057001 4 3 5 9 13
-107.418102 3 7 9 13
-127.540179 2 11 13
-112.734619 3 0 11 13
-118.310822 3 2 11 13
-110.122709 4 0 2 11 13
-111.338293 3 3 11 13
-106.263785 3 4 11 13
-100.170063 4 0 4 11 13
-103.682109 4 3 4 11 13
-104.486162 3 7 11 13
-97.873516 4 0 7 11 13
-104.001525 4 3 7 11 13
-102.075896 4 4 7 11 13
-153.471604 1 15
-152.012051 2 5 15
-129.648102 2 11 15
-105.455817 3 1 11 15
-122.581266 3 11 13 15
-82.78625 1 16
-77.460397 2 11 16
13 59
-60.141388 0
-55.200783 1 1
-51.396652 2 1 2
-58.079389 2 0 3
-51.954869 2 1 3
-51.117427 3 0 1 3
-54.927335 2 1 4
-59.703736 3 0 2 4
-49.813631 3 1 2 4
-50.197835 3 1 3 4
-57.997412 1 7
-40.734155 2 1 7
-57.527819 3 0 4 7
-36.869535 1 8
-36.063864 2 1 8
-35.229047 2 2 8
-34.936134 3 1 2 8
-36.825175 2 4 8
-35.756126 2 7 8
-34.620508 3 2 7 8
-51.269698 2 7 9
-39.293444 3 1 7 9
-35.595736 3 1 8 9
-34.86966 4 1 2 8 9
-35.861118 3 4 8 9
-35.179597 3 7 8 9
-33.840426 4 2 7 8 9
-59.647501 1 11
-53.235723 2 1 11
-48.127524 3 0 1 11
-57.49924 2 2 11
-42.120883 3 1 2 11
-57.922391 2 3 11
-56.224922 3 0 3 11
-43.43505 3 1 3 11
-58.680017 3 0 4 11
-56.190824 4 0 2 4 11
-55.149146 2 9 11
-51.099473 3 1 9 11
-53.684165 3 2 9 11
-53.593123 5 0 2 3 9 11
-51.361428 1 12
-50.518477 2 0 12
-50.459106 3 0 5 12
-45.806345 2 7 12
-44.025565 3 0 7 12
-45.097685 3 2 7 12
-42.46051 4 0 5 7 12
-42.407057 3 7 9 12
-41.577445 4 0 7 9 12
-48.682792 3 0 11 12
-49.685154 3 2 11 12
-59.64069 1 15
-54.358268 2 1 15
-59.193375 2 11 15
-51.735985 3 1 11 15
-42.92291 3 7 12 15
-34.273633 1 16
-32.11212 2 2 16
14 3
-41.315045 0
-40.349278 1 5
-38.482972 1 6
15 20
-71.704761 0
-63.673262 1 0
-60.491122 1 2
-56.777299 1 3
-67.285016 1 4
-59.054864 2 0 4
-68.223404 1 7
-66.094904 1 8
-60.524879 2 0 8
-63.796665 2 4 8
-65.644367 2 4 9
-71.329171 3 9 10 11
-70.438338 1 12
-69.9994 2 11 12
-67.823441 3 9 11 12
-69.998076 3 10 11 12
-71.204062 1 13
-68.807891 3 11 12 13
-63.838303 1 16
-63.217731 2 7 16
16 746
-183.236832 0
-135.469097 1 0
-136.662838 1 1
-100.718871 2 0 1
-133.572503 1 2
-124.870717 2 0 2
-99.01455 2 1 2
-91.696764 3 0 1 2
-118.715827 1 3
-115.85232 2 0 3
-81.682097 2 1 3
-79.812239 3 0 1 3
-159.976938 1 4
-112.603308 2 0 4
-131.917272 2 1 4
-94.787745 3 0 1 4
-119.809898 2 2 4
-110.941057 3 0 2 4
-96.15599 3 1 2 4
-102.526091 2 3 4
-76.68545 3 1 3 4
-167.905623 1 5
-129.534578 2 0 5
-121.210989 2 1 5
-97.761442 3 0 1 5
-119.696095 2 2 5
-110.480673 3 0 2 5
-86.089955 3 1 2 5
-77.53566 4 0 1 2 5
-110.118098 2 3 5
-74.479137 3 1 3 5
-109.906984 3 2 3 5
-73.39756 4 1 2 3 5
-149.863487 2 4 5
-114.194034 3 2 4 5
-105.180791 4 0 2 4 5
-102.420761 3 3 4 5
-129.48994 1 7
-94.614179 2 0 7
-104.371552 2 1 7
-72.414371 3 0 1 7
-98.351256 2 2 7
-93.607786 3 0 2 7
-73.16809 3 1 2 7
-71.954941 4 0 1 2 7
-87.68826 2 3 7
-86.614485 3 0 3 7
-61.123596 3 1 3 7
-125.801511 2 4 7
-90.066441 3 0 4 7
-96.868606 3 2 4 7
-84.875241 3 3 4 7
-112.80639 2 5 7
-93.427689 3 0 5 7
-86.74023 3 1 5 7
-68.809907 4 0 1 5 7
-90.720181 3 2 5 7
-86.654741 4 0 2 5 7
-62.831575 4 1 2 5 7
-61.256525 5 0 1 2 5 7
-87.564314 3 3 5 7
-58.914494 4 1 3 5 7
-85.043837 4 2 3 5 7
-55.384752 5 1 2 3 5 7
-139.588055 1 8
-92.077529 2 0 8
-95.006634 2 1 8
-62.051635 3 0 1 8
-96.283829 2 2 8
-90.863218 3 0 2 8
-68.35278 3 1 2 8
-83.235182 2 3 8
-53.917424 3 1 3 8
-115.90144 2 4 8
-78.021752 3 0 4 8
-94.716517 3 1 4 8
-80.273337 3 2 4 8
-65.457907 3 3 4 8
-53.87984 4 1 3 4 8
-124.014221 2 5 8
-85.24697 3 0 5 8
-78.446113 3 1 5 8
-60.09357 4 0 1 5 8
-81.309876 3 2 5 8
-79.949767 4 0 2 5 8
-56.761923 4 1 2 5 8
-53.90339 5 0 1 2 5 8
-75.030259 3 3 5 8
-49.788269 4 1 3 5 8
-74.259731 4 2 3 5 8
-47.58125 5 1 2 3 5 8
-106.442694 3 4 5 8
-73.808367 4 2 4 5 8
-104.574387 2 7 8
-69.27188 3 0 7 8
-73.482678 3 2 7 8
-68.20966 4 0 2 7 8
-68.163254 4 1 2 7 8
-61.228267 3 3 7 8
-102.671142 3 4 7 8
-72.881143 4 2 4 7 8
-60.285669 4 3 4 7 8
-86.892906 3 5 7 8
-63.071525 4 2 5 7 8
-61.947448 5 0 2 5 7 8
-54.599689 5 1 2 5 7 8
-59.067904 4 3 5 7 8
-55.625307 5 2 3 5 7 8
-147.429406 1 9
-113.659108 2 0 9
-105.081574 2 1 9
-90.743745 3 0 1 9
-101.240613 2 2 9
-96.515669 3 0 2 9
-76.075973 3 1 2 9
-74.87221 4 0 1 2 9
-94.570035 2 3 9
-94.206341 3 0 3 9
-68.715312 3 1 3 9
-93.556173 3 2 3 9
-92.974313 4 0 2 3 9
-67.393752 4 1 2 3 9
-131.792779 2 4 9
-102.261974 3 0 4 9
-104.07177 3 1 4 9
-87.296804 4 0 1 4 9
-99.776488 3 2 4 9
-93.068575 4 0 2 4 9
-92.467097 3 3 4 9
-146.285695 2 5 9
-111.438785 3 0 5 9
-103.128494 3 1 5 9
-85.873097 4 0 1 5 9
-98.767614 3 2 5 9
-89.220139 4 0 2 5 9
-70.944906 4 1 2 5 9
-62.939435 5 0 1 2 5 9
-92.529178 3 3 5 9
-64.225838 4 1 3 5 9
-91.432301 4 2 3 5 9
-62.012876 5 1 2 3 5 9
-85.119348 5 0 1 4 5 9
-93.125683 2 7 9
-76.49927 3 0 7 9
-72.711716 3 1 7 9
-61.11854 4 0 1 7 9
-69.687604 3 2 7 9
-67.694923 4 0 2 7 9
-48.491025 4 1 2 7 9
-69.614176 3 3 7 9
-69.517507 4 0 3 7 9
-48.417259 4 1 3 7 9
-66.149193 4 2 3 7 9
-65.816184 5 0 2 3 7 9
-44.912246 5 1 2 3 7 9
-89.908223 3 5 7 9
-72.059603 4 0 5 7 9
-68.711838 4 1 5 7 9
-57.249287 5 0 1 5 7 9
-66.864099 4 2 5 7 9
-62.069543 5 0 2 5 7 9
-43.314661 5 1 2 5 7 9
-68.209583 4 3 5 7 9
-63.836367 5 2 3 5 7 9
-104.027613 2 8 9
-68.579468 3 0 8 9
-62.689281 3 1 8 9
-49.428914 4 0 1 8 9
-60.612315 3 2 8 9
-59.196479 4 0 2 8 9
-42.000588 4 1 2 8 9
-40.715815 5 0 1 2 8 9
-57.574 3 3 8 9
-40.203842 4 1 3 8 9
-56.468116 4 2 3 8 9
-38.04516 5 1 2 3 8 9
-88.359151 3 4 8 9
-64.466932 4 0 4 8 9
-55.833168 4 2 4 8 9
-52.726597 4 3 4 8 9
-52.109594 5 2 3 4 8 9
-47.959118 5 0 1 5 8 9
-40.465998 5 1 2 5 8 9
-38.624308 6 0 1 2 5 8 9
-39.363118 5 1 3 5 8 9
-35.990368 6 1 2 3 5 8 9
-73.859671 3 7 8 9
-57.988206 4 0 7 8 9
-49.824995 4 2 7 8 9
-48.27449 5 0 2 7 8 9
-49.01255 4 3 7 8 9
-45.603834 5 2 3 7 8 9
-73.5265 4 5 7 8 9
-57.940209 5 0 5 7 8 9
-48.912933 5 2 5 7 8 9
-47.364823 6 0 2 5 7 8 9
-37.931827 6 1 2 5 7 8 9
-44.730883 6 2 3 5 7 8 9
-156.478749 1 11
-106.890286 2 0 11
-112.386393 2 1 11
-78.28133 3 0 1 11
-107.821801 2 2 11
-95.76387 3 0 2 11
-77.988247 3 1 2 11
-67.895383 4 0 1 2 11
-90.860718 2 3 11
-88.10268 3 0 3 11
-58.386823 3 1 3 11
-57.606172 4 0 1 3 11
-138.616251 2 4 11
-90.587667 3 0 4 11
-109.947518 3 1 4 11
-72.946445 4 0 1 4 11
-100.957635 3 2 4 11
-86.877233 4 0 2 4 11
-77.185327 4 1 2 4 11
-67.792631 5 0 1 2 4 11
-81.389075 3 3 4 11
-80.939985 4 0 3 4 11
-55.358187 4 1 3 4 11
-153.531553 2 5 11
-109.534604 3 1 5 11
-102.739776 3 2 5 11
-90.372145 4 0 2 5 11
-71.257047 4 1 2 5 11
-59.157118 5 0 1 2 5 11
-100.645078 4 2 4 5 11
-111.927441 2 7 11
-83.684006 3 0 7 11
-86.075163 3 1 7 11
-60.361628 4 0 1 7 11
-89.543338 3 2 7 11
-80.802715 4 0 2 7 11
-63.11322 4 1 2 7 11
-57.277313 5 0 1 2 7 11
-76.565506 3 3 7 11
-74.919703 4 0 3 7 11
-48.745967 4 1 3 7 11
-109.299907 3 4 7 11
-78.6908 4 0 4 7 11
-88.169459 4 2 4 7 11
-76.157426 5 0 2 4 7 11
-56.860622 6 0 1 2 4 7 11
-73.859263 4 3 4 7 11
-73.692691 5 0 3 4 7 11
-48.42719 5 1 3 4 7 11
-108.316792 3 5 7 11
-81.124242 4 1 5 7 11
-59.244872 5 0 1 5 7 11
-83.501609 4 2 5 7 11
-75.752281 5 0 2 5 7 11
-53.772547 5 1 2 5 7 11
-47.766221 6 0 1 2 5 7 11
-46.096568 6 1 2 3 5 7 11
-114.865725 2 8 11
-66.213495 3 0 8 11
-74.79787 3 1 8 11
-47.579507 4 0 1 8 11
-73.505694 3 2 8 11
-63.747641 4 0 2 8 11
-55.604438 4 1 2 8 11
-45.28877 5 0 1 2 8 11
-59.175649 3 3 8 11
-39.887907 4 1 3 8 11
-96.105635 3 4 8 11
-60.615899 4 0 4 8 11
-64.855974 4 2 4 8 11
-58.734951 5 0 2 4 8 11
-48.763263 4 3 4 8 11
-39.278844 5 1 3 4 8 11
-112.352734 3 5 8 11
-71.725899 4 1 5 8 11
-65.789497 4 2 5 8 11
-61.578026 5 0 2 5 8 11
-45.566167 5 1 2 5 8 11
-39.717739 6 0 1 2 5 8 11
-39.504789 5 1 3 5 8 11
-37.596911 6 1 2 3 5 8 11
-62.656495 5 2 4 5 8 11
-86.279294 3 7 8 11
-56.542582 4 0 7 8 11
-63.428845 4 2 7 8 11
-52.847444 5 0 2 7 8 11
-48.850982 4 3 7 8 11
-84.900326 4 4 7 8 11
-62.246722 5 2 4 7 8 11
-47.333759 5 3 4 7 8 11
-81.277652 4 5 7 8 11
-54.013102 5 2 5 7 8 11
-48.458254 6 0 2 5 7 8 11
-43.712757 6 1 2 5 7 8 11
-46.337426 6 2 3 5 7 8 11
-135.882492 2 9 11
-95.277761 3 0 9 11
-93.104439 3 1 9 11
-72.031815 4 0 1 9 11
-92.451221 3 2 9 11
-83.719984 4 0 2 9 11
-66.030488 4 1 2 9 11
-60.199307 5 0 1 2 9 11
-84.157518 3 3 9 11
-83.213246 4 0 3 9 11
-57.03951 4 1 3 9 11
-83.093316 4 2 3 9 11
-81.885923 5 0 2 3 9 11
-55.619256 5 1 2 3 9 11
-122.011434 3 4 9 11
-84.794832 4 0 4 9 11
-92.54083 4 1 4 9 11
-67.773159 5 0 1 4 9 11
-91.086727 4 2 4 9 11
-79.07942 5 0 2 4 9 11
-59.784986 6 0 1 2 4 9 11
-132.815997 3 5 9 11
-89.900355 4 1 5 9 11
-68.859663 5 0 1 5 9 11
-90.498234 4 2 5 9 11
-79.140757 5 0 2 5 9 11
-60.80585 5 1 2 5 9 11
-50.925046 6 0 1 2 5 9 11
-82.458568 4 3 5 9 11
-52.267159 5 1 3 5 9 11
-81.415282 5 2 3 5 9 11
-50.027399 6 1 2 3 5 9 11
-66.869567 6 0 1 4 5 9 11
-70.344273 4 0 7 9 11
-72.063488 4 1 7 9 11
-53.2138 5 0 1 7 9 11
-68.977579 4 3 7 9 11
-68.44265 5 0 3 7 9 11
-46.66321 5 1 3 7 9 11
-86.292019 4 5 7 9 11
-64.406901 5 0 5 7 9 11
-63.351864 5 1 5 7 9 11
-47.766221 6 0 1 5 7 9 11
-66.354449 5 3 5 7 9 11
-46.096568 6 1 3 5 7 9 11
-101.60843 3 8 9 11
-58.405379 4 0 8 9 11
-60.595738 4 1 8 9 11
-39.897076 5 0 1 8 9 11
-56.224894 4 3 8 9 11
-37.755931 5 1 3 8 9 11
-87.220213 4 4 8 9 11
-54.818919 5 0 4 8 9 11
-100.266825 4 5 8 9 11
-57.743099 5 1 5 8 9 11
-37.785103 6 0 1 5 8 9 11
-35.664275 6 1 3 5 8 9 11
-73.216172 4 7 8 9 11
-49.400917 5 0 7 8 9 11
-47.259772 5 3 7 8 9 11
-68.855109 5 5 7 8 9 11
-48.458254 6 0 5 7 8 9 11
-46.337426 6 3 5 7 8 9 11
-111.285055 1 12
-78.156203 2 0 12
-98.246721 2 1 12
-78.607589 2 2 12
-67.036608 2 3 12
-103.38679 2 5 12
-74.161941 3 0 5 12
-88.834513 3 1 5 12
-66.804365 3 2 5 12
-61.627175 3 3 5 12
-59.358848 4 2 3 5 12
-85.457268 2 7 12
-68.940036 3 0 7 12
-67.577026 3 2 7 12
-57.552519 3 3 7 12
-74.300013 3 5 7 12
-62.779247 4 0 5 7 12
-52.107619 4 2 5 7 12
-49.676817 4 3 5 7 12
-43.02533 5 2 3 5 7 12
-42.917875 6 1 2 3 5 7 12
-97.165529 2 8 12
-63.442331 3 0 8 12
-82.347416 3 1 8 12
-65.108956 3 2 8 12
-52.054814 3 3 8 12
-92.274186 3 5 8 12
-58.922721 4 0 5 8 12
-74.56739 4 1 5 8 12
-51.550226 4 2 5 8 12
-50.247879 5 0 2 5 8 12
-45.820291 4 3 5 8 12
-41.088296 5 2 3 5 8 12
-40.976416 6 1 2 3 5 8 12
-73.449666 4 5 7 8 12
-48.691757 5 2 5 7 8 12
-100.020213 2 9 12
-69.340097 3 0 9 12
-85.879092 3 1 9 12
-60.309527 3 2 9 12
-59.276951 3 3 9 12
-57.024491 4 2 3 9 12
-94.434428 3 5 9 12
-63.830561 4 0 5 9 12
-77.40485 4 1 5 9 12
-56.514259 5 2 3 5 9 12
-74.212171 3 7 9 12
-58.641718 4 0 7 9 12
-46.534296 4 2 7 9 12
-49.080227 4 3 7 9 12
-43.130033 5 2 3 7 9 12
-64.115756 4 5 7 9 12
-55.99378 5 0 5 7 9 12
-44.966789 5 2 5 7 9 12
-89.267928 3 8 9 12
-56.361116 4 0 8 9 12
-47.973616 4 2 8 9 12
-46.691048 5 0 2 8 9 12
-46.799626 4 3 8 9 12
-42.794155 5 2 3 8 9 12
-86.731734 4 5 8 9 12
-52.119712 5 0 5 8 9 12
-44.861556 6 2 5 7 8 9 12
-100.069514 2 11 12
-66.850445 3 0 11 12
-87.387033 3 1 11 12
-65.692592 3 2 11 12
-65.581003 4 0 2 11 12
-55.8636 3 3 11 12
-95.186113 3 5 11 12
-83.828149 4 1 5 11 12
-58.405893 4 2 5 11 12
-57.983391 5 0 2 5 11 12
-54.884654 4 3 5 11 12
-54.086498 5 2 3 5 11 12
-80.62903 3 7 11 12
-62.478395 4 0 7 11 12
-59.235355 4 2 7 11 12
-59.153096 5 0 2 7 11 12
-50.795347 4 3 7 11 12
-70.696395 4 5 7 11 12
-56.68176 5 0 5 7 11 12
-47.600041 5 2 5 7 11 12
-46.812244 6 0 2 5 7 11 12
-46.757097 7 0 1 2 5 7 11 12
-43.02533 5 3 5 7 11 12
-42.917875 6 1 3 5 7 11 12
-42.917875 6 2 3 5 7 11 12
-42.863999 7 1 2 3 5 7 11 12
-90.331949 3 8 11 12
-56.305974 4 0 8 11 12
-56.099964 4 2 8 11 12
-54.242507 5 0 2 8 11 12
-44.622925 4 3 8 11 12
-83.754127 4 5 8 11 12
-52.807691 5 0 5 8 11 12
-69.798785 5 1 5 8 11 12
-47.041539 5 2 5 8 11 12
-44.870785 6 0 2 5 8 11 12
-39.151261 5 3 5 8 11 12
-39.034957 6 1 3 5 8 11 12
-79.83605 4 7 8 11 12
-68.680516 5 5 7 8 11 12
-42.917875 6 2 5 7 8 11 12
-42.863999 7 1 2 5 7 8 11 12
-87.209618 3 9 11 12
-56.441016 4 0 9 11 12
-72.640802 4 1 9 11 12
-55.576181 4 2 9 11 12
-54.989878 5 0 2 9 11 12
-52.53915 4 3 9 11 12
-51.092985 5 2 3 9 11 12
-84.179001 4 5 9 11 12
-55.91873 5 0 5 9 11 12
-70.899422 5 1 5 9 11 12
-55.337404 5 2 5 9 11 12
-53.862862 6 0 2 5 9 11 12
-52.021837 5 3 5 9 11 12
-49.968492 6 2 3 5 9 11 12
-66.454335 4 7 9 11 12
-48.97135 5 0 7 9 11 12
-45.074457 5 3 7 9 11 12
-58.852035 5 5 7 9 11 12
-48.755925 6 0 5 7 9 11 12
-44.861556 6 2 5 7 9 11 12
-80.112227 4 8 9 11 12
-46.689859 5 0 8 9 11 12
-42.792966 5 3 8 9 11 12
-76.515004 5 5 8 9 11 12
-44.873007 6 0 5 8 9 11 12
-157.369077 1 13
-109.605797 2 0 13
-117.204132 2 1 13
-82.845116 3 0 1 13
-105.499091 2 2 13
-98.312596 3 0 2 13
-80.80692 3 1 2 13
-73.242726 4 0 1 2 13
-94.019574 2 3 13
-67.230666 3 1 3 13
-134.87785 2 4 13
-90.043512 3 0 4 13
-116.299791 3 1 4 13
-80.412886 4 0 1 4 13
-90.904108 3 2 4 13
-88.464036 4 0 2 4 13
-77.636988 3 3 4 13
-144.881208 2 5 13
-104.390095 3 0 5 13
-104.306102 3 1 5 13
-80.656025 4 0 1 5 13
-92.352152 3 2 5 13
-86.439869 4 0 2 5 13
-70.035521 4 1 2 5 13
-62.049325 5 0 1 2 5 13
-86.427988 3 3 5 13
-61.927018 4 1 3 5 13
-80.762876 4 2 3 5 13
-55.733793 5 1 2 3 5 13
-129.338238 3 4 5 13
-86.83093 4 2 4 5 13
-81.934146 5 0 2 4 5 13
-73.849459 5 2 3 4 5 13
-108.448835 2 7 13
-72.906681 3 0 7 13
-102.359808 3 1 7 13
-67.327626 4 0 1 7 13
-70.716338 3 2 7 13
-65.419448 4 0 2 7 13
-65.211311 4 1 2 7 13
-61.879136 5 0 1 2 7 13
-64.896948 3 3 7 13
-58.699914 4 1 3 7 13
-61.848753 4 2 3 7 13
-57.696309 5 1 2 3 7 13
-106.809875 3 4 7 13
-69.919388 4 2 4 7 13
-63.468501 4 3 4 7 13
-61.472039 5 2 3 4 7 13
-92.402391 3 5 7 13
-84.889615 4 1 5 7 13
-62.530437 4 2 5 7 13
-61.536411 5 0 2 5 7 13
-53.973668 5 1 2 5 7 13
-64.682236 4 3 5 7 13
-55.220878 5 2 3 5 7 13
-50.17641 6 1 2 3 5 7 13
-138.460596 2 8 13
-90.795868 3 0 8 13
-94.243804 3 2 8 13
-88.524492 4 0 2 8 13
-67.833913 4 1 2 8 13
-61.668177 5 0 1 2 8 13
-81.275466 3 3 8 13
-53.481768 4 1 3 8 13
-79.76313 4 2 4 8 13
-78.005178 5 0 2 4 8 13
-120.794975 2 9 13
-86.099406 3 0 9 13
-84.472256 3 1 9 13
-71.389313 4 0 1 9 13
-70.833595 3 2 9 13
-66.633389 4 0 2 9 13
-57.536496 4 1 2 9 13
-53.871335 5 0 1 2 9 13
-67.935318 3 3 9 13
-54.633709 4 1 3 9 13
-61.767365 4 2 3 9 13
-48.389834 5 1 2 3 9 13
-105.035158 3 4 9 13
-76.123165 4 0 4 9 13
-69.74141 5 0 1 4 9 13
-67.573023 4 2 4 9 13
-66.627707 5 0 2 4 9 13
-64.730844 4 3 4 9 13
-58.522625 5 2 3 4 9 13
-84.707106 4 0 5 9 13
-66.327528 5 0 1 5 9 13
-68.745208 4 2 5 9 13
-61.970249 5 0 2 5 9 13
-51.843798 5 1 2 5 9 13
-44.476558 6 0 1 2 5 9 13
-66.918078 4 3 5 9 13
-50.432972 5 1 3 5 9 13
-59.320353 5 2 3 5 9 13
-41.845944 6 1 2 3 5 9 13
-66.28526 6 0 1 4 5 9 13
-80.481079 3 7 9 13
-64.693765 4 0 7 9 13
-58.766211 5 0 1 7 9 13
-50.887958 4 2 7 9 13
-49.254938 5 0 2 7 9 13
-43.618017 5 1 2 7 9 13
-56.230292 4 3 7 9 13
-46.584539 5 2 3 7 9 13
-41.223179 6 1 2 3 7 9 13
-67.896622 4 0 8 9 13
-58.570803 4 2 8 9 13
-56.815209 5 0 2 8 9 13
-55.97484 4 3 8 9 13
-54.14481 5 2 3 8 9 13
-135.272154 2 11 13
-87.85766 3 0 11 13
-100.00783 3 1 11 13
-73.905997 4 0 1 11 13
-86.878244 3 2 11 13
-74.48732 4 0 2 11 13
-74.324869 4 1 2 11 13
-61.769378 5 0 1 2 11 13
-73.795487 3 3 11 13
-118.317386 3 4 11 13
-77.459563 4 0 4 11 13
-99.979655 4 1 4 11 13
-70.891457 5 0 1 4 11 13
-80.928604 4 2 4 11 13
-73.207977 5 0 2 4 11 13
-65.641016 4 3 4 11 13
-134.408261 3 5 11 13
-99.523868 4 1 5 11 13
-81.004178 4 2 5 11 13
-71.602481 5 0 2 5 11 13
-65.49873 5 1 2 5 11 13
-54.829723 6 0 1 2 5 11 13
-58.074468 5 1 3 5 11 13
-69.478777 5 2 3 5 11 13
-52.717719 6 1 2 3 5 11 13
-93.787441 3 7 11 13
-66.331238 4 0 7 11 13
-59.767898 5 0 1 7 11 13
-66.260874 4 2 7 11 13
-55.742751 5 0 2 7 11 13
-59.706464 5 1 2 7 11 13
-50.37834 6 0 1 2 7 11 13
-58.406589 4 3 7 11 13
-55.772255 5 2 3 7 11 13
-92.913409 4 4 7 11 13
-65.000301 5 2 4 7 11 13
-56.514259 5 3 4 7 11 13
-54.82779 6 2 3 4 7 11 13
-88.965019 4 5 7 11 13
-79.860545 5 1 5 7 11 13
-59.884024 5 2 5 7 11 13
-54.303896 6 0 2 5 7 11 13
-49.567223 6 1 2 5 7 11 13
-52.191891 6 2 3 5 7 11 13
-45.925674 7 1 2 3 5 7 11 13
-63.303022 5 0 2 8 11 13
-79.400934 4 0 9 11 13
-65.782589 5 0 1 9 11 13
-70.060318 5 0 4 9 11 13
-62.838841 6 0 1 4 9 11 13
-117.788848 4 5 9 11 13
-77.391756 5 0 5 9 11 13
-80.708741 5 1 5 9 11 13
-59.800727 6 0 1 5 9 11 13
-65.695636 5 3 5 9 11 13
-47.403843 6 1 3 5 9 11 13
-69.611552 6 0 4 5 9 11 13
-57.83258 7 0 1 4 5 9 11 13
-59.652302 5 0 7 9 11 13
-51.927188 6 0 1 7 9 11 13
-79.425731 5 5 7 9 11 13
-106.678501 2 12 13
-73.280617 3 0 12 13
-96.909169 3 1 12 13
-73.879436 3 2 12 13
-63.821363 3 3 12 13
-100.244784 3 5 12 13
-69.765428 4 0 5 12 13
-86.673216 4 1 5 12 13
-62.557075 4 2 5 12 13
-61.766263 5 0 2 5 12 13
-58.600033 4 3 5 12 13
-54.548139 5 2 3 5 12 13
-94.691239 3 9 12 13
-59.947752 4 0 9 12 13
-83.065246 4 1 9 12 13
-52.807527 4 2 9 12 13
-50.252074 5 0 2 9 12 13
-52.323296 4 3 9 12 13
-48.29664 5 2 3 9 12 13
-89.207408 4 5 9 12 13
-57.971669 5 0 5 9 12 13
-72.387631 5 1 5 9 12 13
-97.111969 3 11 12 13
-66.796125 4 0 11 12 13
-87.305095 4 1 11 12 13
-63.469217 5 0 2 11 12 13
-89.200606 4 5 11 12 13
-64.326075 5 0 5 11 12 13
-78.742037 5 1 5 11 12 13
-57.073498 6 0 2 5 11 12 13
-52.611105 5 3 5 11 12 13
-82.646834 4 9 11 12 13
-50.250176 5 0 9 11 12 13
-70.210298 5 1 9 11 12 13
-48.294742 5 3 9 11 12 13
-78.966708 5 5 9 11 12 13
-66.52706 6 1 5 9 11 12 13
-175.370375 1 15
-130.150662 2 1 15
-158.06875 2 4 15
-163.572872 2 5 15
-116.449929 3 1 5 15
-124.484268 2 7 15
-99.19125 3 1 7 15
-71.332141 4 0 1 7 15
-69.563872 5 0 1 2 7 15
-121.284733 3 4 7 15
-111.13585 3 5 7 15
-82.187344 4 1 5 7 15
-61.595874 5 1 2 5 7 15
-61.252463 6 0 1 2 5 7 15
-102.095683 3 7 8 15
-142.916166 2 9 15
-102.000414 3 1 9 15
-99.675933 4 1 5 9 15
-89.534161 3 7 9 15
-73.602367 4 0 7 9 15
-67.162632 4 1 7 9 15
-54.566279 5 0 1 7 9 15
-85.762879 4 5 7 9 15
-62.387261 5 1 5 7 9 15
-73.631518 4 7 8 9 15
-71.42146 5 5 7 8 9 15
-148.768282 2 11 15
-105.028031 3 1 11 15
-136.958069 3 4 11 15
-105.948836 3 7 11 15
-78.702656 4 1 7 11 15
-103.757737 4 4 7 11 15
-74.745522 5 1 5 7 11 15
-53.517995 6 1 2 5 7 11 15
-81.675034 4 7 8 11 15
-80.283214 5 5 7 8 11 15
-133.90019 3 9 11 15
-91.008519 4 1 9 11 15
-87.80728 5 1 5 9 11 15
-66.349537 5 1 7 9 11 15
-51.896592 6 0 1 7 9 11 15
-85.5226 5 5 7 9 11 15
-59.688477 6 1 5 7 9 11 15
-83.951807 3 7 12 15
-72.763391 4 5 7 12 15
-71.48051 4 7 9 12 15
-79.543509 4 7 11 12 15
-67.817704 5 5 7 11 12 15
-157.131646 2 13 15
-108.067457 3 7 13 15
-92.515041 4 7 11 13 15